-2.33818889 1.48523402 3.36779404
-2.95124412 2.32311392 4.44966078
-1.24472201 1.61217105 3.42544603
-3.60035610 3.01837397 6.66515493
-1.75469196 2.42715907 5.30349112
0.03843200 1.65540802 4.57041979
-4.12675095 3.46886301 9.61738968
-2.32821202 2.99558210 8.07023239
-4.48873901 3.74213004 13.01123714
-2.85697198 3.36472106 11.40025520
-1.11669505 2.88510799 10.23457718
-0.51182598 2.37930608 7.04966593
1.22743595 1.66546500 6.70423698
0.59828198 2.33349204 9.54540253
2.22161889 1.66036701 9.47511864
-4.70736504 3.99126911 16.54478073
-3.30058408 3.64605689 14.99500275
-4.78486395 4.30920410 19.97591782
-3.65504503 3.97819591 18.56639671
-2.30050993 3.64370489 17.43653870
-4.69186687 4.70077085 23.07479095
-3.84398293 4.40089798 21.87147522
-4.50162315 4.95030785 25.60075760
-3.90612102 4.81130409 24.79484177
-3.01816010 4.53605223 24.02153015
-2.73464704 4.08173800 20.86431503
-1.42703903 3.71914291 19.95338249
-1.90621400 4.17269516 23.22479630
-0.61885899 3.71960711 22.41054726
1.52388799 2.31384492 12.41888905
3.00287795 1.58326101 12.45157719
0.77005899 2.80678296 15.73736000
2.26380301 2.21001601 15.27501774
3.62317801 1.50574696 15.26688957
0.01160700 3.27678204 19.10158157
1.49319696 2.72429299 18.38768196
0.79073799 3.14702797 21.60183334
2.22551894 2.48089600 20.87813950
2.90184808 2.06947494 17.91725540
4.12638903 1.34203696 17.87559509
3.54050994 1.72295105 20.43074036
4.51291704 1.02913499 20.06741524
-0.79110301 3.28744602 16.50765228
-0.07271700 2.84437490 12.93710327
-1.71620905 3.26796508 13.81365585
-4.67149019 5.27162600 27.46805191
-3.88364506 5.06707191 27.46527100
-4.86954021 5.77654314 29.89589691
-3.94987512 5.51908207 30.00168991
-3.11284399 5.14674091 29.81135368
-5.07308388 6.38544512 32.60481262
-4.06222582 6.13181305 32.74925232
-5.27421093 7.02983713 35.47327805
-4.20728302 6.82727480 35.62602615
-3.27995300 6.43137312 35.61368561
-3.17574501 5.71521091 32.67074585
-2.31921411 5.14807701 32.36776352
-2.43532705 5.86164284 35.40885162
-1.59246099 5.21528482 35.01385498
-5.48871517 7.51855087 38.36048889
-4.37973404 7.48745394 38.49932098
-5.79748678 7.79487419 41.13497925
-4.65527105 7.97840691 41.24353409
-3.61323595 7.77536678 41.25166321
-6.23801994 7.74415588 43.62138367
-5.06356812 8.19789314 43.69773865
-6.68241882 7.22180223 45.65679932
-5.54360914 7.95177317 45.69277191
-4.41120911 8.25460815 45.66891861
-3.95885110 8.21922302 43.69816971
-2.96246004 7.92938423 43.62250900
-3.34982300 8.20649147 45.59786606
-2.40464997 7.86632013 45.43586731
-1.75757802 6.00851583 38.08407593
-0.89598697 5.29550600 37.61003876
-1.89707804 6.73725319 40.93665314
-1.07841897 6.06344795 40.56837463
-0.18540999 5.31055307 40.02776337
-2.09979701 7.38040209 43.42951202
-1.27300704 6.72704077 43.13502884
-1.56353903 7.29413414 45.15670013
-0.77672899 6.66798782 44.80927277
-0.45011199 6.04451895 42.71467209
0.46990699 5.29531717 42.11796951
0.02507100 6.01548815 44.31937027
0.94209498 5.32246208 43.64601898
-2.71090698 7.32641077 41.16429138
-2.56180096 6.63398409 38.38619232
-3.40819597 7.13723183 38.51250076
1.52950203 4.59695196 41.33173370
2.05653691 3.73404288 38.47956467
0.85531503 4.55472422 39.30445480
2.53178501 2.86864209 35.35900879
1.24686003 3.76100302 36.19814682
2.99705100 2.16781211 32.13541412
1.64636397 3.06063008 33.01737213
0.39550501 3.90784597 33.77548981
0.08756900 4.58204079 36.95051575
-0.68540102 4.61178493 34.45111847
3.46642303 1.68415403 28.85066605
2.09343004 2.57397699 29.80714798
3.89194202 1.39815700 25.55684662
2.54798293 2.25197101 26.52791214
1.15027595 3.07828093 27.38007927
4.25588894 1.19738495 22.47196007
3.01897502 2.01084208 23.31102371
1.63170803 2.78381801 24.14353180
0.22259501 3.48495102 24.95463943
-1.44196105 4.60865593 31.88968468
-1.31503606 4.25513220 28.81719398
-2.26693702 4.70672894 29.38887405
-1.08067501 4.00831699 25.73859787
-2.19412303 4.45496082 26.44645309
-3.11457491 4.81732512 27.05042648
-0.18460301 3.77618909 28.13584900
-0.45665500 4.09296799 31.28487968
0.73548698 3.42521405 30.59552383
-1.01827502 0.54153299 3.01974607
0.45507300 0.67141998 3.27183795
0.59593999 -0.61475301 3.58497190
1.76120198 0.76970702 4.77498102
2.85304904 0.84145302 7.22431278
3.34533310 -0.16117901 6.04039717
2.11967397 -0.37337199 4.22743416
2.20872498 -1.72892201 5.27107382
3.62057900 -1.34525394 6.23692989
3.63892388 -2.66897607 7.70694685
3.70271897 0.82925099 10.19575500
4.35096502 0.78249598 13.11624527
4.98486423 -0.02307400 11.56096077
4.84837198 0.68091702 15.92271042
5.21601200 0.54256201 18.61664963
5.95809221 -0.28024501 17.28126335
5.51666307 -0.10312100 14.41684914
6.04013205 -0.95098698 13.44747066
6.55152702 -1.15108502 16.31977081
6.95717001 -2.03688097 15.72192669
4.85787678 -2.19706893 8.82622910
4.76204777 -3.49316692 10.42418003
5.70257711 -1.96519196 10.77327347
5.73274279 -3.07452297 11.53999329
5.62618494 -4.25465393 12.94199657
6.35968399 -1.90749598 13.10288334
6.46067095 -2.90265703 13.29676056
7.12650013 -2.97599792 15.56734657
7.11796284 -3.91791105 15.78003693
6.44889879 -3.93910789 14.06043530
6.30620813 -5.04141808 15.27052498
6.98434782 -4.88001490 16.36340714
6.79468822 -5.80702686 17.21323776
5.45532417 -0.92657602 10.73304367
4.69397211 -1.04640806 8.18525600
4.29185200 -0.01938700 8.64947414
5.30895901 0.33606899 21.41736412
5.13896894 0.50661498 24.47526169
6.23187399 -0.44582400 23.31511307
4.80763912 0.80415201 27.77240753
4.38369608 1.27787197 31.11631966
5.72216320 0.39121199 30.03194427
6.04151678 -0.09525100 26.63961029
7.11129904 -1.05336905 25.56855774
6.94104815 -0.51761001 28.97827530
7.98367977 -1.51964104 28.06198502
3.94104791 1.99821103 34.40869904
3.43969607 2.89970899 37.57058716
4.90923119 2.05832791 36.56441498
2.82875395 3.82654595 40.45593262
2.05619192 4.62966013 42.82948303
3.40017605 3.93337798 41.88739014
4.28395319 3.05557799 39.46830750
5.80886078 2.19432807 38.41353607
4.91456604 3.16873407 40.84032440
6.47112799 2.28487802 39.76678085
7.89596510 -0.72264600 31.40183258
8.86339474 -1.80199003 30.66932678
7.71046209 0.22555700 34.56124115
8.83522320 -0.80281502 33.76691437
9.69729805 -1.98396695 33.21268082
7.29285717 1.26665497 37.38836288
8.57531929 0.26237899 36.50717926
7.91747284 1.31639099 38.78493118
9.12651253 0.23889700 37.98464966
9.61636543 -0.88143098 35.85024261
10.30439568 -1.98852003 35.52044678
10.00737953 -0.93660903 37.44397736
10.42809677 -2.08843493 37.16511154
6.35987711 1.16082895 35.52875137
6.69366121 0.21682499 32.33601379
5.35105515 1.11747503 33.37340927
10.65559387 -3.22439694 35.37506104
10.51798153 -4.39883614 32.91748047
10.37519455 -3.18375993 32.97255707
10.18994999 -5.42439508 30.09664917
10.12434864 -4.24634218 30.01406097
9.68942070 -6.15897703 27.06932259
9.72373009 -5.04307318 26.87013626
9.47863102 -3.88805008 26.95563889
9.74647045 -3.06318688 30.20412254
8.90585995 -2.73155093 27.35618591
9.05129147 -6.49365807 24.05543900
9.17331219 -5.44363308 23.73274040
8.29103184 -6.43226004 21.25409126
8.47839355 -5.40599823 20.83445930
8.48768806 -4.39424515 20.70703316
7.48059416 -6.11278105 18.86626434
7.71528912 -5.12449980 18.31396484
7.80741882 -4.15108824 18.03990364
7.73543692 -3.19304609 18.08185577
8.00735283 -2.14452291 24.66514587
7.82450294 -2.35745502 21.39880753
7.12507486 -1.38784802 22.24361038
7.44026995 -2.24388409 18.43255424
6.91382122 -1.33587396 19.17006302
6.19671202 -0.44538501 20.16899300
8.27756786 -3.37368202 20.88770294
8.68980122 -3.25962400 24.00113487
9.06864166 -4.36226606 23.70184708
-2.66765690 0.58670902 3.86112905
-1.22948694 -0.75703001 4.12004614
-3.20245409 -0.75610697 5.47187519
0.39174101 -2.07226801 5.38442183
1.99785101 -3.19685602 7.51813698
-0.05771700 -3.62189507 8.17944241
-1.70562100 -2.27216101 6.36213589
-3.81839705 -2.31471610 8.09159374
-2.28911805 -3.84010601 9.46152592
-4.39408588 -3.85982800 11.33174706
3.38995099 -4.13142204 10.14837837
4.52998495 -4.90229607 12.65178680
2.98606706 -5.66595602 13.00549126
5.46866989 -5.61970186 15.01793861
6.18225718 -6.39324808 17.26507759
5.20618010 -7.17472506 17.70845032
4.23896503 -6.47058201 15.41576004
2.54373193 -7.28074884 16.19719315
3.78856111 -8.07293987 18.52922440
1.93871999 -8.84030247 19.52403831
-2.86841702 -5.35593796 12.97233391
-4.88710499 -5.28600311 14.76293087
-1.17585194 -6.74659109 15.05063438
-3.36533999 -6.80529213 16.39663696
-5.34572983 -6.60481405 18.01688957
0.46355200 -7.85408878 17.19743729
-1.74200904 -8.11225700 18.30053711
-0.19520700 -9.28839684 20.53102493
-2.40021610 -9.32815361 21.48300171
-3.89379406 -8.01287460 19.50495911
-5.74948692 -7.66506720 20.88612366
-4.45594215 -8.97084236 22.38294220
-5.98500299 -8.45019627 23.18765259
1.00899100 -6.30147505 13.82792282
-0.63794500 -5.18878794 11.59185028
1.55078995 -4.75725412 10.59622765
6.99620485 -7.03156519 19.46294403
7.87917995 -7.43510199 21.87696075
7.16681910 -8.40792370 22.63341522
8.70462132 -7.51309204 24.61639786
9.39207458 -7.19304705 27.54253578
8.84881306 -8.19042110 28.22008133
8.09283447 -8.51672745 25.35596848
7.10789680 -9.49458122 26.23952103
7.99857187 -9.17203426 29.05718803
6.76621103 -10.13075733 30.01755142
9.93767548 -6.48775911 30.47206116
10.34010410 -5.50289822 33.19604874
9.88819313 -6.52828312 33.71557617
10.56210327 -4.36645222 35.54155350
10.51094246 -3.19699407 37.25455475
10.24950600 -4.27263784 37.54499054
10.19377422 -5.40959311 35.98242950
9.54910469 -6.40367603 36.58542633
9.73936462 -5.29287481 38.10208511
8.98889732 -6.15410280 38.99905396
7.63588095 -9.42336464 32.81270599
6.19107389 -10.31854153 33.81887054
8.26098633 -8.44927597 35.40991974
7.01486301 -9.37864113 36.43036652
5.36953306 -10.16323757 37.45030212
8.68868542 -7.34451008 37.49874878
7.60668993 -8.30239582 38.52735901
8.06528854 -7.16684818 39.87816620
6.87435389 -8.13809013 40.89990616
6.20101500 -9.18504429 39.58729172
4.41206694 -9.84123802 40.58479309
5.37510920 -8.96932125 41.94076538
3.58224702 -9.57753563 42.91281891
9.19522190 -7.50950098 34.46252441
8.68587589 -8.46988964 31.87007523
9.44322968 -7.49735212 31.07534599
2.30236292 -10.18397713 41.46479797
0.98544002 -10.65314865 39.14466095
3.26744008 -10.61443043 38.38439178
-0.34489599 -10.96920872 36.30309296
1.98181796 -11.21309376 35.68106461
-1.65511894 -11.05075169 33.30318832
0.61056101 -11.51297283 32.79838562
2.97672296 -11.49929237 32.02474976
4.27680111 -10.98339844 34.81092453
5.08963490 -10.98060513 31.04963875
-2.91995811 -10.84323025 30.35657120
-0.77383399 -11.40195942 29.91239548
-4.10552311 -10.31428146 27.57924652
-2.04689598 -10.93625546 27.13216400
0.22219200 -11.16951942 26.47739792
-5.17909908 -9.43764400 25.08154106
-3.25414991 -10.11077785 24.56639862
-1.05293500 -10.41420269 23.85830307
1.17761004 -10.25739574 22.99396515
5.68550301 -10.44168854 27.25093269
4.47172499 -10.26937485 24.56712341
6.03108692 -9.36263847 23.53715134
3.23904800 -9.67472267 21.98227119
4.90987682 -8.79583645 20.95276833
6.14607286 -7.89910698 20.09987068
2.48042107 -10.95758915 25.61773491
3.81391597 -11.23472500 28.31890106
1.56736100 -11.58140469 29.23764610
-3.80194807 1.79308999 4.53732586
-4.44396305 0.70319402 5.62155104
-5.49308777 1.89625096 6.74457884
-5.08649778 -0.71631801 7.66473579
-5.68825197 -2.27074194 10.47147083
-6.73978710 -0.75070900 10.47705269
-6.12863684 0.67209601 8.25171947
-7.09136486 1.77066696 9.60908699
-7.64277506 0.51529002 11.30260277
-8.49397278 1.53493702 12.72460938
-6.22823381 -3.79465604 13.70482922
-6.64309692 -5.17387581 16.98600769
-7.77008200 -3.72269893 16.38070297
-6.99658108 -6.32810402 19.94046021
-7.12446117 -7.37416983 22.69231224
-8.23633003 -6.06200409 22.20545197
-8.08092880 -4.92186022 19.32171631
-9.03229904 -3.49924397 18.96580887
-9.17917728 -4.66734505 21.83049774
-10.03832245 -3.23166895 21.60764694
-8.92023468 0.34615701 14.40052605
-9.67535400 1.35680497 15.76034355
-9.30544281 -0.84314102 16.48190880
-10.05244541 0.31153500 17.32138443
-10.68175888 1.31732595 18.57456017
-9.74080086 -2.05061889 18.95240784
-10.45295906 -0.75203198 19.30486298
-10.75432205 -1.79574704 21.59216690
-11.37586498 -0.48088500 21.89685059
-11.12452412 0.41980299 20.03492165
-11.55495930 1.36813402 21.19058609
-11.95982647 0.70930701 22.55734253
-12.24020290 1.56822205 23.20448494
-8.57670593 -2.17170906 16.10766983
-8.11989594 -0.82994300 13.51354599
-7.28191900 -2.24100590 13.24848175
-6.74318600 -8.44097233 25.19850731
-5.82913017 -9.39588356 27.77521896
-7.24638796 -8.25901318 27.71788979
-4.72100019 -10.03807259 30.57629967
-3.55730891 -10.34260941 33.55007935
-5.09462118 -9.47300053 33.60140991
-6.19025898 -9.03958988 30.59365082
-7.41126919 -7.91135883 30.47557449
-6.33114195 -8.47497940 33.52767563
-7.34259987 -7.37030983 33.42340088
-2.34292412 -10.42385101 36.60237503
-1.08191299 -10.34427547 39.57099915
-2.82460403 -9.78698826 39.68442535
0.22497000 -10.17121601 42.08184052
1.61463702 -9.88583183 43.69461823
-0.31512100 -9.82621574 44.10995865
-1.62408805 -9.83783340 42.30645752
-3.21138906 -9.28057098 42.24543762
-2.04776502 -9.47281837 44.17113495
-3.55778599 -8.90892220 44.05218506
-6.36342382 -7.78704596 36.51563263
-7.16383314 -6.74461699 36.45510864
-5.47128296 -8.13452530 39.48144531
-6.31909323 -7.20435905 39.38548660
-6.92204285 -6.19561577 39.38639832
-4.56161690 -8.53754997 42.09137726
-5.57363176 -7.67920113 41.96215057
-4.80404997 -8.16142082 43.91175842
-5.74041414 -7.30411291 43.94266891
-6.25143194 -6.75406599 42.00437927
-6.63432217 -5.68585014 42.18868256
-6.27248907 -6.28109694 44.04976654
-6.64965820 -5.17037010 44.21493530
-4.28636694 -9.04215431 39.61111450
-5.31344414 -8.78722858 36.61713409
-3.98383808 -9.67814922 36.68017960
-7.03103590 -4.45894623 42.40580750
-7.94860601 -3.68186402 39.69124603
-7.41309118 -5.06182289 39.50975800
-9.09531593 -2.86578798 36.70198822
-8.45094681 -4.34400177 36.56786346
-10.49718666 -1.84820402 33.50954819
-9.78215599 -3.42878199 33.43119812
-8.99829674 -4.85198212 33.37940979
-7.82183886 -5.61168480 36.47190094
-8.19946671 -6.16828918 33.37426758
-11.58388233 -0.73347801 30.37386703
-11.04207134 -2.25247598 30.27763557
-12.19830132 0.28045100 27.45125580
-11.82530975 -1.15287197 27.27457047
-11.14810181 -2.64002204 27.21810722
-12.39795113 1.07803297 24.95283127
-12.07390785 -0.12615401 24.64526749
-11.53320408 -1.46260905 24.40391159
-10.79753017 -2.93166208 24.35030365
-8.43658066 -6.68834209 30.34257507
-9.43903828 -5.65964794 27.35485840
-8.41766453 -7.01829910 27.53607941
-9.98768139 -4.45715523 24.45597267
-9.07392406 -5.88316488 24.68673325
-7.99976397 -7.22704697 24.97314072
-10.31420517 -4.16403103 27.25010109
-9.37845802 -5.30668306 30.26533890
-10.32246494 -3.82711005 30.22788620
-4.70504808 2.71654701 6.18077517
-6.38079977 2.79093695 8.64519501
-7.86504412 2.61515188 11.59253120
-6.94323778 3.39794993 11.19688225
-5.37874603 3.36053896 8.63803291
-5.76430511 3.73973393 11.69575500
-9.10267544 2.35467696 14.68055630
-10.14726830 2.21347404 17.59888840
-9.31540298 3.04740500 17.09389114
-11.02181625 2.17318106 20.32892227
-11.78887177 2.14668989 22.92828369
-11.04868698 2.93945599 22.71368408
-10.22948265 2.97302890 19.92401695
-9.15103626 3.68772888 19.87263298
-9.98800659 3.70149493 22.73967743
-8.65697193 4.37283182 22.89732742
-5.88831997 3.97389388 15.08198643
-7.02376604 4.09849501 17.51589203
-5.84806919 4.25717688 18.53673172
-7.93993711 4.21258879 20.17837143
-6.72472382 4.49848080 20.83258438
-7.39579010 4.79144478 23.36144829
-6.23069096 4.98315382 23.98850060
-5.61888123 4.60603380 21.79878235
-5.23358297 5.02063417 24.73916245
-8.23587322 3.71290493 17.03029633
-7.12909079 3.77374697 14.22607422
-8.24362087 3.22114491 14.12475204
-12.28156853 2.12688398 25.11112976
-12.05932999 1.64012301 27.70508194
-11.64888382 2.86796999 27.87803650
-11.66743088 0.84830999 30.54148865
-10.89861679 -0.13547100 33.60005951
-11.03843594 1.51598001 33.72781372
-11.49402046 2.33591294 30.71078873
-10.93023777 3.67589903 30.91756058
-10.76484966 3.07279706 33.90800476
-10.06913280 4.50445080 34.16353226
-9.82848072 -1.11857605 36.76650238
-8.64311600 -2.18723106 39.81423187
-9.34274483 -0.37592900 39.87461472
-7.75479889 -2.99511003 42.40873337
-7.03341293 -3.88375902 44.47996521
-7.51858282 -2.40955400 44.77960968
-8.41137505 -1.41962397 42.58089447
-9.01789665 0.43826500 42.67605591
-8.11138725 -0.76393503 44.91458511
-8.64934540 1.17535996 45.02288437
-9.95307541 3.89512300 37.18479156
-9.15632629 5.36876917 37.47320557
-9.70120430 3.13000703 40.13466644
-9.23681355 4.80328178 40.38938141
-8.30605984 6.23559380 40.67925644
-9.29067707 2.22804499 42.79167175
-9.15854454 4.01014709 43.02378845
-8.76927757 2.94367194 45.11009979
-8.45367718 4.64298820 45.34622955
-8.52928543 5.62885904 43.28828049
-7.51917410 6.92797995 43.49082947
-7.70902491 6.10978079 45.55342865
-9.72828102 1.37248003 39.94848633
-10.32771587 2.26363611 36.97246933
-10.25756359 0.56595802 36.82799911
-7.06179285 7.25455999 40.94225311
-6.70181704 7.22451878 38.12192535
-6.46280718 6.94569302 35.19435883
-7.74882603 6.50987387 34.84757233
-7.98666096 6.51044893 37.80749893
-9.01256275 5.67814112 34.48770905
-6.23353481 6.44707584 32.28993225
-5.94999695 5.90701008 29.56534004
-7.16645193 5.77237082 29.13768387
-5.62455320 5.41042995 27.07082367
-6.73715687 5.35198498 26.56692886
-7.97766685 5.05879498 26.07788849
-9.99441147 4.81267214 31.20122910
-9.73084068 4.76745987 28.37852097
-10.84447002 3.91749001 28.08569336
-9.27816963 4.55179119 25.68917084
-10.48227882 3.83813500 25.42573929
-11.45277786 2.99991488 25.29785538
-8.45611668 5.39298820 28.72653961
-8.79965973 5.67457008 31.53821945
-7.50256777 6.20640421 31.90474701
0.14842001 0.14769900 45.44585419
-0.78744602 2.19601798 46.46129608
-0.93739700 2.03022408 46.51622009
-1.17532003 3.10752892 46.94289398
-1.39113295 2.86218500 47.03443909
-1.46852505 3.97906494 47.36442184
-1.74045396 3.66345191 47.50329590
-1.73085797 4.78753519 47.73683929
-2.05604100 4.42061377 47.92825699
-2.06124711 5.52027512 48.05158997
-2.45932794 5.12154388 48.29141998
-0.61955899 2.31785798 46.37677002
-0.93879300 3.28484011 46.80603027
-1.17368400 4.19542885 47.16657257
-1.37827301 5.02537680 47.47897339
-1.63134003 5.75411177 47.74423981
-0.42827001 2.38675499 46.26279068
-0.67631799 3.38292909 46.62714005
-0.85314900 4.29908609 46.91837311
-1.00126004 5.11576700 47.16793442
-1.18041396 5.81517410 47.38718796
-0.20742600 2.39380503 46.12005615
-0.38130099 3.39109612 46.41074371
-0.50218099 4.28183699 46.62987518
-0.60083002 5.04571676 46.81637573
-0.72488201 5.68970490 46.99044800
0.04520900 2.33726311 45.95086670
-0.04619300 3.30574203 46.16219330
-0.10682400 4.13692713 46.31026459
-0.16127500 4.82602501 46.43707275
-0.24484301 5.38233805 46.56539154
0.31591499 2.23055792 45.75684357
0.32531700 3.13919401 45.88201141
0.33772501 3.88870597 45.96049500
0.34027001 4.47745085 46.02984619
0.28529400 4.97358704 46.11713409
0.58748198 2.08921790 45.53591156
0.71001899 2.92308998 45.56560516
0.82318801 3.55997300 45.56291962
0.88960803 4.07733488 45.57626343
0.88384902 4.50970793 45.61637878
0.87602103 1.90881300 45.29019547
1.11838400 2.67719102 45.21492767
1.34872198 3.22162795 45.11988831
1.50324202 3.65253592 45.05529785
1.56773102 4.02084017 45.03209305
1.20079696 1.67420995 45.02893066
1.60575795 2.36321306 44.84001160
1.97731304 2.84501290 44.63877487
2.24550295 3.20718002 44.47420502
2.38904405 3.51909399 44.36500549
1.56171501 1.39596605 44.76831055
2.16429806 1.96842396 44.44986725
2.70760703 2.40242791 44.13224030
3.12381697 2.72282600 43.85197830
3.38013196 2.99761391 43.63801575
1.91670501 1.09790802 44.52292252
2.72548294 1.55788398 44.07740784
3.46984506 1.91657805 43.62748718
4.06011677 2.19382906 43.22103882
4.47043705 2.43237090 42.89570618
2.23132896 0.77509701 44.30446625
3.24010801 1.11930704 43.73963547
4.19075584 1.39221597 43.16659546
4.97244501 1.60930800 42.63637924
5.54674006 1.79390097 42.20079803
2.48198700 0.42905399 44.12831116
3.66940999 0.63476902 43.45956421
4.80985689 0.79412800 42.78350830
5.78566408 0.91677099 42.14908218
6.53574610 1.03311300 41.61334229
2.65007401 0.07371100 44.00037384
3.98964405 0.10719900 43.25660324
5.29737377 0.10951000 42.50412369
6.43367720 0.11593800 41.79675293
7.37225819 0.11365100 41.17305374
2.73825002 -0.31111500 43.93319321
4.18450117 -0.43358800 43.14433670
5.70367622 -0.63861299 42.33813477
6.97854900 -0.73648298 41.56487274
7.99570179 -0.78245401 40.90902710
2.73468590 -0.70042402 43.93341064
4.30267382 -1.04057503 43.12713623
5.82345581 -1.35732996 42.31658936
7.15759802 -1.55279195 41.54463959
8.23780346 -1.68395400 40.87824249
2.59296703 -0.95813203 44.01374054
4.20818377 -1.59142900 43.19936371
5.74864912 -2.04754400 42.43196869
7.10213709 -2.35823393 41.70080948
8.17851639 -2.56532907 41.06383133
2.39819098 -1.36917305 44.09952545
3.96260405 -2.10947204 43.36335754
5.50268221 -2.62810493 42.64052200
6.87061310 -3.04617906 41.96472931
7.88800383 -3.44524407 41.43704605
2.12911510 -1.69237900 44.23812103
3.58905005 -2.59662199 43.60046005
5.04819012 -3.27877593 42.99193192
6.38458490 -3.83397698 42.41551971
7.44377089 -4.24091005 41.92061615
1.78119099 -1.97029698 44.41117096
3.09868908 -3.03969598 43.87892151
4.43712807 -3.87989807 43.40952301
5.68094492 -4.57490921 42.97100830
6.70016193 -5.08933115 42.57258224
1.36626899 -2.19305992 44.58774185
2.49718189 -3.41810203 44.16780090
3.68061090 -4.41498613 43.83801270
4.81476784 -5.25108719 43.56671906
5.75829411 -5.87995720 43.29405975
0.91706300 -2.35572410 44.76435852
1.80727994 -3.71042395 44.43438339
2.78610206 -4.84015322 44.25199890
3.77368307 -5.82104301 44.14800644
4.65767622 -6.56642008 44.02091980
0.53397298 -2.47162390 44.97998810
1.08368003 -3.87924409 44.69590759
1.78986096 -5.12107992 44.60305786
2.59998488 -6.22918510 44.64052582
3.21724892 -7.05885315 44.65328979
0.09644000 -2.48509407 45.13757324
0.37153801 -3.82360291 44.93255997
0.79748702 -5.23331118 44.87607574
1.29329300 -6.41948318 44.97663879
1.70271802 -7.33146715 45.05666351
-0.36526901 -2.40157294 45.23249435
-0.33652601 -3.76589608 45.09179688
-0.14022900 -5.17923021 45.07765961
0.06442100 -6.40243292 45.17343140
0.22970200 -7.35359621 45.26547241
-0.76757598 -2.23713493 45.32406998
-1.00413597 -3.57130790 45.19449234
-1.11826003 -4.86608887 45.14936066
-1.14489996 -6.16397715 45.22497940
-1.16562200 -7.13506079 45.32988739
-1.08168197 -2.01249290 45.42756271
-1.49323201 -3.25576997 45.28356171
-1.90880597 -4.52890587 45.22421265
-2.25204802 -5.69696808 45.24158859
-2.48235393 -6.73075294 45.32960510
-1.31596899 -1.74154305 45.54776764
-1.89348805 -2.87890792 45.42548370
-2.48570395 -4.06830978 45.34068298
-3.01942110 -5.17685699 45.30400085
-3.44797397 -6.15435219 45.33700562
-1.47144496 -1.42526102 45.68278885
-2.16235995 -2.42431092 45.60317230
-2.87123990 -3.49590898 45.51666260
-3.52765989 -4.51421690 45.44570923
-4.12294006 -5.43035507 45.41300964
-1.56661701 -1.08490896 45.83204651
-2.31947398 -1.90904796 45.81037140
-3.08410597 -2.83397293 45.75409317
-3.81478095 -3.72808290 45.68295288
-4.47859001 -4.56420517 45.64043808
-1.61877501 -0.73171800 45.98121643
-2.43462801 -1.38710403 46.04566956
-3.16767311 -2.10538101 46.04398346
-3.90358806 -2.84603500 46.01754761
-4.62296200 -3.56333709 45.99510193
-1.63369906 -0.24894300 46.10928345
-2.45136499 -0.83358401 46.27095413
-3.16787791 -1.34030700 46.36279678
-3.87813401 -1.89593101 46.41444397
-4.60204887 -2.46385193 46.44904709
-1.61205900 0.13580699 46.24625778
-2.41356492 -0.28591701 46.48764801
-3.10288000 -0.57367700 46.66249847
-3.78804898 -0.92096299 46.82321167
-4.51756907 -1.30536795 46.93750763
-1.56303895 0.48740599 46.36751175
-2.33919811 0.41255799 46.70856476
-3.02307606 0.14479101 46.95597076
-3.64017200 0.03391100 47.18908691
-4.35642481 -0.17535000 47.41400528
-1.46050096 0.75517797 46.41858673
-2.23342991 0.94081700 46.88420105
-2.88277292 1.02463305 47.23070526
-3.47415709 1.09126306 47.52174759
-4.15391302 1.06692696 47.79977798
-1.38075399 1.04149795 46.47526550
-2.07138801 1.36189103 46.96659470
-2.67527294 1.65173900 47.40534973
-3.26266193 1.93592501 47.81251526
-3.86541891 2.13682008 48.13136673
-1.29305899 1.32760406 46.51795197
-1.92805004 1.79812396 47.04244614
-2.46266007 2.24123001 47.52915192
-2.98435593 2.65785599 47.97254944
-3.59940290 3.03859901 48.34482574
-1.19071305 1.59185195 46.54126740
-1.76885402 2.20294809 47.08185577
-2.23451304 2.79172897 47.58938980
-2.67793202 3.34702706 48.06135941
-3.23792291 3.86998701 48.46936417
-1.07214200 1.82862103 46.54254913
-1.58842897 2.55856109 47.07992554
-1.99343395 3.26549697 47.57902145
-2.36496902 3.93896103 48.04100418
-2.83969808 4.56446123 48.44286728
-2.59831095 6.22509384 48.26581573
-3.10922790 5.78712797 48.53236389
-3.30027199 6.88921499 48.26224136
-3.99962592 6.44202995 48.51373291
-4.08235884 7.47993279 47.90223694
-4.99518585 6.95486593 48.06789398
-4.83177900 7.85399818 47.06895065
-5.90168905 7.24612188 47.12361526
-2.04599309 6.45128298 47.94022751
-2.57360101 7.10292196 47.96434784
-3.16423988 7.69959307 47.70319366
-3.76819301 8.10560417 46.97814178
-1.48400497 6.47186899 47.57178116
-1.86299002 7.06890297 47.62847900
-2.29260397 7.62399292 47.44824600
-2.77236199 8.03474236 46.84198380
-0.93937498 6.29438782 47.16781616
-1.20970702 6.81747818 47.25350189
-1.52207100 7.30599213 47.12979889
-1.89498103 7.66957521 46.59821701
-0.40408301 5.94275904 46.73018646
-0.59747499 6.38061714 46.82364273
-0.82932198 6.79184294 46.73325348
-1.12527001 7.11121702 46.25950241
0.17445900 5.45690489 46.25080872
0.01949500 5.86389017 46.33864975
-0.15776899 6.21381617 46.25650406
-0.39644799 6.49504519 45.83083344
0.82835698 4.92579508 45.70740509
0.71436799 5.29694700 45.76700211
0.57811302 5.61492300 45.67198944
0.37831500 5.86217690 45.26408386
1.60324204 4.36326981 45.06435394
1.55567801 4.69495583 45.07608032
1.46522498 4.99504519 44.95401382
1.29537499 5.21182108 44.55253601
2.53284311 3.79194808 44.31857681
2.58708692 4.07759094 44.26906586
2.56641412 4.33445406 44.10226822
2.42027807 4.54796219 43.69897842
3.63338304 3.20843506 43.49396896
3.79391599 3.44451690 43.36531830
3.85924101 3.66946793 43.14997101
3.76455402 3.84025002 42.71681976
4.83996487 2.58638406 42.64922333
5.09882593 2.76331306 42.42624664
5.25553083 2.93466210 42.13703918
5.23187304 3.08168411 41.66725159
6.02361488 1.87909102 41.85941315
6.36984301 1.99349797 41.54618073
6.61691999 2.10464501 41.16741180
6.68830395 2.20833993 40.62875366
7.09676313 1.04887998 41.19377899
7.50858879 1.08631694 40.80285645
7.82977200 1.15243304 40.34832764
8.00018692 1.23777795 39.72003937
8.08141994 0.11897100 40.66794968
8.52121162 0.09672200 40.24367523
8.83058643 0.06815000 39.72332001
9.09830856 0.12098100 39.02464294
8.65028191 -0.82726300 40.38685608
9.12102890 -0.88528103 39.91483307
9.47194099 -0.98157102 39.34915161
9.80344582 -0.98922002 38.57149506
8.90982819 -1.81103897 40.33727264
9.38988304 -1.90862095 39.83917236
9.79332447 -2.01485395 39.26031113
10.15394783 -2.05069208 38.45468903
8.84810543 -2.76918006 40.52639008
9.33515167 -2.93210411 40.01630402
9.74004364 -3.06589103 39.41281891
10.12888622 -3.15065098 38.55551529
8.54037476 -3.70351005 40.93393707
9.00972557 -3.91203094 40.43214417
9.40511608 -4.07081604 39.81787109
9.81005478 -4.17959785 38.92226410
8.05137444 -4.50572777 41.49279785
8.46922398 -4.82780504 41.05347824
8.84924698 -5.03150606 40.44985199
9.25813103 -5.17449617 39.53572845
7.32187605 -5.42227602 42.22149658
7.70453310 -5.69715881 41.83317184
8.08472633 -5.91463280 41.27467346
8.48640156 -6.05115318 40.43774414
6.37156200 -6.30004311 43.03987122
6.74614620 -6.62289000 42.71404648
7.10129023 -6.87949800 42.20123291
7.55214977 -7.03425217 41.37177277
5.14907694 -7.07302904 43.88364410
5.54245377 -7.48925591 43.64472198
5.89129496 -7.78506708 43.19175339
6.30986595 -7.98617411 42.36218262
3.69495606 -7.69200897 44.63048553
4.09451103 -8.17723465 44.51335907
4.44045019 -8.54434395 44.17555237
4.82185507 -8.78029442 43.38991547
2.08193111 -8.05387878 45.15503693
2.41880989 -8.59397507 45.15147400
2.74493909 -9.02874756 44.95000458
3.09247088 -9.34836960 44.31304932
0.42907900 -8.12905121 45.43292236
0.65103501 -8.71221447 45.50967026
0.90677202 -9.17965508 45.40290833
1.20696104 -9.56811905 44.91534424
-1.12614799 -7.93837690 45.52314758
-1.04479802 -8.55505943 45.65617752
-0.88249803 -9.04475212 45.60133743
-0.64290100 -9.45390129 45.18363190
-2.54617810 -7.51850700 45.51075745
-2.56806302 -8.16600609 45.65995789
-2.49568009 -8.66456604 45.62641525
-2.31118107 -9.08542633 45.20550537
-3.75814295 -6.97427416 45.47991943
-3.92029810 -7.64465904 45.62310028
-3.87566710 -8.11711502 45.54455566
-3.76369810 -8.51656342 45.10283279
-4.59544277 -6.21308279 45.49845123
-4.86582613 -6.92520285 45.58782196
-5.00977421 -7.43818521 45.52830124
-5.00818491 -7.79471588 45.08526230
-5.07501316 -5.32774401 45.67421722
-5.51346111 -6.03027296 45.70973587
-5.73933983 -6.54585314 45.57643127
-5.78251314 -6.94758606 45.03100586
-5.26341677 -4.29619980 46.02794647
-5.82645416 -5.00076103 45.99876404
-6.15751314 -5.51474380 45.74691772
-6.28334093 -5.91173410 45.17794037
-5.33819914 -3.08139801 46.50083160
-5.93991899 -3.76742411 46.43315125
-6.40546322 -4.33251810 46.08721161
-6.60558796 -4.76147079 45.41450500
-5.32852602 -1.80680704 47.01652908
-6.02145290 -2.42847610 46.95433426
-6.59052706 -2.98046088 46.53225708
-6.90496778 -3.44058609 45.75812531
-5.23918390 -0.52030200 47.54241180
-6.04449511 -1.00887704 47.47242737
-6.73969221 -1.47806895 47.07622528
-7.26535082 -1.92797303 46.13879395
-5.06998110 0.87728697 47.95455170
-6.05156183 0.57760000 47.80707550
-6.95686579 0.10360300 47.43484879
-7.71130896 -0.24151000 46.49788666
-4.73848915 2.15372491 48.32978821
-5.87245893 2.01893401 48.07625961
-7.05359316 1.85517097 47.48021698
-8.03416729 1.64396298 46.51461792
-4.46542597 3.32418799 48.55772400
-5.63753080 3.48081207 48.39267349
-6.89186096 3.42874289 47.64849854
-8.00138664 3.32485390 46.61174011
-4.11175013 4.36190987 48.73057175
-5.27692795 4.75393677 48.60935211
-6.53143215 4.94280386 47.99283600
-7.60483599 4.92197800 46.90330887
-3.60532498 5.17888784 48.71039581
-4.67068005 5.74192619 48.67758560
-5.86076784 6.13539505 48.13907623
-6.87596512 6.27173424 47.08263397
