-0.03293400 0.07430400 0.02318700
-0.58114702 1.77948499 0.55403697
1.67555702 0.96303499 0.62882298
-1.30846202 3.60899997 2.80452704
1.13459098 2.92716002 2.01822805
3.42509699 1.86187005 2.44861603
-2.00986505 5.19448185 6.31322813
0.25012901 4.64227104 4.98654985
-2.54153395 6.45086288 10.39221954
-0.65617597 6.00027990 8.91031170
1.49952900 5.31913900 7.90602493
2.63814998 3.81491709 4.47735786
4.77922392 2.57130790 5.21462107
3.73549199 4.36144495 7.66833019
5.76021290 3.06302404 8.48712921
-2.84596491 7.38890600 14.36460686
-1.36309099 7.08266306 12.97784996
-2.97805905 8.07413197 17.96033096
-1.75642204 7.86986303 16.62411118
-0.35157099 7.49385118 15.68103600
-3.02237606 8.62221336 21.25712204
-1.96258700 8.49711609 19.93778992
-3.09857702 9.08387661 24.03505707
-2.14688206 9.06523132 23.16705322
-1.10330105 8.90649700 22.48274612
-0.79245800 8.24455643 19.11201096
0.56014103 7.82503891 18.55380630
0.00153800 8.71197128 22.00777626
1.43480206 8.14956665 21.74190903
4.63782310 4.67634678 11.10059834
6.58105803 3.44083095 11.90196896
3.35397005 6.04974985 14.49162483
5.45115185 4.94382477 14.55366516
7.37834883 3.75462890 15.31457615
2.23938704 7.16971207 18.14604950
4.15909386 6.30811882 17.96644402
3.21869993 7.37607622 21.49424362
5.23853779 6.38548517 21.29548264
6.25943899 5.21484900 17.93175316
8.22122288 3.98712707 18.60027313
7.30589819 5.21187878 21.18541336
9.02029705 4.10063982 21.31274796
1.34337604 6.92808390 14.94195938
2.48420811 5.78075600 11.13566399
0.43157801 6.54375887 11.88286877
-3.80630898 9.53387642 26.50441360
-2.74863195 9.76073074 26.46428680
-4.58614206 9.98021317 29.63872337
-3.48756909 10.28845882 29.80123329
-2.37357306 10.43058205 29.65348625
-5.34905005 10.40323257 32.89684296
-4.21464396 10.72203064 33.14842224
-6.03931904 10.77683640 36.19098282
-4.88025284 11.05316353 36.44546890
-3.69590902 11.09080219 36.52189255
-3.06983900 10.82822418 33.17355347
-1.83354294 10.73545170 32.93071747
-2.43148899 10.95029068 36.36428452
-1.02357805 10.67512894 36.02836609
-6.61486197 10.89035130 39.53882980
-5.47070408 11.21865463 39.77503967
-7.29321003 10.51788616 42.78180313
-6.08337688 11.14301205 43.05952072
-4.93611097 11.45389557 43.16547394
-7.90755701 9.52479362 45.49749374
-6.73870897 10.53734016 45.85070419
-7.95078993 8.30657196 47.15077972
-7.19815588 9.60563087 47.68769836
-6.12341213 10.62744713 48.00343323
-5.54861307 11.21881676 46.01742935
-4.19142199 11.55869293 46.02299118
-4.77355814 11.32306862 48.12338638
-3.23425794 11.64939117 48.09029388
-1.49268794 10.89466858 39.45533752
-0.09215700 10.53603840 39.09381866
-1.95566905 11.32532597 42.87754822
-0.53333598 10.98576355 42.59717178
0.98217398 10.51969624 42.26509476
-2.52641511 11.63881588 45.88250732
-0.99592799 11.39375019 45.67882156
-1.61684096 11.60232925 47.96183014
-0.03904000 11.22073174 47.82289886
0.52130997 10.94259357 45.46735764
2.12009096 10.30205059 45.27841949
1.54407299 10.54111481 47.75878143
3.22989202 9.50858116 47.26618958
-3.51503801 11.52685738 43.12653351
-2.91523099 11.19204426 39.76324081
-4.28528404 11.32380962 39.88766098
4.38193178 8.86346722 44.79354095
5.52899981 8.22200871 41.56046295
3.20668888 9.56229591 41.95116806
6.55177021 7.60053110 38.11911774
4.32609701 8.86497021 38.43489075
7.42512703 6.89158201 34.56065750
5.30695105 8.21690845 34.90290833
3.03009510 9.34964275 35.27944946
1.94918895 9.83417606 38.66816711
0.89020401 10.12925529 35.64362717
8.04495430 6.13413000 30.99832726
6.00139189 7.36852217 31.32753754
8.42398643 5.40047407 27.49987602
6.45737123 6.73838520 27.87910843
4.38885307 7.90105391 28.18249321
8.78668690 4.74382877 24.13239479
6.77518177 6.04030704 24.50346565
4.69227409 7.23023987 24.76299667
2.74185395 8.19191742 24.98591232
-0.23394500 10.35693932 32.48298264
0.48645699 9.79503632 28.74227905
-1.03372395 10.21783257 29.22819138
1.00965202 9.01724911 25.14752197
-0.40675399 9.50234222 25.44436073
-1.62994003 9.68021393 25.94824982
2.38040495 9.00076485 28.42286110
1.72533405 9.71750355 32.02718735
3.92383099 8.67774105 31.66483307
1.54454398 -1.14146602 0.77027500
3.70495391 -0.31049401 1.78786504
3.35962701 -2.62376189 2.54336190
5.37936783 0.52475101 3.99603391
6.54776812 1.21559298 6.94471979
6.90274191 -0.84951103 6.51877403
5.46584892 -1.73021996 4.04540920
5.02633190 -4.04693079 5.19010401
6.88378382 -3.06313610 6.99579096
6.39882898 -5.20824623 8.43387985
7.45648623 1.75466800 10.21971607
8.29293919 2.19886589 13.61867905
8.83079433 0.49421999 12.77852917
9.18322659 2.56532311 16.94708061
9.92450714 2.90850091 20.27149963
10.70686531 1.41364396 19.39380264
9.83938408 0.95745701 16.03558731
10.12567139 -0.76594400 15.74027061
11.17145348 -0.24901199 18.93329620
11.29102898 -1.95916104 18.97360802
7.99806976 -4.18405390 10.36031342
7.57491398 -6.12892103 11.91991806
9.07530499 -3.25109601 13.01298141
8.96581078 -5.11041880 13.89923191
8.60228252 -6.89387178 15.52021694
10.17541122 -2.55185890 15.91251945
10.09520054 -4.27741480 16.47254562
11.20551872 -3.63276100 19.40892982
11.01526260 -5.33607292 20.22102737
9.86998367 -5.91764402 17.46224976
9.56876945 -7.62023687 19.11874390
10.70489883 -6.88678598 21.15140533
10.34127712 -8.19224644 22.13925934
8.96904564 -1.31696105 12.70255947
8.02858353 -2.10731101 9.66657639
7.87636185 -0.09358300 9.56643867
10.28311253 3.36425304 23.57648849
10.22129631 4.04064894 27.01737976
11.64522266 2.57538295 26.46240997
9.90402794 4.82649708 30.60516739
9.36642075 5.64091587 34.21520615
11.14153099 4.24657488 33.84867096
11.51798344 3.38378000 30.16107559
12.80638123 1.82403302 29.79019165
12.63951111 2.71303701 33.50003815
13.77616310 1.01320004 33.29948425
8.52399445 6.45394707 37.74404144
7.43098879 7.11140299 41.16423035
9.26577377 5.85883093 40.77160263
6.24241304 7.67202902 44.25133514
4.97814798 8.25955582 46.62910461
6.66879702 6.88330317 46.03457260
7.99382496 6.37163877 43.77208710
9.73664474 4.94839907 43.26489639
8.32612801 5.43598700 45.41823196
9.87778378 3.93367791 44.83497238
13.42188644 1.90302396 36.74290848
14.38748646 0.09519300 36.64070892
12.57632637 2.65558791 39.94306946
13.64334774 0.98120099 39.67442322
14.37430477 -0.91625798 39.60895538
11.32034492 3.28936791 42.76132584
12.52865791 1.69076705 42.37261581
11.16565895 2.41135597 44.36379623
12.08670044 0.87116200 44.05773163
13.31575775 -0.00263600 42.15161133
13.79547501 -1.87960100 42.17781067
12.66415787 -0.73461199 43.95944977
12.93027020 -2.43299508 44.09885788
11.07623577 4.29726982 40.34938812
12.11504745 3.54156709 37.04016876
10.40671539 5.08444881 37.40232849
13.82471848 -3.88730407 42.48498535
14.50922298 -5.28613901 40.20970154
14.63088703 -3.12442398 39.83251572
14.77009201 -6.43900204 37.63671112
14.94074726 -4.36001110 37.17453003
14.40028954 -7.19004488 34.68197250
14.74554253 -5.30297995 34.20285416
14.86690998 -3.13656211 33.80612946
14.89693928 -2.06207609 36.82649612
14.53586674 -0.96849900 33.44242477
13.51877213 -7.57228279 31.38019371
13.99785995 -5.88901901 30.86117935
12.40677547 -7.77285099 27.94492340
12.96918583 -6.23676682 27.38519669
13.24620247 -4.51393890 26.82336044
11.27373791 -7.96895885 24.69782257
11.84307098 -6.52221680 24.04460144
12.17531586 -4.92015600 23.36389923
12.30355644 -3.14739394 22.75646591
13.68049240 0.07378200 29.67727661
13.15444565 -0.74463302 26.00880051
12.62398148 0.99905300 26.06053543
12.30793381 -1.39973497 22.41917992
12.01042938 0.31502599 22.46643829
11.33747101 1.91868305 22.90863037
13.31698895 -2.60142112 26.31634903
14.13509560 -1.88827896 29.94055939
14.16873455 -3.97918391 30.38350677
-0.93823099 -1.66199601 0.85628402
0.69379997 -3.35418701 2.17713404
-2.15831900 -3.84539008 3.01540208
2.41501307 -4.91286182 4.47521591
4.01406002 -6.18710423 7.46404505
1.07360101 -7.01531219 7.47338486
-0.55558598 -5.58782578 4.84448814
-3.41879392 -6.06721878 6.18968916
-1.92069197 -7.62011194 8.37263870
-4.58256912 -8.04351044 9.90588474
5.49072218 -7.19927216 10.85627842
6.84153509 -8.02228737 14.46588707
4.36463404 -9.04052830 14.14893532
8.08993244 -8.67602539 18.11405754
9.25688076 -9.14928532 21.60857010
7.48779583 -10.27126503 21.37317657
5.96514702 -9.77151299 17.81038666
3.23955798 -10.65527439 17.85617447
5.10558701 -11.33322144 21.47299385
2.26545095 -12.16993904 21.75545311
-3.15175104 -9.30676746 12.25801945
-5.55964184 -9.60819721 13.70622730
-1.50625300 -10.34706879 15.10762215
-4.11128998 -10.67152977 16.07359695
-6.21842623 -10.75631046 17.41145706
0.29364899 -11.26624203 18.27149200
-2.50429106 -11.62735844 18.87775803
-0.69596702 -12.64910507 22.12817764
-3.38452411 -12.72041416 22.60153389
-4.95324278 -11.79181480 19.70535660
-6.74870300 -11.61712360 20.80249596
-5.50369501 -12.47307777 23.15266228
-6.83792114 -12.09721756 23.73317337
1.42021203 -9.81426716 14.40384197
-0.32932901 -8.82550621 11.17727089
2.70330811 -8.12846565 10.62910748
10.34914303 -9.27486897 24.99858284
11.51921558 -9.16762638 28.36375809
10.23241329 -10.48447227 28.58320618
12.69986343 -9.04275703 31.85598755
13.69194794 -8.78225803 35.19962311
12.61242867 -10.18133354 35.68709183
11.49106407 -10.36235428 32.19815063
9.88303566 -11.62080288 32.47297287
11.11780167 -11.40320873 36.10427094
9.13431454 -12.44110203 36.48925018
14.24061203 -8.15876293 38.16673279
14.15537930 -7.09925079 40.69932175
13.40992928 -8.63572311 41.29266357
13.58794785 -5.70667315 42.79955292
12.87364960 -4.12431002 44.42194366
12.56665039 -5.72567177 44.67955017
13.03197289 -7.27121496 43.31639099
12.09109116 -8.63809776 43.96271133
11.90729046 -7.12535906 45.18571472
10.85454941 -8.31383133 45.86096191
10.18216801 -11.90393353 39.87274933
7.87426901 -12.65211296 40.40674210
10.67037487 -11.01282215 42.67720032
8.69265366 -11.72937107 43.32910156
6.23616123 -12.19525337 43.96120453
10.75329494 -9.75624275 44.72622681
9.05685997 -10.55667114 45.48568726
9.43362045 -9.22955513 46.62277222
7.71437216 -9.84523964 47.38549042
7.03591585 -11.05187798 46.18990326
4.62728214 -11.32662964 46.78335571
5.74236012 -10.21329689 48.08209229
3.55657601 -10.34462547 48.66055298
12.25304699 -9.98192692 41.97799683
11.98168755 -10.93169975 39.33551788
13.31783199 -9.65240574 38.75094986
2.09636497 -11.22993660 47.14168930
0.58115602 -12.22842789 44.52899933
3.31173396 -12.30451965 44.44178009
-0.82465899 -13.14923859 41.05149078
1.88622296 -13.25678158 41.19228363
-2.06958604 -13.86750126 37.31266022
0.56821102 -14.01224422 37.40357590
3.57723188 -13.77246857 37.29191971
4.96162701 -13.04667473 40.96413040
6.56820917 -13.21561146 36.93770599
-3.26821494 -14.07424355 33.58455276
-0.79591298 -14.46782494 33.50491714
-4.59572697 -13.62950134 29.94119644
-2.37460303 -14.22107220 29.78389359
0.41145599 -14.28983688 29.52895164
-5.88797998 -12.80794907 26.48702240
-4.00204992 -13.42312241 26.26665115
-1.52873302 -13.64260578 25.93833923
1.39183402 -13.41175556 25.60865021
7.79709482 -12.78734970 32.72570038
6.29860878 -13.00755692 28.93004799
8.52838898 -11.79503059 28.73531342
4.36782598 -12.79322243 25.29456711
6.96640682 -11.76125717 25.06253052
8.96720219 -10.54967213 24.98971176
3.46352100 -13.87771320 29.21789932
5.16164398 -13.72757339 33.02613068
2.15915608 -14.33080196 33.32807922
-2.17549396 0.15851399 0.53193498
-3.59459901 -1.92236602 2.14549804
-4.63727522 0.13159899 2.37179708
-4.89601898 -4.21143103 4.84848690
-5.96577883 -6.43119717 8.27185822
-7.33152390 -4.50343704 7.43595600
-6.16181993 -2.16163611 4.37764978
-6.84629583 -0.04666600 5.20699501
-8.33350086 -2.41571307 7.48161697
-8.65039921 -0.29678199 8.70540047
-6.83219385 -8.29615688 11.98149109
-7.47307777 -9.65287971 15.70736122
-8.82972717 -8.28464794 14.54904175
-7.93058681 -10.66279411 19.28335381
-7.90328503 -11.32812500 22.71404457
-9.10896301 -10.25258064 21.82852364
-9.09725857 -9.42045784 18.18432617
-10.47288895 -7.92329693 17.53911972
-10.37501621 -8.89258862 21.26456642
-11.61976719 -7.26437092 20.96709442
-10.12444210 -2.55426311 11.03541183
-10.10416698 -0.40963399 12.40161705
-11.18250465 -4.51554489 14.03713036
-11.43799591 -2.41162992 14.67113781
-11.12923336 -0.27407700 16.04545403
-11.70989037 -6.09102297 17.34845734
-12.29687691 -4.05214500 17.58899689
-12.64417553 -5.39834499 20.89441872
-13.00516129 -3.34233308 21.13508606
-12.21795845 -1.95023298 18.27849960
-11.66653538 0.05994900 19.53696060
-12.71266365 -1.26364100 21.65210152
-12.02533531 0.42544401 22.33036804
-10.20711803 -6.53763199 13.99251747
-9.45389080 -4.65115309 10.59419346
-8.19584465 -6.62466002 10.92629433
-7.33167410 -11.86065006 26.28920174
-6.32505512 -12.59292412 29.87210464
-7.71939993 -11.28560257 29.55373764
-5.17364502 -13.18655682 33.49981689
-4.11198711 -13.26467323 37.13998795
-5.63116598 -12.27778053 36.83076477
-6.66762304 -11.95255280 33.21787262
-8.03045273 -10.53898621 32.85713959
-6.98162699 -11.09810925 36.41287994
-8.22590542 -9.72120476 36.01094055
-3.05085802 -12.78942204 40.78504181
-1.68412197 -11.92786980 44.38602448
-3.50116396 -11.43354034 44.14623260
-0.20347600 -11.06441879 47.27270508
1.37709999 -10.26133537 49.04129791
-0.62030101 -10.01725388 49.16121674
-2.14021397 -10.68436813 47.17087936
-3.86347103 -10.12652206 46.89883423
-2.45601201 -9.60441971 49.06741333
-4.09539413 -9.04939461 48.77136230
-7.24482393 -10.09986591 39.54188919
-8.35682869 -8.73209763 39.19469452
-6.31595278 -9.92033768 43.18377686
-7.46399784 -8.81572342 42.78630829
-8.54308605 -7.34400606 42.52231598
-5.29466200 -9.46859360 46.44517136
-6.55156279 -8.56451797 46.05397034
-5.45449591 -8.34671402 48.37002563
-6.60373116 -7.39973783 47.99253845
-7.63852596 -7.37229204 45.72467804
-8.63918018 -5.75922585 45.44799805
-7.56503201 -6.13878822 47.61472321
-8.34095287 -4.50737619 47.40003204
-4.98939991 -10.76076317 43.69531631
-6.00870514 -11.17695236 40.03939819
-4.62636614 -12.07422256 40.49681854
-9.47540283 -3.76833296 45.18630219
-10.57950878 -3.30568910 41.95381165
-9.85373116 -5.28078794 42.30281448
-11.55374718 -2.80182600 38.44669342
-11.01516342 -4.75223017 38.74160767
-12.19512177 -2.28041506 34.87129974
-11.84966278 -4.26479483 35.06079102
-10.91862488 -6.21574688 35.34882355
-9.77153015 -6.86765909 38.98635483
-9.57908440 -8.10209560 35.64363861
-12.50794506 -1.72342396 31.32913208
-12.33570099 -3.85868406 31.40197372
-12.62932301 -1.00851703 27.89646149
-12.78686523 -3.11882401 27.86096382
-12.45370007 -5.16635799 27.92748642
-12.47270012 -0.23243600 24.74518204
-12.94231701 -2.27676511 24.54501724
-12.99629784 -4.34653807 24.38718796
-12.33290768 -6.29040480 24.42710114
-9.37856674 -8.99484158 32.49159241
-10.34513664 -8.43318272 28.63845062
-9.05562210 -9.88637638 29.11419678
-11.09908867 -7.97083616 24.69261932
-9.82206154 -9.45674992 25.11336327
-8.54743576 -10.73093700 25.70822525
-11.62111092 -6.89888191 28.18941879
-10.69613647 -7.41226578 32.02444458
-11.78830147 -5.71962309 31.63030815
-2.97882295 2.10424089 1.80271196
-5.20481014 2.14854193 4.14244699
-7.05571985 1.98620200 7.32953215
-5.47355223 3.97541595 7.14401197
-3.56346393 3.91877890 4.53950214
-3.93378496 5.45906878 8.27264118
-8.52702141 1.75756800 10.98961258
-9.73117256 1.67267799 14.64225388
-8.26033592 3.64699197 14.00727463
-10.47361088 1.70624399 18.26037788
-11.07634354 1.82488894 21.59923172
-10.04066372 3.46145105 21.10320282
-9.25802422 3.52483606 17.57581520
-7.93886089 5.18331814 17.50945282
-8.88971615 5.02817106 21.01156616
-7.64390278 6.35576916 21.28072357
-4.15891886 6.71682405 12.35942841
-5.55991411 6.77912378 14.88937187
-4.17507792 7.56646585 16.24597931
-6.72388601 6.60177612 17.92194748
-5.37536383 7.54879284 18.75013351
-6.37451696 7.38555479 21.82125664
-5.14360714 8.15343857 22.52330971
-4.13027000 8.18942928 19.85450363
-4.03168201 8.71507835 23.29557991
-6.92231321 5.45282698 14.08005905
-5.58971691 5.57575321 10.92239761
-7.02522993 3.85155797 10.44173431
-11.71894646 1.62590897 24.68854141
-12.17372322 1.05304003 27.89323807
-11.41805935 2.94582105 27.79772568
-12.29300117 0.35301000 31.30945969
-12.09741497 -0.32587999 34.80145264
-11.72113991 1.66264296 34.78966904
-11.76348114 2.35633898 31.27006149
-10.96110344 4.18770409 31.26394653
-11.13983631 3.56768608 34.79649353
-10.32631397 5.32543421 34.89388275
-11.70579243 -0.90579402 38.26136780
-10.84350395 -1.48936999 41.69901276
-10.80347061 0.14148299 41.49123001
-9.81096077 -2.07850289 44.78176880
-8.73539925 -2.91924500 46.95066833
-8.81544685 -1.41250801 46.49010849
-9.79456329 -0.55636197 44.42420959
-9.62153530 1.04453802 44.18452835
-8.67751694 0.07196800 46.12355423
-8.52558804 1.65671301 45.87989044
-10.45144939 4.63762522 38.27555084
-9.63908768 6.28044701 38.49516296
-10.02613831 3.73962402 41.43686295
-9.55242538 5.42866087 41.60390854
-8.82175827 7.04517221 41.93762589
-9.23135757 2.72033501 44.09651947
-9.00787735 4.47470713 44.22206879
-8.45952702 3.35747910 45.84118652
-8.45683384 5.12795115 46.13237000
-8.73207283 6.13968706 44.51832581
-8.06985283 7.64711189 44.93163300
-8.35438347 6.76946592 46.56084442
-10.37527657 1.89042306 41.41262054
-10.97251701 2.81452203 38.22248840
-11.41326427 0.90644598 38.21212769
-8.20838070 8.94558334 42.39005280
-7.77436686 9.84438896 39.19891739
-7.19106722 10.02181911 35.83597183
-8.31931877 8.71493626 35.46492767
-8.76972485 8.13584614 38.84284592
-9.36182690 7.07969999 35.13307190
-6.50112677 9.76601696 32.53419495
-5.71609592 9.37920761 29.25502586
-6.93283987 8.57834435 28.79139328
-4.88516092 9.01058578 26.08778381
-6.08573818 8.31298542 25.54183197
-7.36022997 7.44010401 25.00156403
-9.90043640 5.85110903 31.41585732
-9.16522598 6.09713984 27.98882484
-10.36749840 4.63259506 27.79243469
-8.39618492 6.21440887 24.60873413
-9.58511639 4.86130905 24.40026855
-10.68996525 3.30779791 24.45707703
-8.06999493 7.45342398 28.34053802
-8.77723598 7.40632296 31.71722412
-7.66755915 8.77032089 32.11305237
0.32198599 0.89889300 48.21852112
-0.77606899 3.09153700 48.45423889
-0.97140598 2.84595895 48.43918610
-1.29536903 4.14437723 48.55317688
-1.55220795 3.75320411 48.49292755
-1.83414304 5.20461512 48.71514130
-2.14618206 4.67072296 48.59786224
-2.35080910 6.20238304 48.89541626
-2.71522093 5.53821802 48.71301270
-2.95673299 7.13930321 49.08372498
-3.38437891 6.35728312 48.82726669
-0.55528498 3.30550599 48.46392059
-0.99687499 4.49004889 48.60946655
-1.46610701 5.67474604 48.82483673
-1.91881502 6.78344202 49.06161499
-2.44385600 7.80993795 49.30907440
-0.30617100 3.47823906 48.46677780
-0.64802098 4.77398109 48.65537262
-1.02843499 6.05815077 48.91295624
-1.39920700 7.24772978 49.18836975
-1.82407606 8.33981323 49.47865677
-0.02450900 3.59995699 48.46041107
-0.23919301 4.97721910 48.68175507
-0.49837199 6.32498884 48.96181488
-0.76125699 7.55572319 49.25082397
-1.06268001 8.67960453 49.56327820
0.28945801 3.66157699 48.44260406
0.22227600 5.08940887 48.67976379
0.11835900 6.45071411 48.95597076
0.00457100 7.66999102 49.22788239
-0.14544500 8.75701141 49.52568817
0.61482799 3.67016006 48.42103577
0.72481298 5.14873695 48.65809631
0.78968298 6.48853111 48.89697266
0.88044602 7.56673193 49.10349655
0.91106600 8.55285072 49.34906769
0.93987602 3.62474298 48.40404892
1.29813302 5.03512812 48.57994843
1.61205196 6.23467112 48.73023987
1.85954201 7.25777102 48.87142181
2.06456590 8.11482239 49.03555298
1.34474099 3.46236610 48.33656311
1.94733799 4.74474716 48.43635559
2.49800205 5.78451920 48.48283386
2.96317410 6.63200378 48.53084564
3.35395193 7.32547808 48.60869598
1.77444696 3.20829010 48.24421692
2.63940001 4.30457306 48.25630951
3.42831206 5.15010977 48.19673920
4.10944700 5.80894279 48.12644196
4.71788120 6.28659105 48.15873337
2.20430589 2.86738205 48.15588379
3.33099508 3.74361801 48.07053375
4.38052416 4.36153793 47.94963837
5.28044605 4.82860613 47.76197052
6.03854418 5.13456011 47.63184738
2.61075401 2.45545793 48.06866455
3.99286294 3.07075906 47.94542694
5.26851988 3.49841690 47.68069458
6.38115978 3.78266692 47.38558960
7.27406120 3.92110300 47.13858032
2.97520900 1.98344004 47.99149704
4.57016802 2.35630989 47.79462433
6.05679607 2.57893395 47.45828247
7.36104918 2.69915199 47.07279205
8.39786053 2.69324303 46.74501419
3.32058001 1.44254696 47.99040985
5.04170799 1.59505105 47.69027710
6.69470978 1.62871695 47.29821014
8.16153526 1.59684598 46.87825012
9.31181526 1.48636997 46.50030136
3.53694701 0.89949399 47.98313522
5.37476110 0.80738801 47.65171814
7.14118481 0.65891999 47.22401428
8.72739410 0.48949999 46.79489899
9.95113564 0.28209299 46.40750885
3.63220692 0.35526699 47.98799133
5.53490782 0.01941100 47.65875244
7.37311316 -0.31924200 47.24114990
9.02867222 -0.62946498 46.82318115
10.29377842 -0.93562698 46.44189453
3.60912704 -0.17675599 48.02433777
5.52183819 -0.75444198 47.72109985
7.37982702 -1.29200602 47.34424210
9.06154060 -1.76291299 46.96755219
10.34056473 -2.17661500 46.61433411
3.46644211 -0.67540902 48.09218216
5.33323097 -1.48980105 47.83744431
7.16307402 -2.23427796 47.52707291
8.81894398 -2.88180900 47.21985245
10.10159302 -3.42631507 46.91970062
3.21160007 -1.12671101 48.18564606
4.97603416 -2.15949988 48.00111389
6.72682905 -3.10399199 47.78186798
8.32902241 -3.92788506 47.57015228
9.51471329 -4.59535980 47.35306168
2.85716701 -1.51241100 48.29579163
4.46487093 -2.73605895 48.19908142
6.07791710 -3.85392594 48.09270477
7.57922506 -4.82774496 47.99620056
8.75941086 -5.61776018 47.86606598
2.42006302 -1.82149899 48.40772247
3.81973791 -3.19691801 48.40908051
5.23990679 -4.44672823 48.42465591
6.50707722 -5.55744219 48.47283936
7.55758190 -6.43161583 48.42811203
1.91942894 -2.04425597 48.47841263
3.06731892 -3.52817893 48.60636139
4.22351503 -4.90251923 48.76496506
5.33280611 -6.06047392 48.89583588
6.23840380 -6.98268509 48.96565247
1.38141000 -2.17165899 48.43994522
2.24474502 -3.72831011 48.74683380
3.13910699 -5.15024614 49.01554108
4.01322985 -6.35115099 49.25102234
4.74741697 -7.29775810 49.43477631
0.84834200 -2.22929001 48.45650101
1.39698601 -3.80814409 48.81179810
2.00414109 -5.24213409 49.16915894
2.62080908 -6.45724916 49.49622345
3.16030502 -7.41010523 49.78439331
0.34044799 -2.21793008 48.47408295
0.58515698 -3.78192496 48.77536011
0.88168001 -5.20798683 49.18939590
1.22393703 -6.41938210 49.58586502
1.55815899 -7.35956001 49.96995544
-0.14197300 -2.11414289 48.45681763
-0.17933799 -3.65443802 48.72854614
-0.17238601 -5.05739594 49.10726547
-0.10879100 -6.25542784 49.51792526
0.00690200 -7.17922020 49.95404053
-0.57220501 -1.92968202 48.41752625
-0.86309499 -3.41571808 48.65941620
-1.11091495 -4.78218794 48.98472595
-1.30881000 -5.95600510 49.35889435
-1.40848804 -6.86742783 49.78641510
-0.92961901 -1.67694294 48.36780548
-1.42929304 -3.08107805 48.55842972
-1.88902795 -4.39258385 48.81893921
-2.31598592 -5.52097082 49.13197708
-2.61607599 -6.42644310 49.51438141
-1.21075499 -1.36574399 48.31921387
-1.87219405 -2.65976501 48.44454956
-2.49643898 -3.88514900 48.62481689
-3.09286499 -4.97233200 48.84866333
-3.56667399 -5.85642576 49.15862274
-1.41931701 -1.00824702 48.28041458
-2.19823694 -2.16377401 48.33718872
-2.99748302 -3.25960493 48.42420959
-3.64864612 -4.27524185 48.55923462
-4.24971390 -5.16883278 48.75941086
-1.56161702 -0.61909300 48.25650024
-2.41365504 -1.60810697 48.25043488
-3.27616692 -2.56190491 48.25913239
-4.08293295 -3.49428391 48.26542282
-4.72867298 -4.25554705 48.38656235
-1.64538097 -0.21439201 48.24771118
-2.53794599 -1.01478195 48.19203949
-3.37579203 -1.80693603 48.13816833
-4.20450878 -2.56134391 48.08971405
-4.95971823 -3.27955604 48.08894348
-1.67839301 0.19234800 48.25173950
-2.58863592 -0.40668699 48.16271973
-3.42842007 -1.01189804 48.06720734
-4.25986099 -1.60146499 47.96519470
-5.05107403 -2.19019294 47.88955688
-1.66904497 0.58766198 48.26599121
-2.57814908 0.19580300 48.15898895
-3.39844298 -0.20005000 48.04297638
-4.22216892 -0.60159099 47.91268921
-5.05082893 -1.02940905 47.79190063
-1.62834895 0.96654302 48.28769684
-2.51982903 0.78429401 48.17720795
-3.30816102 0.60320997 48.05790710
-4.10704517 0.39571199 47.91875839
-5.01360607 0.14509200 47.77869797
-1.56373298 1.32566094 48.31335068
-2.42477107 1.35000396 48.21292877
-3.17819595 1.37580502 48.10564423
-3.95180392 1.37455904 47.97752380
-4.90250397 1.31261396 47.82044220
-1.48056400 1.66638005 48.34148407
-2.30585790 1.88964796 48.26084137
-3.01534891 2.11262703 48.17790222
-3.74971008 2.31482291 48.07882690
-4.65021420 2.46510911 47.92857361
-1.38138294 1.98889697 48.36980057
-2.16749692 2.40454698 48.31777191
-2.83388495 2.81265306 48.26792908
-3.53027797 3.20401406 48.20941925
-4.40748787 3.56984711 48.10870361
-1.26633298 2.29320502 48.39635086
-2.01255393 2.89294100 48.37994385
-2.63126898 3.47476602 48.37031555
-3.28625989 4.03477478 48.36124802
-4.09599018 4.57532120 48.32557297
-1.13087702 2.57940888 48.41973877
-1.76853704 3.33205199 48.43197632
-2.40562701 4.09349394 48.48136139
-3.01689005 4.81276321 48.53115845
-3.74483490 5.49106789 48.56566620
-3.57415509 7.92447519 49.23268127
-4.06687784 7.06712294 48.90512085
-4.47298193 8.63122940 49.39351654
-4.96860981 7.63107491 48.98599243
-5.49960518 9.10328865 49.35002518
-6.02551794 7.98695612 48.91022873
-6.46451998 9.39830971 48.88978577
-7.02606821 8.19698334 48.43463135
-2.97271991 8.63255119 49.49887848
-3.80914092 9.44811440 49.69058228
-4.72628593 10.01929092 49.63417816
-5.54878616 10.38283920 49.14963531
-2.24813008 9.16481018 49.67587280
-2.94369411 10.03289795 49.84569550
-3.67692208 10.66642189 49.74355698
-4.31117296 11.07239246 49.22449493
-1.37309098 9.46800804 49.73577881
-1.88122702 10.32734108 49.84704590
-2.40687990 10.98168564 49.69522095
-2.85921502 11.40342140 49.15620422
-0.34481999 9.47673416 49.65677643
-0.66398197 10.29059792 49.70693588
-1.00187898 10.93706131 49.51597214
-1.29779601 11.35823822 48.99350739
0.81490701 9.17465973 49.43245316
0.64859700 9.91935253 49.43909836
0.44796199 10.54220390 49.23450851
0.24834700 10.97069454 48.74619675
2.04998398 8.60427094 49.08001709
1.98357403 9.27289391 49.07854462
1.87310195 9.87006760 48.88642883
1.76170897 10.29429054 48.43943024
3.41948199 7.74024820 48.59561157
3.45518303 8.30088425 48.54314804
3.43232203 8.83683014 48.35009003
3.38142896 9.25349617 47.92980576
4.88119888 6.66235209 48.09209442
5.00988913 7.11256790 47.98340225
5.06831694 7.57557678 47.77761459
5.07363701 7.96471596 47.40234756
6.28128290 5.45228004 47.51361847
6.48481607 5.81586981 47.36553955
6.63622904 6.20503807 47.13204193
6.72236681 6.55697298 46.78134918
7.59650612 4.18752289 46.95053101
7.88522816 4.46783400 46.76969910
8.13622665 4.78288698 46.49720764
8.31923771 5.08791018 46.13441467
8.79981804 2.90471292 46.49993896
9.15799904 3.11150599 46.26717377
9.50035095 3.34864998 45.96390915
9.76989365 3.59438896 45.56151962
9.80788326 1.63888896 46.22473907
10.20199871 1.76995504 45.91122055
10.61325264 1.92119801 45.57881165
10.94918823 2.09641600 45.13328171
10.53043175 0.36883900 46.09654236
10.96574974 0.42498800 45.74511719
11.40120888 0.49042100 45.32561493
11.79141045 0.58465397 44.87139130
10.93509197 -0.92565697 46.12149048
11.39885902 -0.94383001 45.74950409
11.86339474 -0.96436101 45.30895233
12.28188705 -0.95514297 44.81600952
11.02635574 -2.25041389 46.29788208
11.51016426 -2.34251595 45.91659927
11.99760056 -2.44265199 45.47254562
12.44744301 -2.51895499 44.98126984
10.82752991 -3.58654594 46.61553192
11.31834984 -3.75367403 46.23563766
11.82219601 -3.92106104 45.79311371
12.29540443 -4.06917810 45.30458832
10.30289555 -4.85008812 47.06080627
10.81441689 -5.15196419 46.70679855
11.32617855 -5.39329004 46.26876068
11.86208057 -5.59682989 45.69865036
9.44332218 -6.00209808 47.62595367
10.02254486 -6.33049202 47.28622437
10.55028915 -6.64516783 46.86000061
11.11742687 -6.92054701 46.26574707
8.33834553 -6.88174582 48.23854828
8.90533257 -7.27854490 47.94657898
9.42717171 -7.64655876 47.55460358
10.01902485 -8.01870346 46.96884155
6.95219898 -7.50137520 48.85914230
7.49024296 -7.96403503 48.63077927
8.00545311 -8.40373993 48.29496002
8.57528591 -8.81831932 47.73893738
5.37129593 -7.87663984 49.42918015
5.86466408 -8.38907146 49.28419495
6.33648205 -8.88572884 49.01908875
6.87283516 -9.36299515 48.50673676
3.67527509 -8.04054642 49.88378906
4.09775782 -8.59275818 49.83579254
4.50968504 -9.12842369 49.65185165
4.96830797 -9.65374184 49.19506454
1.94241798 -8.01939011 50.17079926
2.27812791 -8.59500313 50.22410583
2.60400796 -9.15879631 50.12274933
2.96065497 -9.71719742 49.72754288
0.24423300 -7.85655785 50.23214722
0.48321000 -8.44189072 50.38949966
0.71579701 -9.01951599 50.37363434
0.97275400 -9.59339714 50.04001236
-1.33485198 -7.56740618 50.08154297
-1.21098602 -8.16933632 50.31776428
-1.06787395 -8.76013374 50.37228775
-0.90366298 -9.33948898 50.09482956
-2.71323204 -7.14584494 49.80379868
-2.72782707 -7.76180315 50.08589172
-2.70046711 -8.36847115 50.17929077
-2.63590789 -8.95172691 49.92815781
-3.84693408 -6.57668495 49.43769073
-4.00652409 -7.22551918 49.76657486
-4.10272217 -7.82986784 49.87343979
-4.14693499 -8.42468452 49.61588287
-4.68599176 -5.85710287 49.00400543
-5.02409220 -6.49738884 49.37453842
-5.23722982 -7.11551523 49.51285172
-5.38929605 -7.71808195 49.24970245
-5.22090816 -4.96319199 48.60754776
-5.72676706 -5.56473923 48.95813751
-6.14263487 -6.17939901 49.13438797
-6.43769217 -6.77109480 48.89486694
-5.62643099 -3.87923598 48.23175049
-6.29083490 -4.45760298 48.58895111
-6.89924717 -5.00604391 48.80788422
-7.31695318 -5.51316595 48.53761673
-5.81542397 -2.69599700 47.96512604
-6.59467602 -3.20799589 48.24611664
-7.34367990 -3.67205405 48.43283081
-8.00872993 -4.02712584 48.26612854
-5.88918686 -1.41139996 47.79384613
-6.74450016 -1.84047699 47.96593857
-7.59235716 -2.21821189 48.08002853
-8.35101414 -2.48964310 47.87449265
-5.92921686 -0.09148000 47.69775009
-6.73910093 -0.43458599 47.72968292
-7.59677887 -0.72790700 47.78172302
-8.38181305 -0.96089202 47.51203918
-5.58430290 1.13690805 47.62342072
-6.55368519 0.93090200 47.59240341
-7.49251890 0.73775297 47.44710541
-8.21078110 0.53726000 47.06073761
-5.56586599 2.51001906 47.64383698
-6.56960106 2.48424292 47.70084381
-7.46414709 2.32890701 47.50669098
-7.94996595 2.03141403 46.99047852
-5.32060099 3.84476304 47.87931824
-6.27343798 3.94868493 47.89453888
-7.09889221 3.81968307 47.64715576
-7.63591194 3.56582308 47.01839447
-4.80611706 4.97181892 48.17425537
-5.70483780 5.18154907 48.09901428
-6.62642717 5.22542810 47.82273865
-7.48794699 5.20409393 47.26731491
-4.51009083 6.09700394 48.55654907
-5.43915510 6.51336718 48.52345276
-6.41352606 6.71131897 48.37470245
-7.31912279 6.78490400 47.87290955
