-0.70020998 0.40906700 0.64802301
-1.20179999 1.88806605 1.53968799
0.93750203 1.07075095 1.02814698
-1.81039596 3.30847502 3.90166497
0.40434599 2.66355300 2.76236606
2.64799690 1.72166502 2.58413100
-2.34542394 4.38792086 7.28326321
-0.38686600 3.89907789 5.77462578
-2.70517612 5.16435289 11.17556667
-1.14918494 4.78766489 9.52504539
0.71404201 4.26272202 8.44553661
1.80715299 3.23021793 4.97899103
3.97799706 2.25097990 5.19248104
2.81344295 3.59255099 8.01835155
4.88889408 2.62162209 8.41958332
-2.88242698 5.78030586 15.10529137
-1.69874799 5.48624802 13.49215603
-2.93767405 6.31222296 18.79932404
-2.02082396 6.10322189 17.26228333
-0.89269799 5.75508213 16.15464973
-2.90364099 6.74725819 22.18653488
-2.18049788 6.62463284 20.75805664
-2.83460212 6.93115187 24.99600410
-2.28127789 6.95639992 24.04344940
-1.52470195 6.80113077 23.19029236
-1.27266502 6.36381102 19.72653389
-0.09760400 5.96174002 18.95502090
-0.56389201 6.55491209 22.46051979
0.74047601 6.06650686 21.89256668
3.56773591 3.80025005 11.37639999
5.55622911 2.84248710 11.76413345
2.30939293 4.70939493 14.80091667
4.26504517 3.92291594 14.62653732
6.14252281 2.98629808 14.97136497
1.38074899 5.45092487 18.33561707
3.10574603 4.82405186 17.93526840
2.33472800 5.47907877 21.36422729
4.09606409 4.76571083 20.91012955
4.97278404 4.02657700 17.66528893
6.73292589 3.06044006 17.99885941
5.84085798 3.89693499 20.62905121
7.27372980 3.03634000 20.55639458
0.52683198 5.31320381 15.33752632
1.53704000 4.53821707 11.58439636
-0.24472600 5.05367804 12.32513809
-3.13321710 6.99782705 27.38470840
-2.40649199 6.98137379 27.27929878
-3.46937299 7.13547182 30.42310333
-2.62031507 7.04042578 30.48642349
-1.88698602 6.86677599 30.21229553
-3.79664493 7.38105917 33.69004440
-2.82421994 7.24144506 33.83472443
-4.10043001 7.70071316 37.06428528
-3.02747798 7.55178499 37.22104263
-2.18792295 7.25836515 37.16716766
-2.05423498 6.96652412 33.70525742
-1.30604804 6.62799120 33.31198120
-1.45285904 6.87355280 36.86740875
-0.67142498 6.46893120 36.37438202
-4.42694712 7.93430710 40.43054199
-3.24701095 7.88202286 40.58405685
-5.07840204 8.02450562 43.54433060
-3.65847802 8.12039185 43.74510193
-2.62718201 7.99633598 43.78416824
-6.05306292 7.84302902 46.15805054
-4.37157202 8.10828781 46.38670731
-7.00253487 7.43566513 48.16566849
-5.27442217 7.83528900 48.37232971
-3.80616593 7.97756004 48.46626282
-3.10848808 8.11891365 46.47552109
-2.10818100 7.96676397 46.43943024
-2.62448311 7.94752312 48.45841217
-1.67757595 7.77920723 48.34212494
-0.84984100 6.84654617 39.91796112
-0.05949800 6.39488411 39.38037491
-1.01898706 7.33257914 43.34276581
-0.28850400 6.88456488 42.91735840
0.59396797 6.38126898 42.34521103
-1.28582704 7.67546701 46.25010681
-0.52686602 7.27669096 45.94922256
-0.87977201 7.47761011 48.12038422
-0.12485400 7.07185888 47.82087326
0.25570300 6.80330515 45.53438568
1.25608802 6.28496695 45.03042603
0.74697602 6.58806801 47.47311020
1.86927903 6.01434088 46.72187042
-1.76879799 7.71919394 43.67453384
-1.56672800 7.27405787 40.35659790
-2.33749294 7.63463688 40.58697510
2.78461194 5.63805819 44.05297470
3.68332791 5.24390221 40.63176727
1.95602095 5.78181505 41.54787064
4.46366215 4.93110514 37.11159897
2.71973300 5.40567112 37.87562561
5.21289587 4.66129494 33.66699219
3.45008302 5.21940088 34.34670258
1.75217104 5.66892910 35.07882690
1.09851801 5.85235882 38.60635376
0.37191901 6.04803801 35.75878525
5.89703178 4.35806799 30.24924850
4.13475800 5.10448599 30.85944176
6.44282818 3.94572592 26.77782059
4.74709702 4.88763285 27.37870216
2.99344110 5.56813812 27.93089104
6.92993116 3.49319601 23.36924744
5.24928999 4.47500610 23.89758682
3.50119495 5.27515078 24.39407921
1.81575501 5.89592981 24.90464783
-0.37452099 6.31698179 32.72620392
-0.03867200 6.41339397 29.04386520
-1.07067704 6.64112902 29.66421890
0.33957401 6.39033794 25.43624115
-0.83916801 6.76459312 26.00577736
-1.71383202 6.92060280 26.68371391
1.35250795 6.05877781 28.47873688
0.83905101 6.02386713 32.11264038
2.41359210 5.65162277 31.49153137
0.84673297 -0.79381698 0.81604302
2.97144103 -0.14113399 1.50910902
2.66818309 -2.24375010 2.05577707
4.70824289 0.50634402 3.44250298
5.92095280 1.05300295 6.30202293
6.41847420 -0.82980299 5.38778400
4.82935190 -1.52423799 3.17119098
4.38502121 -3.63312197 4.40396309
6.37365913 -2.83386707 5.81787014
5.82996988 -4.77248287 7.51361895
6.71950197 1.43952799 9.60328102
7.30968809 1.70536602 12.90979195
8.21802807 0.16934200 11.58023357
7.84296608 1.90462601 16.10566521
8.26405239 2.09975600 19.28748894
9.33925056 0.78053403 18.12749481
8.85156059 0.48402700 14.81028938
9.51570320 -1.08924198 14.13630199
10.17691898 -0.71806401 17.36950493
10.62847328 -2.25914907 17.12600708
7.58833313 -3.94668889 9.04121113
7.00859308 -5.67795181 10.87663746
8.81995869 -3.26055408 11.34142113
8.52846241 -4.86325884 12.39896393
8.00028992 -6.43128777 14.15012741
9.81623363 -2.72449708 14.07489014
9.72039032 -4.23737621 14.60393047
10.71639729 -3.75763392 17.36951637
10.53094292 -5.24314022 18.05530930
9.36370373 -5.66032505 15.66489601
8.91481304 -7.16780090 17.28840256
10.13274479 -6.61509800 18.95359612
9.67009926 -7.83074284 19.94409943
8.71711063 -1.53454804 11.06067657
7.75668478 -2.11568594 8.16894341
7.48177624 -0.25186300 8.34886742
8.32760525 2.34610295 22.61259079
8.10078812 2.83650589 26.08015633
9.56492996 1.56607294 25.27398682
7.61364079 3.37948298 29.60911560
6.97477579 3.87231493 33.04913330
8.70607090 2.85842991 32.43371582
9.23883343 2.20018697 28.91683388
10.69648170 0.85980099 28.24513435
10.33543873 1.62779903 31.82936096
11.77410126 0.16552800 31.33219910
6.22677898 4.30544806 36.44821548
5.38039494 4.71913719 39.89183807
7.13870287 4.06213093 39.19613647
4.41002321 5.09465408 43.17083740
3.25359106 5.46357298 45.79646301
4.83854818 4.91673994 44.87801361
6.11771917 4.52860594 42.34743118
7.94797087 3.75720000 41.55890656
6.60111523 4.27404022 43.96541595
8.44308186 3.40484190 43.12122726
11.41234207 1.05686605 34.70800781
12.74454975 -0.55030298 34.35446167
10.78913689 1.90984094 37.90137482
12.24051952 0.45209500 37.43477631
13.37493134 -1.31743801 37.16657639
9.83546352 2.69704199 40.81124115
11.41422653 1.36410904 40.22654724
10.16210175 2.25218010 42.41642380
11.57557106 0.81822199 41.89679337
12.65758419 -0.23799300 39.82285309
13.52402592 -2.04525208 39.68523407
12.61423302 -0.83206898 41.60251617
13.18684006 -2.57313895 41.54947662
9.01830769 3.12881303 38.52162933
9.80290794 2.39237189 35.24081039
8.01743126 3.48310804 35.83934784
13.95068932 -4.06687117 39.75376129
14.35618591 -5.45265007 37.31017303
14.21567059 -3.43177891 37.14896774
14.39438248 -6.56164408 34.61412811
14.38787556 -4.68233109 34.30529785
13.93663502 -7.29618502 31.66492844
14.15837383 -5.56325912 31.25411606
13.93175316 -3.60318899 31.06298828
13.88936615 -2.56577897 34.22167969
13.09181023 -1.63319099 31.06378937
13.05045795 -7.68026114 28.51532173
13.45552158 -6.07617521 27.99736786
11.91649914 -7.81484079 25.30243874
12.44272709 -6.32036018 24.71068382
12.62527275 -4.72283316 24.23923492
10.70862579 -7.82421017 22.27192307
11.29130936 -6.44214582 21.59035110
11.61541462 -4.97888422 20.98157310
11.62464428 -3.40232491 20.56314087
11.94750023 -0.69131702 27.74253082
11.74862957 -1.34393299 24.07317352
10.80562687 0.18960699 24.52426529
11.25922394 -1.82885206 20.51681900
10.56550217 -0.30314299 20.89400101
9.53854179 1.11500597 21.65362549
12.40238476 -2.99814796 23.98397636
12.93417740 -2.44116998 27.54307556
13.43289280 -4.31396580 27.64676285
-1.51103199 -1.16779494 1.22434700
0.10354300 -2.84358406 2.04889607
-2.59706497 -3.24470711 3.07293105
1.83830202 -4.38533211 3.99753499
3.48209500 -5.64432907 6.83672523
0.70989501 -6.44493484 6.97084379
-0.97461098 -5.00564814 4.51770020
-3.77013206 -5.40687418 6.01597786
-2.18411994 -7.03218699 7.89522886
-4.89182520 -7.34560299 9.61038113
4.95917797 -6.64179516 10.15116787
6.26180077 -7.44248104 13.44042587
3.98414397 -8.47506046 13.29551888
7.46527100 -8.11486340 16.58419037
8.57432461 -8.71564674 19.60876465
6.95785999 -9.83225632 19.57917213
5.52305698 -9.23382854 16.49373627
3.05801702 -10.22932243 16.68351364
4.81746006 -10.97593021 19.84519577
2.20626211 -11.93288231 20.28232384
-3.33862209 -8.78090954 11.68121147
-5.82949400 -8.90694809 13.35374355
-1.58085203 -9.98416042 14.31758881
-4.24794912 -10.22865105 15.41131973
-6.48855782 -10.11318302 16.97566223
0.27197599 -10.99102592 17.17556763
-2.50120211 -11.39174461 17.90761566
-0.63292199 -12.51750755 20.82972145
-3.34729695 -12.61858940 21.48278999
-5.05265093 -11.43487167 18.91703796
-7.01206779 -11.05146885 20.24253273
-5.62643099 -12.26099586 22.22704315
-7.14993477 -11.67546844 22.99936676
1.26447701 -9.35701084 13.58571053
-0.50804198 -8.32518387 10.57759285
2.37073588 -7.57266998 10.06328869
9.77987957 -9.09705639 22.68412209
11.05427647 -9.21254063 25.83970261
9.82466602 -10.55824280 26.22555923
12.28224659 -9.13470268 29.07424545
13.28071404 -8.79702854 32.19119263
12.25601006 -10.18586159 32.73369598
11.14086342 -10.51386356 29.55949783
9.61505699 -11.84513474 29.96961784
10.85241985 -11.50118160 33.23084259
9.00887871 -12.72899914 33.70508575
13.90903091 -8.11786270 35.08691788
14.04269981 -7.09356689 37.69908142
13.29434872 -8.50071335 38.22846222
13.77632427 -5.77295208 39.96319580
13.26959229 -4.24889421 41.72874069
12.92784309 -5.78939104 41.92204285
13.19265556 -7.22886086 40.40037918
12.20297909 -8.52395058 40.98572159
12.17057419 -7.13860989 42.38483047
11.03537178 -8.30209064 43.08785629
10.05474472 -12.00900078 36.80853271
7.94470787 -13.04391575 37.39694977
10.60917282 -10.95779610 39.57145691
8.76856804 -11.94427109 40.27748871
6.47508621 -12.74045658 40.98423767
10.82948875 -9.68509483 41.74358368
9.19419384 -10.66839409 42.55957031
9.60454178 -9.34865379 43.87952423
7.90764523 -10.20597553 44.74703598
7.24560690 -11.45853043 43.37368011
4.89796782 -12.02136135 44.13232422
5.94283915 -10.86578560 45.60591507
3.71945500 -11.30120468 46.37733459
12.12905979 -9.79917240 38.87177658
11.71852779 -10.82306671 36.23371887
13.00782585 -9.51795864 35.64816284
2.20641398 -12.26486111 44.81575775
0.61900502 -13.23555183 42.21504211
3.58482194 -13.22178555 41.68167496
-0.91850001 -13.95613670 38.95024109
2.07982993 -14.20227432 38.58477783
-2.30455399 -14.31667805 35.52857590
0.58324200 -14.71872616 35.21572113
3.69677997 -14.55272675 34.74854279
5.21021223 -13.85772705 38.01313782
6.60540390 -13.81888199 34.20756531
-3.58752894 -14.20557308 32.09204483
-0.95095998 -14.75231934 31.79237556
-4.91547489 -13.60022354 28.67888832
-2.53159595 -14.28976727 28.36290550
0.30410999 -14.44274139 27.92103577
-6.19050503 -12.63673973 25.47117615
-4.12860012 -13.38566589 25.07930183
-1.53762996 -13.67337227 24.56304169
1.34335995 -13.41309547 24.03455734
7.60688782 -13.10636330 30.37712479
6.03047180 -13.10166836 26.93162537
8.16733170 -11.87451458 26.54520798
4.18410778 -12.66491222 23.52402687
6.57320786 -11.55728054 23.10753632
8.42848682 -10.32607365 22.84524536
3.31121397 -14.04105568 27.41809464
5.06066990 -14.17514420 30.84971809
2.08223295 -14.77918243 31.35968781
-2.69512701 0.61251003 1.46437001
-3.98461390 -1.27947700 2.74456310
-5.00325823 0.70212603 3.45064306
-5.20211697 -3.46543097 5.12750196
-6.28309393 -5.59800720 8.36637688
-7.50729322 -3.59894991 7.93911600
-6.39277601 -1.38214803 5.16532707
-7.16280413 0.62253302 6.28523111
-8.46262646 -1.53182304 8.31896114
-8.98266220 0.43488601 9.65872002
-7.18736792 -7.40663719 12.00503254
-7.79947615 -8.75061798 15.65136242
-8.98961639 -7.23100710 14.84173965
-8.24572372 -9.77650642 19.07169914
-8.26671791 -10.58074570 22.29121780
-9.32344437 -9.23782635 21.71056747
-9.25882053 -8.32975960 18.31021881
-10.25364208 -6.78945398 17.90197563
-10.21042824 -7.78032589 21.37290955
-11.00646496 -6.18517303 21.23036194
-10.09410286 -1.63715601 11.83367538
-10.40639782 0.31096700 13.20123672
-10.73800945 -3.51428103 14.69705772
-11.24989891 -1.53763604 15.36088753
-11.41991234 0.39375299 16.68564987
-11.03900814 -5.02849293 17.86723709
-11.62229729 -3.12384009 18.15314865
-11.71906567 -4.41465807 21.25533867
-12.20334816 -2.48353910 21.53664017
-11.98654270 -1.15013301 18.82198906
-12.04541397 0.67418402 20.02720642
-12.49195004 -0.51931798 22.07567215
-12.47631073 1.04110396 22.73094177
-9.96982002 -5.44748783 14.51052666
-9.37999821 -3.64954209 11.23744774
-8.37841129 -5.62739897 11.29376221
-7.74421883 -11.51161861 25.45047760
-6.77293205 -12.48601341 28.73705864
-8.17925262 -11.11330414 28.54825592
-5.66149521 -13.21885681 32.18376160
-4.57285213 -13.50958538 35.64885330
-6.29426289 -12.35824680 35.60339737
-7.24845314 -11.92236614 32.06473541
-8.51203728 -10.47941971 31.84238815
-7.67950201 -11.04357243 35.42768860
-8.74736023 -9.59262562 35.23861694
-3.35891008 -13.38815975 39.04857635
-1.87294698 -12.84844208 42.43843842
-3.94583201 -12.17444992 42.49895477
-0.26774201 -12.17725372 45.23368073
1.41343105 -11.47675514 46.96127701
-0.79815799 -11.35044670 47.27191162
-2.45303011 -11.75348473 45.38649368
-4.38392115 -11.07044029 45.31879044
-2.86146808 -10.93127632 47.32215118
-4.69282818 -10.28005981 47.17900085
-7.98266888 -9.98134708 38.79435730
-8.83784866 -8.58982658 38.66542816
-7.08897305 -10.12464905 42.20139694
-8.07314110 -8.94682121 42.03881836
-8.77348804 -7.57771683 41.95389557
-5.99519491 -10.19063187 45.12245941
-7.20526218 -9.17138290 44.94400024
-6.16236687 -9.43897438 46.98574066
-7.27596617 -8.41595840 46.90382385
-8.04834843 -8.00624084 44.86004257
-8.67624092 -6.56353807 44.84951019
-8.05351257 -7.17340279 46.89846039
-8.69591713 -5.60706520 47.07230759
-5.68812323 -11.23084068 42.38866425
-6.78905678 -11.25809002 38.98254395
-5.23437977 -12.42291069 39.09936523
-9.29168129 -4.68436813 44.98814011
-10.00819302 -3.84754896 41.89401245
-9.40380669 -5.82684708 41.95017242
-10.77108765 -2.97066903 38.51377106
-10.16506577 -4.98489189 38.59617615
-11.58179283 -2.05013490 35.02879333
-10.97164154 -4.10764313 35.06249237
-10.31112480 -6.07743406 35.11444855
-9.53020477 -6.91077995 38.63909531
-9.58640099 -7.93392611 35.15401459
-12.15951538 -1.16269100 31.58550262
-11.68683624 -3.20115590 31.54324150
-12.49618721 -0.31214800 28.23612595
-12.23010254 -2.29818702 28.11618996
-11.67563248 -4.32406902 28.04616928
-12.60282326 0.45388901 25.13386726
-12.47188759 -1.44848800 24.89199448
-12.09907722 -3.44076896 24.67406845
-11.46796417 -5.34535503 24.59221649
-9.51210785 -8.88329887 31.65053940
-10.22423458 -7.97673416 28.08609009
-9.30127525 -9.60366154 28.28246880
-10.73423481 -7.08133602 24.60719109
-9.89921665 -8.66056061 24.78481102
-8.91320610 -10.14568615 25.10285568
-11.00782394 -6.21365404 28.02104950
-10.34714890 -7.10622501 31.56198120
-11.09105682 -5.19983912 31.53290176
-3.42126012 2.30434895 3.03281498
-5.55518007 2.43530798 5.42648220
-7.45436287 2.32740998 8.49415112
-5.70980501 3.76174998 8.43648243
-3.86311889 3.67951488 5.81638384
-4.05062819 4.65829706 9.41467094
-9.04886246 2.12521291 11.94732666
-10.31218624 2.03116012 15.42112923
-8.74645329 3.49648905 14.96958447
-11.19662380 2.07889199 18.85173225
-11.91071320 2.20524502 22.08329010
-10.84767246 3.48758507 21.71640015
-9.90402603 3.46069694 18.34371376
-8.22596169 4.59809589 18.44705772
-9.34223747 4.61555719 21.77833557
-7.60213614 5.50255680 22.15377998
-4.03520584 5.35515404 13.38454437
-5.27092123 5.40998793 16.04587936
-3.92408609 5.93843317 17.25299644
-6.48700619 5.43841982 19.00519753
-4.95406389 6.02363110 19.83438873
-5.95506620 6.11760187 22.77515411
-4.56937599 6.52601480 23.49917793
-3.76830292 6.43226099 20.87335205
-3.52589011 6.79675007 24.25901794
-6.95391512 4.62543297 15.22666359
-5.56094503 4.69111490 12.14066887
-7.33742905 3.63256407 11.60252953
-12.33853912 2.09754395 25.12316132
-12.40032196 1.55184400 28.31663704
-11.89604282 3.19182706 28.31665421
-12.27306747 0.78887397 31.64502335
-11.92873669 -0.07626000 35.03004837
-11.97970009 1.84298301 35.07701111
-12.03791332 2.59838605 31.69562531
-11.32583618 4.17139292 31.78734589
-11.59520912 3.58438301 35.17216873
-10.68138504 5.08007002 35.38792419
-11.40355110 -0.94016498 38.43207550
-10.72082329 -1.87346303 41.83393860
-11.35554981 0.10883300 41.76182175
-10.00593758 -2.78953910 44.87771606
-9.27544594 -3.86814308 47.14231110
-9.91081142 -1.93936706 47.21550751
-10.71334553 -0.82314098 44.84103394
-11.31623173 1.28755796 44.82453918
-10.54924011 0.14051101 47.26141357
-11.00174141 2.28606200 47.29335022
-11.17727089 4.57801199 38.68544006
-10.03365898 5.95377493 39.03815079
-11.46335220 4.02918386 41.91991806
-10.65850830 5.56443405 42.20486069
-9.18873978 6.76774597 42.62337494
-11.44462109 3.33790398 44.89846039
-10.97187138 5.06914902 45.10980225
-10.91061592 4.17017412 47.36653900
-10.10000420 5.67621994 47.63056946
-9.81925583 6.38727188 45.43260956
-8.05257511 7.30628014 45.78722763
-8.72004032 6.72222710 47.89107513
-11.67128754 2.14941597 41.79286957
-11.73840427 2.91258407 38.51535034
-11.76284981 1.00550103 38.43753815
-7.08289623 7.60181999 43.16432190
-6.13540792 7.69411993 40.11309814
-5.52520990 7.60017395 36.76570129
-7.33191204 7.11774683 36.31248093
-8.20207596 7.03284407 39.59285355
-9.18111801 6.27202511 35.80553436
-5.07401705 7.37731409 33.34362411
-4.59367800 7.12210321 30.07003403
-6.03356600 6.90637922 29.57526398
-4.08153200 6.92422104 26.99804115
-5.34540415 6.69915724 26.44206238
-6.89860201 6.27722502 25.85288048
-10.09138012 5.46709919 32.01807785
-9.39977455 5.62883282 28.63207245
-10.86873913 4.55612993 28.37734413
-8.58084202 5.60480309 25.34167099
-10.19191742 4.66391611 25.03000259
-11.47743130 3.48301506 24.98748779
-7.70138693 6.41758585 29.06267166
-8.43778992 6.43615818 32.42433167
-6.66077423 7.07407093 32.89859009
0.04471000 -0.14710000 48.27513504
-0.88544101 1.99726295 49.22317505
-1.12895203 1.83650398 49.26884460
-1.18818402 2.92533112 49.66761017
-1.54731095 2.71489096 49.75033569
-1.43757701 3.79661798 50.06401062
-1.90443695 3.55652189 50.19264984
-1.63787603 4.56583977 50.40789032
-2.20515800 4.31913185 50.58528900
-1.90949297 5.24197006 50.70616150
-2.58738089 5.00362015 50.92267990
-0.62215799 2.11625290 49.14798737
-0.81016898 3.07222390 49.53941727
-0.96271598 3.94970489 49.87554932
-1.08156300 4.70595884 50.15982819
-1.26449203 5.35452318 50.41287994
-0.33955601 2.18776894 49.04283142
-0.41662401 3.15311599 49.36907196
-0.48859301 4.02010918 49.63681412
-0.54962802 4.74982595 49.85806274
-0.67170000 5.36211205 50.06531143
-0.03708300 2.20794106 48.90843582
-0.00860500 3.16774893 49.16150665
-0.01200300 4.01442003 49.35901642
-0.03716800 4.71040487 49.52025986
-0.12610200 5.28233719 49.68415833
0.28239599 2.17683411 48.74809265
0.40544701 3.12553406 48.92361069
0.46250901 3.94325590 49.05335999
0.46690100 4.60488892 49.15935898
0.39467400 5.13368607 49.28391647
0.59876400 2.11003304 48.57212830
0.81832802 3.07321000 48.67177582
0.92292702 3.87375998 48.73285675
0.97683799 4.44686317 48.77246094
0.92132699 4.94620085 48.85555267
0.90067202 2.01657510 48.39080811
1.25608397 2.94111609 48.38360977
1.46247494 3.67230201 48.35341263
1.52586806 4.26796913 48.34078979
1.48950005 4.74636984 48.36574173
1.25517595 1.85217500 48.16818237
1.74427104 2.73097992 48.05347061
2.05530906 3.41794395 47.92596054
2.19382811 3.97420096 47.83729172
2.20774603 4.42779493 47.79384995
1.63485301 1.62906098 47.92747498
2.29714894 2.44098496 47.70127106
2.74877310 3.08769202 47.47044373
3.00477409 3.61701202 47.27554321
3.12583399 4.02979994 47.18350983
2.02929902 1.34829700 47.69493866
2.90266800 2.07009506 47.34764099
3.56391406 2.66271210 47.03788376
4.00210905 3.17470908 46.72603607
4.24970722 3.59251189 46.49246597
2.41536403 1.01980996 47.47320175
3.53410292 1.61890197 47.04770279
4.43868303 2.16711998 46.59017563
5.11841297 2.65703607 46.16240692
5.56191206 3.06904006 45.81761169
2.77240705 0.64122802 47.27217865
4.13929415 1.11083198 46.74372864
5.32123089 1.57213604 46.19179916
6.27733088 2.01585603 45.66196442
6.95734215 2.39659905 45.23413849
3.10876608 0.19828400 47.14495087
4.68081379 0.51764899 46.49600983
6.13043404 0.85090297 45.86753845
7.36743879 1.19254506 45.28336334
8.28883553 1.50072706 44.79419327
3.33456302 -0.26159900 47.03455734
5.10815716 -0.15321501 46.32548523
6.78790903 -0.00334900 45.64333344
8.26923561 0.18326600 45.03219604
9.41144562 0.36367401 44.51483917
3.44928694 -0.74474698 46.95902252
5.36916113 -0.86913103 46.22282410
7.24885988 -0.95414197 45.52608109
8.91757870 -0.95453501 44.90349579
10.21477985 -0.90718299 44.38524628
3.44451189 -1.23293900 46.93558502
5.45707893 -1.61978698 46.19749832
7.41286516 -1.92536700 45.52050400
9.18365479 -2.12288499 44.92400360
10.58047295 -2.23376489 44.42288971
3.30173302 -1.66973495 46.96931458
5.32108212 -2.33864594 46.24863434
7.28699398 -2.86689210 45.62084961
9.06801319 -3.25725198 45.07778931
10.48560810 -3.51898789 44.61412048
3.04759789 -2.12045908 47.03651428
4.98236179 -3.00408697 46.37396240
6.88350677 -3.71593094 45.81241608
8.61564064 -4.28063822 45.34181976
9.93612576 -4.70414877 44.95809174
2.68568802 -2.50192809 47.14507294
4.46544790 -3.59470201 46.56142044
6.22010803 -4.49352312 46.10234070
7.83858824 -5.21786308 45.73087311
9.14120674 -5.74600220 45.41036224
2.22902107 -2.81578302 47.27993774
3.79871297 -4.09179115 46.78752899
5.35496998 -5.14928198 46.44834137
6.74977493 -6.02808189 46.21239853
7.91841793 -6.66574717 45.97134399
1.69742405 -3.04976702 47.40257263
3.01150393 -4.48008680 47.02591324
4.31623697 -5.69949293 46.82505417
5.55070877 -6.67701006 46.69242096
6.57874489 -7.41228104 46.56053162
1.12126505 -3.19323301 47.46348572
2.13993692 -4.74940491 47.23495865
3.18852901 -6.08051920 47.14944458
4.20754099 -7.16804695 47.13568878
5.08970308 -7.99278116 47.12040710
0.56098902 -3.26526308 47.59303284
1.23143995 -4.89043379 47.40644836
1.98819304 -6.31078291 47.39896774
2.77103305 -7.49633408 47.48047638
3.43584991 -8.39532280 47.57041931
0.00084000 -3.24834394 47.72590256
0.34222099 -4.87601280 47.51938629
0.78224999 -6.38696289 47.54570007
1.27492702 -7.64971495 47.67476654
1.73051000 -8.61684036 47.83023834
-0.54745698 -3.12549210 47.83485413
-0.52034998 -4.76241684 47.63047028
-0.37862799 -6.29739618 47.62436676
-0.18312301 -7.61108780 47.73555756
0.03953000 -8.63591957 47.90129852
-1.03771901 -2.90980291 47.94439697
-1.31717896 -4.50063276 47.74231720
-1.48349798 -5.99736977 47.67797852
-1.56983805 -7.34596395 47.73249054
-1.57582295 -8.40882492 47.86808014
-1.44268000 -2.61853790 48.06343842
-1.97602296 -4.10669088 47.86191559
-2.42708898 -5.55640793 47.75367737
-2.80820799 -6.84480286 47.73583221
-3.05856705 -7.92708397 47.82019043
-1.75827396 -2.26632094 48.19621658
-2.50835395 -3.60938311 48.01759338
-3.18045306 -4.95074320 47.87630081
-3.78660607 -6.17854881 47.78978729
-4.26411104 -7.21802711 47.80563354
-1.98461401 -1.86739695 48.34194946
-2.89860392 -3.02223802 48.20917892
-3.78127098 -4.19553804 48.05887985
-4.51233387 -5.31251907 47.93795776
-5.17314100 -6.31728601 47.87670135
-2.12996793 -1.44315100 48.49668884
-3.15025711 -2.37240410 48.43097687
-4.13840723 -3.34724808 48.31446457
-5.04896688 -4.31943083 48.16737366
-5.80278397 -5.16169024 48.10173798
-2.20492291 -1.01251197 48.65076447
-3.29361200 -1.70197701 48.67317963
-4.28695393 -2.44142199 48.62248230
-5.25073624 -3.18192697 48.53608704
-6.13728714 -3.89979696 48.47171783
-2.21829391 -0.55559701 48.79222107
-3.32576394 -1.03042996 48.91232681
-4.33155394 -1.51673698 48.95625305
-5.31126213 -2.02447104 48.95016479
-6.25378799 -2.54435492 48.94076538
-2.17876196 -0.14606699 48.92545319
-3.27059603 -0.38862601 49.13724518
-4.25255489 -0.61409003 49.28032684
-5.22274303 -0.87310201 49.37846375
-6.20092297 -1.17060900 49.44837189
-2.09952497 0.23045900 49.04153824
-3.14686298 0.25787401 49.34449387
-4.08442211 0.22621900 49.58026505
-5.00138807 0.21226899 49.77282715
-6.01293421 0.13087700 49.93706131
-1.98106503 0.55849600 49.12409210
-2.96894097 0.81393403 49.51644135
-3.83547497 1.04268801 49.84280396
-4.69176006 1.24516296 50.11849594
-5.68568993 1.37176704 50.34704590
-1.85011804 0.86808002 49.19426346
-2.74323201 1.29556704 49.63712311
-3.51583099 1.71707296 50.03817749
-4.29035902 2.12092590 50.40063477
-5.17291880 2.46073294 50.68554306
-1.70110202 1.15508103 49.24634552
-2.49706292 1.73863399 49.72976685
-3.15906000 2.30893302 50.17620850
-3.82268095 2.85593796 50.58419037
-4.62667418 3.36989403 50.92683411
-1.53296900 1.41350603 49.27786255
-2.22586107 2.12970495 49.78391647
-2.76721501 2.81826997 50.25008392
-3.30605412 3.47140503 50.68045807
-3.97285604 4.08913803 51.05056763
-1.34272003 1.64175606 49.28640747
-1.87906897 2.44739890 49.78660583
-2.34769392 3.23231101 50.25530243
-2.76074195 3.95742798 50.67892456
-3.27016091 4.61834097 51.04244995
-2.40948009 5.89288092 50.90144348
-3.22658300 5.65645599 51.12888336
-3.11018300 6.55636787 50.90342712
-4.14143419 6.32839203 51.08776855
-3.91330004 7.18060923 50.52950287
-5.20783901 6.92925310 50.60132980
-4.63158989 7.62667513 49.71432114
-6.15147305 7.32969284 49.64475632
-1.64093304 5.97857285 50.59584808
-2.17306709 6.62457085 50.64080048
-2.77216601 7.25396919 50.37742615
-3.30752802 7.72601700 49.69545364
-0.95330399 5.95044088 50.23812866
-1.35676205 6.56971502 50.32381821
-1.80528498 7.19136190 50.15494156
-2.21008301 7.67863083 49.59388733
-0.34121600 5.83531189 49.84872437
-0.65592200 6.42362595 49.96720886
-1.00188005 7.02416611 49.87100220
-1.31864297 7.50235701 49.40052795
0.22304000 5.65306902 49.43885803
-0.02921800 6.20036697 49.57317352
-0.30250099 6.76100922 49.51834869
-0.55543602 7.21114922 49.12339020
0.79210800 5.40708494 48.98790741
0.58697897 5.91464376 49.12149048
0.37559199 6.41885424 49.07816315
0.17339399 6.82376289 48.72542953
1.40802705 5.12467813 48.46817780
1.25472295 5.58487701 48.59186554
1.11155701 6.03356886 48.53890991
0.98698801 6.37437582 48.19457245
2.20502496 4.75990295 47.83656693
2.15265989 5.15177488 47.89128876
2.10680103 5.53570414 47.79762268
2.05515289 5.82665777 47.43788528
3.23820400 4.34030485 47.15556717
3.31656098 4.66943884 47.12117004
3.38077211 4.99684906 46.96611786
3.39673400 5.26170015 46.59873581
4.47461796 3.86721206 46.38715363
4.67505312 4.15587616 46.27114105
4.85328484 4.44563103 46.04918289
4.95141411 4.68587112 45.66165161
5.89679289 3.30931497 45.62345123
6.20773602 3.55364394 45.43735504
6.48609781 3.80166602 45.14894104
6.66434383 4.02181101 44.73003006
7.39415216 2.58659911 44.96677399
7.79275799 2.77745605 44.70902634
8.15888500 2.97102189 44.36864090
8.41325474 3.15422201 43.90164948
8.82598305 1.62789905 44.48115540
9.27390289 1.74649405 44.14245987
9.70384407 1.87420106 43.76242065
10.02240372 2.01255989 43.24467468
10.05404663 0.43328300 44.15235519
10.53941154 0.47295600 43.77868652
10.97612667 0.51065302 43.32119751
11.35152912 0.58493602 42.78308868
10.88959980 -0.91544002 44.01154327
11.40398407 -0.95056498 43.61105728
11.86940956 -0.99835998 43.12810516
12.27946568 -1.00157404 42.54261398
11.29277420 -2.33105707 44.04680634
11.82295704 -2.43787193 43.63230896
12.31802654 -2.54903603 43.14358521
12.75900364 -2.62147498 42.55260468
11.22489357 -3.70225000 44.24737549
11.76152039 -3.88524199 43.83068848
12.27070427 -4.05513811 43.33700562
12.74023819 -4.19347382 42.73458862
10.71196079 -4.96944809 44.60907364
11.25451374 -5.26019096 44.21282196
11.76656246 -5.48788309 43.71934509
12.28879356 -5.66967201 43.04756927
9.82402611 -6.10357285 45.11941528
10.39429474 -6.43794107 44.75008392
10.91076088 -6.72425079 44.26682281
11.45715714 -6.96052408 43.57087708
8.66961956 -7.08577490 45.73871231
9.21379089 -7.44845819 45.41794586
9.72187996 -7.76903009 44.97006226
10.28277206 -8.06614876 44.29795456
7.27466202 -7.90260315 46.41722870
7.78712511 -8.31832886 46.16263962
8.27740192 -8.69417763 45.76764679
8.83284760 -9.02186775 45.11461639
5.68455219 -8.54891968 47.08773041
6.16376400 -9.01927757 46.92656326
6.61504793 -9.43928719 46.60399628
7.13418579 -9.82149696 45.98079681
3.94740891 -9.02515793 47.65264130
4.37278509 -9.53765106 47.61160278
4.77385807 -9.99486446 47.39388275
5.22185802 -10.41459084 46.83054352
2.12098002 -9.30051041 48.02455902
2.46342397 -9.84762001 48.10663986
2.79043102 -10.33543587 48.00868607
3.14796591 -10.79223824 47.54942703
0.27521101 -9.36266518 48.16797638
0.51360500 -9.94091225 48.35809326
0.74697000 -10.44408798 48.37084961
1.00943005 -10.92053223 48.02252960
-1.50206602 -9.18286514 48.14048004
-1.38711405 -9.80395508 48.39590836
-1.25058603 -10.31918335 48.48876953
-1.08397603 -10.78537178 48.22928619
-3.13843298 -8.73802757 48.06014252
-3.14942503 -9.41140556 48.31896210
-3.12061596 -9.94422722 48.43521881
-3.04798603 -10.39658165 48.20431137
-4.55232000 -8.06264877 47.99816132
-4.70175886 -8.80290604 48.23504639
-4.75541687 -9.33915901 48.30905533
-4.77156878 -9.78010178 48.05120850
-5.63322306 -7.14893913 48.00267410
-5.93336201 -7.93450022 48.19293213
-6.08762598 -8.51734543 48.23213959
-6.17263508 -8.95231819 47.92652512
-6.36146879 -6.01468515 48.18396759
-6.82310390 -6.81479502 48.28662872
-7.08720207 -7.44864321 48.25298309
-7.20761824 -7.92413521 47.86303711
-6.87098598 -4.65944481 48.51120758
-7.49470711 -5.47929811 48.56249619
-7.86241913 -6.14344215 48.44001007
-7.97920513 -6.64518213 47.92517090
-7.13539219 -3.17291999 48.97917175
-7.90845299 -3.93607306 48.96234894
-8.39187431 -4.61955786 48.71148682
-8.60938644 -5.12496424 48.13227844
-7.21570015 -1.62480903 49.50466156
-8.18197536 -2.24855208 49.44368744
-8.83691978 -2.86955810 49.06065369
-9.15380287 -3.37869310 48.32174683
-7.15532303 -0.11161400 50.01981354
-8.27519798 -0.52160501 49.91094589
-9.15259647 -0.97481298 49.45421219
-9.68602562 -1.41822803 48.53895569
-6.94043398 1.33727503 50.45067596
-8.22265720 1.16746104 50.22540283
-9.36619186 0.92004400 49.69496155
-10.17833233 0.66625601 48.76821899
-6.38673592 2.63720894 50.77431107
-7.82185793 2.66169190 50.42051697
-9.27845383 2.68752909 49.67308044
-10.40355682 2.68455505 48.69016266
-5.76505804 3.77978897 51.05980682
-7.19499111 4.05725908 50.73048401
-8.72763824 4.25212717 49.89075470
-10.05901337 4.40978193 48.78599548
-4.98075581 4.66925001 51.25939941
-6.34847116 5.18657112 51.05052948
-7.79434109 5.55520821 50.31528473
-9.05732346 5.75047922 49.16158295
-4.08683920 5.25348282 51.25498581
-5.27760506 5.90398979 51.16452789
-6.58358479 6.43537521 50.55462646
-7.70735788 6.73778200 49.46130371
