-2.26136303 1.30016398 0.78488499
-2.81895494 2.35203099 1.93932700
-0.91939098 1.79759896 1.36613202
-3.38690996 3.19594407 4.34747696
-1.47502995 2.80179501 3.13337302
0.36866799 2.05624795 3.14264989
-3.89631510 3.72349811 7.52582693
-2.10987997 3.43377995 5.82517815
-4.33129883 4.04143381 11.14892864
-2.72254705 3.74725008 9.18386364
-1.08466804 3.28060102 8.10511398
-0.34144801 2.85968900 5.28083992
1.34952700 1.98721194 5.86681700
0.50609899 2.57329297 8.17458725
2.03666306 1.69272900 9.07769489
-4.68067598 4.34830999 14.90349007
-3.27282810 3.93903494 12.97117805
-4.92156506 4.79874897 18.52991867
-3.71708202 4.28216505 16.79046822
-2.35750294 3.70735598 15.35382748
-4.99931383 5.44574404 21.79095840
-4.01751423 4.87080479 20.37689972
-4.94668722 6.08865404 24.40744972
-4.18746281 5.61744118 23.52138138
-3.10902500 4.87776518 22.54423904
-2.78804898 4.18009090 19.07301331
-1.44167399 3.47814989 17.97633743
-1.83377802 4.04305696 21.51935005
-0.52010202 3.26339102 20.62906647
1.11555004 2.12263608 11.44153786
2.56302094 1.40860999 12.28041363
0.37609801 2.43895197 14.18991089
1.70410395 1.87745798 14.52717400
3.03376007 1.33969903 15.21562672
-0.15162300 2.81694293 17.28309250
1.08694899 2.30825591 17.08452034
0.70039201 2.65577888 20.01238251
1.84863901 2.18827105 19.75384903
2.29240394 1.84914804 17.34384727
3.48504806 1.33371198 17.92772102
2.96893001 1.67272794 19.93585205
3.92426205 1.16366601 20.14375877
-0.96142602 3.08527994 14.39222336
-0.30822799 2.84070706 11.03376865
-1.77340198 3.45508909 11.53921986
-5.27372313 6.91467285 26.26597023
-4.33618879 6.63406181 26.27154541
-5.60968590 7.79985905 28.62160110
-4.55250502 7.65476179 28.72260284
-3.53251696 7.13498592 28.52904892
-5.96200085 8.59952068 31.24031830
-4.83531618 8.61590099 31.32767105
-6.32601213 9.25603962 34.01038361
-5.15679598 9.42082024 34.07565689
-4.07478905 9.20929241 33.99942398
-3.77544594 8.23687553 31.22513390
-2.71762705 7.38131714 30.96217346
-3.03148603 8.53859997 33.79814529
-1.97154999 7.45298719 33.51770020
-6.64702082 9.59328079 36.82243347
-5.47419977 9.96042919 36.89679718
-6.90197897 9.54605007 39.57771301
-5.76740789 10.21034241 39.64356995
-4.66671896 10.45293617 39.59939575
-7.10210896 9.06065655 42.05093384
-6.04768801 10.04724121 42.12305450
-7.21616983 8.18797684 43.95153046
-6.30778313 9.43938065 44.04870605
-5.29759598 10.40022087 44.07287598
-4.96863890 10.66275501 42.10570908
-3.88771296 10.84347153 42.00901031
-4.22379494 10.97394276 44.03476715
-3.12442303 11.04691601 43.89748383
-2.26871800 8.66031361 36.40831757
-1.19452405 7.48174095 36.10023499
-2.50781107 9.72267628 39.23000717
-1.42835605 8.75039768 38.95489120
-0.26654601 7.48178720 38.57915497
-2.77845001 10.56230927 41.80833435
-1.66747701 9.79870319 41.54399109
-2.00284791 10.56924152 43.63928604
-0.83972597 9.67928123 43.30178452
-0.49949101 8.71036434 41.19264221
0.76356202 7.40024900 40.67984772
0.38130599 8.47960472 42.81859589
1.68385005 7.09876013 42.13206100
-3.58577991 10.33819485 39.45743942
-3.31393194 9.54463387 36.65438461
-4.36967802 9.95805931 36.82835388
2.28686690 5.70906878 39.96780396
2.65700698 4.28675604 37.35110474
1.18691397 5.80843496 38.08280182
2.91324711 3.04688501 34.37685394
1.49118495 4.25888681 35.19766998
3.14826298 2.14231110 31.17166519
1.76291597 3.09373498 32.02956772
0.43946400 4.35840416 32.76429749
0.09025000 5.84515285 35.75978088
-0.80913901 5.93094587 33.21862030
3.38811588 1.61574602 27.92202759
1.99343300 2.37634110 28.68629074
3.63248110 1.37726200 24.87295341
2.29926801 2.07445002 25.43946457
1.08533597 2.69894600 26.10668373
3.81792688 1.27781999 22.18431473
2.61038899 1.92800701 22.48722458
1.45557797 2.43855000 22.84560585
0.31382301 2.99741697 23.43108940
-1.60081005 6.06080914 30.62034225
-1.27635801 4.79644394 27.55942917
-2.44711208 6.08051777 28.13150024
-0.90984601 3.85625601 24.23096657
-2.19628811 4.89833117 25.07657814
-3.36395311 5.92226505 25.81652260
-0.05576000 3.53523397 26.85599899
-0.43416899 4.53830099 30.17270660
0.76349503 3.23361993 29.51805115
-0.72114098 0.35955501 0.86063403
0.91651899 0.81403399 1.78161895
1.05700302 -0.80917799 1.93682694
2.15901899 1.05481696 4.00511789
3.00786304 1.01689398 6.97689295
3.77714300 -0.01191600 5.54378891
2.65664601 -0.31406701 3.21781492
2.69444203 -1.92384696 4.01004696
4.12713814 -1.36518705 5.40093708
4.03299618 -2.84203005 6.69355011
3.52562499 0.79098499 10.26313782
3.98268890 0.72516501 13.26970959
4.95436382 -0.00016500 11.45418167
4.37320423 0.74164402 16.15706062
4.73009109 0.73463100 18.92596436
5.73929310 -0.08948400 17.33195877
5.37517500 -0.01356300 14.35980606
6.23618412 -0.86632103 12.86432266
6.65101194 -0.99082899 15.82451153
7.30747080 -1.91781700 14.71360397
5.28197002 -2.26893902 7.97386694
5.05482721 -3.64352107 9.60157585
6.15902519 -1.96764803 9.83512306
6.12784815 -3.15499997 10.69948196
5.88556004 -4.37426090 12.34620667
6.81415796 -1.85530496 12.04471111
6.93562078 -2.90557504 12.26006794
7.56530523 -2.89509511 14.39384747
7.48795605 -3.86970806 14.84975815
6.81452799 -3.98440599 13.34654236
6.54308319 -5.09154320 14.95069027
7.21490383 -4.83162880 15.87383080
6.88698721 -5.70471096 17.13747025
5.77085400 -0.87157297 10.08098412
5.12033319 -1.00203395 7.53875208
4.48309898 0.05213600 8.44317245
4.92751884 0.49847001 21.54872704
4.95613384 0.54500300 24.24237823
6.08946419 -0.37442300 23.35968971
4.82134199 0.76984900 27.18235016
4.60653400 1.26190805 30.32745743
5.93676901 0.36535600 29.49357986
6.07750511 -0.12245600 26.38960648
6.99070692 -1.03168404 25.49988556
6.95094013 -0.52430201 28.65729904
7.57723808 -1.44975102 27.86000824
4.37533188 2.09417605 33.49181747
4.11640978 3.21204901 36.48418427
5.53325319 2.20066190 35.58198929
3.72197390 4.46697187 39.13790512
3.06313396 5.72030592 41.32181168
4.46961594 4.44717407 40.43875504
5.14130211 3.34121895 38.24041748
6.44108200 2.26260400 37.32305145
5.79710484 3.26944494 39.52185059
6.92322493 2.16202903 38.62486267
7.56425524 -0.66216898 30.97777176
7.94093084 -1.64377105 30.30193901
7.53774500 0.25489300 33.89656067
8.02548027 -0.69705403 33.18354416
8.21231937 -1.75798500 32.67634583
7.36945391 1.22841501 36.48194885
8.03019238 0.25257301 35.72602844
7.75915194 1.14259303 37.81178284
8.28340626 0.14359900 37.14151382
8.36306572 -0.77950901 35.15298843
8.45915508 -1.75906396 34.87189865
8.53891563 -0.87571502 36.69418335
8.54333401 -1.86690497 36.48916626
6.73093319 1.19250000 34.70206451
6.86916304 0.22434799 31.76964569
5.76413393 1.14861500 32.61150360
8.34233761 -2.79465199 34.80456924
8.12158966 -3.86053395 32.49230576
8.07862186 -2.75333595 32.44987488
8.07492733 -4.85311699 29.85145378
7.80168390 -3.72567391 29.64574051
8.06109715 -5.58159018 26.96114922
7.83380985 -4.53140402 26.63438797
7.74965096 -3.48146701 26.69803619
7.91558981 -2.69958711 29.82498932
7.76753283 -2.48627305 27.14302635
7.93074179 -5.92678499 23.98699570
8.02950954 -4.98314190 23.49136353
7.64584398 -5.94225883 21.16996765
7.92712021 -5.03505898 20.46050072
8.06919479 -4.10572577 20.11624908
7.26435614 -5.79934502 18.78525162
7.65887594 -4.90394783 17.84029770
7.90439320 -3.97690511 17.17050362
7.90732384 -3.02170300 17.07493591
7.57843113 -2.01816607 24.61427498
7.57276011 -2.17615104 21.21829796
6.92471123 -1.25170195 22.30607605
7.50478220 -2.06437492 17.82108307
6.80087709 -1.13338900 19.05010986
5.90564823 -0.24232100 20.39283371
7.95237923 -3.14507103 20.36194229
7.84070301 -3.01074004 23.80981636
7.93939877 -4.00199795 23.41493034
-2.84369397 0.02549900 1.13627696
-1.06767094 -1.28359795 1.81931901
-3.56154299 -1.62316799 2.81744909
0.74994302 -2.50748897 3.58226991
2.34962392 -3.51101089 6.13299513
0.20348699 -4.11599302 6.41268015
-1.63049102 -3.00134206 4.13802481
-4.20403194 -3.33264399 5.70077515
-2.22796106 -4.56859922 7.47415590
-4.69578123 -4.86204386 9.29368591
3.61373591 -4.32618713 9.17147636
4.68672895 -5.03295994 12.01591682
3.11256194 -5.76942921 12.16627312
5.61187315 -5.66707516 14.73483753
6.25092316 -6.28457117 17.27465820
5.22931910 -7.02021885 17.53570938
4.32100916 -6.46633005 14.94003677
2.60479593 -7.22606421 15.44582653
3.78639507 -7.87031698 18.05884171
1.92107296 -8.62204742 18.79245567
-2.79251695 -5.93602800 11.31613827
-5.09285784 -6.16209507 13.03685093
-1.03898895 -6.95051718 13.72993088
-3.32475090 -7.22581720 14.97613621
-5.47279882 -7.28907824 16.53987694
0.52682298 -7.80461979 16.18784714
-1.70717001 -8.16130638 17.16536713
-0.23636700 -9.10809994 19.64768982
-2.46223497 -9.25492764 20.53285027
-3.91039300 -8.26240253 18.30094528
-5.82575893 -8.14359665 19.62683105
-4.50808096 -9.07483101 21.39767647
-6.02440786 -8.74263382 22.15206146
1.15716195 -6.40562201 12.70045853
-0.42931101 -5.55829382 10.04006672
1.77174604 -5.00669909 9.30221653
6.74207306 -6.64561510 19.58691788
7.24753809 -6.83992720 21.98126030
6.57845497 -7.71504307 22.76529312
7.71126890 -6.84993219 24.69408607
8.05781174 -6.57399321 27.56215668
7.83256102 -7.51781416 28.33461380
7.24523306 -7.74251890 25.49863815
6.40840197 -8.64109039 26.31741142
7.23534822 -8.42164612 29.18483353
6.15558004 -9.28604603 30.06465149
8.17645645 -5.92500687 30.34465981
8.23917198 -4.97306108 32.87406540
8.22173786 -6.02470589 33.51531219
8.34722424 -3.89322710 35.04338074
8.49861145 -2.85619903 36.64133072
8.38617992 -3.86211109 36.99118423
8.31293964 -4.93177414 35.58097839
8.07999420 -5.94007301 36.28825378
8.18664742 -4.84229279 37.62329483
7.77147388 -5.67617178 38.59854889
7.03209209 -8.75497055 32.89960861
5.65735579 -9.54435825 33.84916687
7.51603699 -7.93488312 35.40904236
6.40775919 -8.77559471 36.43024445
4.80855608 -9.44184971 37.42170715
7.67423391 -6.87572908 37.31229401
6.81446505 -7.78207588 38.39581299
7.10235310 -6.62878895 39.56536865
6.06884623 -7.49929094 40.65143585
5.52655315 -8.56404114 39.47299576
3.79676890 -9.09245777 40.44382477
4.67564392 -8.18187046 41.71727753
2.99717212 -8.56981277 42.66400146
8.06753254 -7.03147078 34.38404846
7.84922791 -7.89385700 31.95651245
8.16135216 -6.94288301 31.07491684
1.84796095 -9.18000793 41.20829773
0.65154803 -9.74818516 38.87149048
2.77113390 -9.75250816 38.25976944
-0.55694300 -10.30871582 36.02504349
1.60432994 -10.37671185 35.50443268
-1.75258303 -10.72061253 33.05634308
0.37270901 -10.89057446 32.55998230
2.58747101 -10.63719177 31.80656052
3.79283595 -10.09453487 34.74651718
4.59790421 -10.05524731 30.94083405
-2.93502092 -10.77958488 30.09993362
-0.85159397 -11.13247776 29.64470863
-4.11131287 -10.35208797 27.14727402
-2.08455610 -10.82643223 26.72547913
0.11083700 -10.82858658 25.98828125
-5.20323086 -9.54081345 24.35315323
-3.31017590 -10.06729984 23.88089943
-1.14485705 -10.19435883 23.16432190
1.07336497 -9.90571785 22.31866074
5.14266109 -9.54630756 27.13199997
4.12852192 -9.56373978 24.26653671
5.57336283 -8.63857269 23.50976944
3.09852409 -9.24247932 21.49688339
4.74296093 -8.35978508 20.76084709
5.94517899 -7.49269009 20.17677689
2.25264812 -10.36199379 25.09639168
3.41068792 -10.37436962 27.96382141
1.33243299 -10.96515465 28.86013412
-4.14448214 1.37532198 1.70910096
-5.20311880 -0.07045900 2.68803310
-6.30816507 1.34961402 3.91929293
-6.07544518 -1.79673803 4.88441801
-6.62383223 -3.51585388 8.04629517
-8.26784897 -1.91484904 7.74088717
-7.48056602 -0.19476500 5.31277084
-8.29311752 1.24664497 6.90651989
-9.36561775 -0.31638899 8.51483822
-9.94951820 1.14117098 10.20050144
-6.91484308 -5.01309490 11.72846031
-7.10866499 -6.22343922 15.29717064
-8.75328827 -4.99252987 14.47850990
-7.25418901 -7.13793087 18.49875641
-7.23941422 -7.92657614 21.46691513
-8.57118130 -6.85223579 20.81639862
-8.71716881 -5.99328709 17.69969177
-10.16588974 -4.67030287 17.19925308
-9.89399147 -5.60634184 20.33517265
-11.18323517 -4.19568586 20.05372620
-10.87253189 -0.34012499 11.88126659
-11.30399704 1.11638498 13.43610764
-11.33695889 -1.79472196 14.22159958
-12.04185390 -0.22239800 15.07418442
-12.38818741 1.22603595 16.45820045
-11.42754936 -3.10918307 17.06319427
-12.36416245 -1.52736902 17.36417389
-12.25544643 -2.64418697 20.00467873
-13.05953026 -1.06855905 20.26871109
-12.99763966 0.05287000 18.08692932
-13.23264217 1.41332805 19.27294922
-13.64767933 0.47830600 20.86140823
-13.83768654 1.69328105 21.45996857
-10.21918869 -3.42918611 13.97420502
-10.01993275 -1.94727802 10.97434616
-8.64809799 -3.58072209 10.94704723
-6.78298807 -8.65406609 24.31523895
-5.86210012 -9.47932053 27.18628120
-7.34899712 -8.34386635 26.93477058
-4.74975014 -10.04790115 30.19711685
-3.61397409 -10.15718937 33.22151947
-5.15719700 -9.37452030 33.13432312
-6.28091478 -9.05528641 30.02087784
-7.58549786 -7.90483189 29.71387672
-6.43685818 -8.43477631 32.89630508
-7.49089193 -7.36680794 32.64023590
-2.46685505 -9.89768887 36.24858856
-1.28432500 -9.45631504 39.19580841
-2.89257312 -8.96771622 39.23714447
-0.07830300 -9.03410912 41.72180939
1.19968605 -8.60693741 43.37677765
-0.49159801 -8.32427788 43.71538925
-1.72658896 -8.62275124 41.86492157
-3.10957789 -8.05810165 41.75675964
-1.93597901 -7.84346581 43.73103714
-3.14596200 -7.25899506 43.58071899
-6.37379313 -7.65701389 35.81740189
-7.15522814 -6.66331387 35.65954590
-5.29713297 -7.57551003 38.86593246
-6.07769585 -6.72438002 38.69213104
-6.64089680 -5.74788904 38.61464691
-4.21887493 -7.39335823 41.55145645
-5.08979416 -6.62959909 41.36653137
-4.12939692 -6.58248091 43.38800812
-4.89388990 -5.85165405 43.32162476
-5.68488312 -5.79014397 41.32281494
-6.05379391 -4.77339697 41.39608765
-5.38225508 -4.98864889 43.28249359
-5.80185604 -4.04349518 43.27433777
-4.20934677 -8.32312584 39.08266449
-5.32808018 -8.52884293 36.04701233
-4.03096104 -9.28143787 36.23262024
-6.47605801 -3.65531301 41.41454315
-7.60067081 -3.18024993 38.64962769
-7.07005501 -4.55457687 38.61528015
-8.99217606 -2.56579804 35.60346985
-8.30972290 -4.12069321 35.57634735
-10.73928833 -1.68398094 32.35165024
-9.85929585 -3.37809300 32.36465073
-9.07241726 -4.85542679 32.38595963
-7.73965216 -5.47349405 35.57724762
-8.32946014 -6.18819809 32.45818329
-12.26436234 -0.69022202 29.13117027
-11.52407932 -2.37482500 29.12599182
-13.33231926 0.25689301 26.08119965
-12.75925159 -1.38882399 26.01444244
-11.91246796 -3.02210498 26.02563858
-13.86028481 1.09093201 23.40635681
-13.46594048 -0.40709999 23.20252228
-12.77849197 -2.00401807 23.04875565
-11.81050110 -3.60134292 23.02592850
-8.69384003 -6.69210720 29.41244888
-9.78359604 -5.90253210 26.25270844
-8.62782955 -7.14211178 26.55607986
-10.60001183 -5.09835577 23.15638351
-9.39100456 -6.40635395 23.45301056
-8.11779213 -7.58613491 23.88866997
-10.85996437 -4.54139709 26.09407043
-9.66367054 -5.41340494 29.23711205
-10.64717293 -3.99810100 29.14637566
-4.84613991 2.51408792 3.63671398
-6.85063601 2.49685001 6.24880505
-8.63556194 2.41434908 9.34270191
-7.10770416 3.32420993 9.29866409
-5.29756784 3.32408595 6.52589178
-5.61714792 3.85674191 9.93795395
-10.18107224 2.36073494 12.56948185
-11.44044495 2.37899709 15.58910656
-10.16950893 3.33871889 15.33701324
-12.44593811 2.48155904 18.41530228
-13.26980972 2.54567504 21.10818100
-12.33959961 3.49699903 20.92949677
-11.33384132 3.42678404 18.14417648
-9.96696472 4.19070911 18.29175186
-11.06967163 4.33396292 21.06212425
-9.55474186 5.05877781 21.35038185
-5.84869385 4.25828695 13.62436676
-7.24239588 4.47938299 16.24737549
-5.98804808 4.71841002 17.22207451
-8.50264072 4.75629520 18.81127167
-7.15380096 5.12574100 19.56398201
-8.14006329 5.57128382 21.93954086
-6.85235882 5.90848494 22.69486618
-5.97494507 5.33161116 20.55122375
-5.76510906 6.09283113 23.52901459
-8.68131638 4.03115892 15.60113525
-7.21665716 3.92669201 12.75846863
-8.74131393 3.30523205 12.36848354
-13.80086899 2.40279794 23.45907021
-13.42295837 1.81540406 26.21387863
-13.14799786 3.22871208 26.30315399
-12.61327076 1.04881895 29.19859314
-11.33635902 0.16828300 32.36142349
-11.71384811 1.97332394 32.40995026
-12.69906807 2.69356394 29.27497292
-12.28530884 4.17871904 29.43273354
-11.66870499 3.66567111 32.52719498
-11.13988686 5.20600319 32.75339127
-9.81858826 -0.73320001 35.59582520
-8.30908108 -1.66630197 38.67791748
-9.07298946 0.15139399 38.65907288
-7.20316792 -2.28794289 41.28652191
-6.24338388 -2.95593596 43.32892609
-6.76831198 -1.70396996 43.42395020
-7.86556482 -0.82276702 41.32904053
-8.50669861 0.94076502 41.32931519
-7.38751221 -0.27050999 43.40079498
-8.00368881 1.51113498 43.39873886
-10.56111526 4.63798380 35.81775284
-9.93345737 6.16602087 36.08027649
-9.78711224 3.76614809 38.77317810
-9.53691673 5.46500587 38.97809601
-8.85577965 6.97747517 39.23312378
-8.92371655 2.67609406 41.36094666
-9.01183605 4.46638298 41.53437805
-8.31741810 3.23836088 43.41573334
-8.31408882 5.02644682 43.60536194
-8.68537712 6.16143799 41.75146484
-7.96585608 7.63605881 41.93006134
-7.92542601 6.71124601 43.80583572
-9.58149719 1.94848096 38.65374756
-10.69955158 2.91654611 35.65768814
-10.40727520 1.07986295 35.58381653
-7.95342493 8.34589672 39.44017029
-7.85113382 8.69141579 36.65085602
-7.59853983 8.62039089 33.80481339
-8.91214943 7.70419121 33.47486877
-8.97752190 7.51314306 36.38643646
-10.15615654 6.56238413 33.09233093
-7.19918394 8.20145702 31.00353622
-6.78943300 7.57548094 28.29780197
-8.11158752 7.06382322 27.82751083
-6.33197689 6.83753586 25.82331467
-7.56574106 6.50885487 25.20624542
-8.94898701 5.99642086 24.58982277
-11.37683868 5.48314095 29.72555923
-11.09176540 5.48827696 26.82831383
-12.34100342 4.46754694 26.48543930
-10.45191574 5.31020689 24.07461166
-11.83075237 4.48962402 23.73270607
-12.94312477 3.50014305 23.57613373
-9.59445763 6.34436798 27.30250168
-10.05012226 6.58947277 30.15367889
-8.58222389 7.48728895 30.62001038
0.19669400 1.07316804 44.07424927
-0.79947400 3.15138602 44.80557251
-0.91662002 2.93510604 44.85277176
-1.29022801 4.16574287 45.14695740
-1.44951499 3.80199099 45.20764923
-1.71500802 5.19031096 45.47202301
-1.91027701 4.67407179 45.54731750
-2.12241292 6.18858910 45.77754974
-2.35384011 5.52975702 45.86690140
-2.60764098 7.14051390 46.04773331
-2.89509106 6.35500097 46.14662170
-0.66025501 3.32884598 44.73738098
-1.09559906 4.46964121 45.05632401
-1.46831703 5.61685419 45.35829926
-1.81946898 6.72609520 45.64458466
-2.22583294 7.75929499 45.90322876
-0.49185300 3.45459390 44.64803314
-0.85580701 4.69123602 44.93575287
-1.16010594 5.91799021 45.20584869
-1.43821096 7.08875990 45.46597290
-1.74913299 8.16332245 45.71163559
-0.28656301 3.51450491 44.53730011
-0.56074798 4.80446577 44.78446960
-0.78001201 6.05668592 45.01350784
-0.97189802 7.21939707 45.23608017
-1.18423700 8.28139877 45.45964050
-0.04136500 3.50046706 44.40573120
-0.20263501 4.78882599 44.60144806
-0.31407100 5.99539185 44.77849579
-0.40375301 7.08194685 44.95132065
-0.50803101 8.03852081 45.13223267
0.22925700 3.41980195 44.25380707
0.21222100 4.64392090 44.38319397
0.23632100 5.73622704 44.49479675
0.28136700 6.66190481 44.60218811
0.29366499 7.47566223 44.72639084
0.50637197 3.28270006 44.07846832
0.65736198 4.38468599 44.12060547
0.85813498 5.27970505 44.14093399
1.05319703 6.02673721 44.17219543
1.20959198 6.65336180 44.22426605
0.80626702 3.08062696 43.87745667
1.13158596 4.03268385 43.81608582
1.52412796 4.71193314 43.72659302
1.89569294 5.22520590 43.65424728
2.21290898 5.63834381 43.61692047
1.13883197 2.80424690 43.66107178
1.66932297 3.56940508 43.48484039
2.26209688 4.04312706 43.27309799
2.81496406 4.33090591 43.07840729
3.28339505 4.52752495 42.93694305
1.49704301 2.47035789 43.44678879
2.24344397 3.00929499 43.14289856
3.03463292 3.29923797 42.81040573
3.76167488 3.40582490 42.49111176
4.36322021 3.42755103 42.23205566
1.83612704 2.11155295 43.24902344
2.77434111 2.44125605 42.82987595
3.74444294 2.55474901 42.36907959
4.61610508 2.51853609 41.93128967
5.32775784 2.40944290 41.56698990
2.12134194 1.73295796 43.07956696
3.20830703 1.88007700 42.55704117
4.31360102 1.84923697 41.99181366
5.29176998 1.70346606 41.45021439
6.07744884 1.49194002 40.99322510
2.33425999 1.34189999 42.95621490
3.51650310 1.32018495 42.34777451
4.70179415 1.16408205 41.70200348
5.74846506 0.92372298 41.08009338
6.58016491 0.65288901 40.54163742
2.45728111 0.95899200 42.87825012
3.69505405 0.76565897 42.21622467
4.91993904 0.47807300 41.51354599
5.98572206 0.15965800 40.83663559
6.85918617 -0.18857600 40.22590256
2.50189590 0.56484002 42.85702133
3.75445104 0.23580600 42.16996002
5.06791592 -0.21283500 41.42870331
6.14179182 -0.58289897 40.69742584
6.96455908 -0.92680699 40.06208801
2.46576691 0.18089899 42.89843369
3.76705289 -0.33221200 42.21076202
5.00371313 -0.85204899 41.47481537
6.04960108 -1.27378702 40.74953461
6.84687901 -1.65139198 40.10646439
2.31193995 -0.06758500 43.01350403
3.62170410 -0.83451301 42.33336258
4.84614801 -1.46135902 41.64630127
5.88264084 -1.96707904 40.96433258
6.65531397 -2.38720894 40.35024261
2.12335110 -0.45096400 43.13072968
3.37923193 -1.29826498 42.54005814
4.61554289 -1.96955502 41.90503693
5.69112015 -2.56399298 41.28190231
6.42603016 -3.14902902 40.77630234
1.88012600 -0.74471700 43.29304886
3.05131507 -1.72592700 42.81352997
4.24565887 -2.54072189 42.30043030
5.34049988 -3.25598097 41.78205109
6.16259384 -3.83999109 41.31703949
1.57589304 -0.99078602 43.48193359
2.63421607 -2.10277605 43.12227631
3.74575400 -3.05361891 42.75990295
4.78829908 -3.89381599 42.39165115
5.61626005 -4.56720400 42.03144073
1.21919894 -1.18178403 43.66419220
2.12311792 -2.40760589 43.43438721
3.10173702 -3.48612189 43.22881317
4.05729103 -4.44311905 43.04108429
4.83016682 -5.20577002 42.82537842
0.83838999 -1.31582105 43.83147430
1.53709400 -2.62210298 43.71360779
2.32522202 -3.78730202 43.67215729
3.13489389 -4.85013199 43.66888428
3.84633207 -5.69416618 43.61982346
0.52633500 -1.41066599 44.02876282
0.93022102 -2.71857595 43.97188187
1.46341205 -3.93290091 44.03794098
2.09372401 -5.06233978 44.19306183
2.54427004 -5.94093895 44.30255508
0.16680799 -1.41770196 44.16069794
0.34810099 -2.61429191 44.18605804
0.63110203 -3.92111993 44.30591583
0.96509898 -5.05315399 44.54147339
1.22164595 -5.94387388 44.73878098
-0.21683399 -1.34295702 44.22035217
-0.22053200 -2.53034806 44.30966187
-0.12069700 -3.78132606 44.48052216
-0.04017600 -4.87575006 44.72712326
-0.00020600 -5.72549200 44.95517731
-0.54977602 -1.20251095 44.26448822
-0.74965602 -2.34764099 44.35940552
-0.89143598 -3.44806099 44.50636292
-0.98619401 -4.55747986 44.74397278
-1.08953202 -5.36255312 44.99632263
-0.80848497 -1.01441205 44.30942917
-1.11982000 -2.08266997 44.37419891
-1.48605299 -3.15163994 44.50413895
-1.82125604 -4.11245298 44.69042587
-2.06707692 -4.95050192 44.93076706
-1.00393105 -0.78768700 44.36291504
-1.42611098 -1.78554904 44.41914368
-1.90181994 -2.79224396 44.50926971
-2.35466194 -3.70362091 44.63677216
-2.72460008 -4.48696518 44.82233429
-1.13866699 -0.51867700 44.42691803
-1.63598704 -1.42968905 44.48360443
-2.18023992 -2.36353898 44.54242706
-2.69153810 -3.22303391 44.61695862
-3.16216612 -3.97156501 44.72633743
-1.22975302 -0.22276300 44.50463104
-1.77008998 -1.01831198 44.56921387
-2.33936191 -1.86662102 44.61600494
-2.88950706 -2.66159105 44.65401077
-3.38467193 -3.37777305 44.72571182
-1.29159498 0.09299500 44.58584595
-1.89214694 -0.59040302 44.68218231
-2.42046094 -1.30044699 44.73306274
-2.95980000 -2.00768304 44.77076721
-3.49281597 -2.67938805 44.81698227
-1.32691205 0.54029298 44.65314484
-1.94419098 -0.11407100 44.79312897
-2.46656203 -0.67509103 44.88357544
-2.98686004 -1.26461995 44.94653320
-3.52334690 -1.85776699 44.99962997
-1.33352494 0.90544897 44.73588943
-1.96103096 0.37995499 44.90826035
-2.48111010 -0.01103200 45.03134918
-3.00005388 -0.44885099 45.15026855
-3.56225204 -0.91601199 45.23343277
-1.31781697 1.24919105 44.81153107
-1.95331395 1.04026794 45.04191589
-2.50135708 0.65012699 45.19471741
-2.99030495 0.40882501 45.34106445
-3.58135390 0.08046500 45.48850250
-1.25345695 1.52265501 44.82814026
-1.92126405 1.56432903 45.14822388
-2.47591090 1.50520694 45.36479950
-2.98284602 1.42750895 45.53442383
-3.58899403 1.26742196 45.69804382
-1.21099102 1.82125103 44.85655975
-1.83832598 2.00925994 45.18170929
-2.39162207 2.16316390 45.46557999
-2.93982792 2.30952311 45.72486877
-3.52080488 2.37746191 45.90353394
-1.16089594 2.12669897 44.87773514
-1.77290201 2.48856401 45.22320557
-2.30251408 2.82322693 45.54312134
-2.83434200 3.13465095 45.82923126
-3.47437692 3.41366196 46.05182266
-1.09639800 2.41813302 44.88616943
-1.69052601 2.95700312 45.24406052
-2.19440794 3.48146796 45.58515167
-2.69494700 3.98276711 45.90338135
-3.32413197 4.46136522 46.17018890
-1.01528394 2.69003892 44.87947083
-1.57984602 3.39564896 45.23908234
-2.06535006 4.09965277 45.58501434
-2.53446603 4.78802681 45.91141891
-3.11754799 5.44674301 46.19522095
-3.20486498 8.00103378 46.24267960
-3.59285498 7.12690496 46.33961487
-3.96788597 8.75784492 46.29916382
-4.50484610 7.79992914 46.37229919
-4.77680016 9.22602844 46.06566620
-5.48348093 8.15849686 46.08978271
-5.56426716 9.40795898 45.36793137
-6.39932823 8.26447105 45.33597946
-2.70168400 8.65394211 46.10066223
-3.31231809 9.48099327 46.18142700
-3.96127796 10.03079414 46.00205994
-4.62501717 10.30372810 45.35194397
-2.10416007 9.04303741 45.90682220
-2.56593394 9.88251114 46.00255585
-3.06768394 10.47772789 45.85865021
-3.61814094 10.83335018 45.27211761
-1.43067598 9.10666656 45.64380646
-1.76245797 9.90088272 45.74113846
-2.14280200 10.49423409 45.61688614
-2.58739710 10.86529922 45.06953812
-0.67297500 8.78994370 45.29206467
-0.89277500 9.49083710 45.37103271
-1.17489803 10.03522682 45.25702667
-1.53593302 10.39315414 44.75499725
0.20418200 8.10597801 44.84230042
0.06384300 8.72867012 44.89437103
-0.13831399 9.19963837 44.77743912
-0.43014899 9.51625538 44.32652664
1.19747102 7.16283989 44.28725433
1.13338602 7.68044519 44.29767990
0.99720502 8.08200455 44.16518021
0.75968099 8.34332466 43.74380493
2.30365705 6.02877617 43.61480331
2.32725811 6.43911695 43.57032013
2.25314403 6.78496695 43.41346741
2.05635691 7.00311899 43.01040649
3.48219204 4.81877089 42.85734940
3.60641599 5.13875198 42.75506973
3.60489106 5.42322016 42.56172562
3.43913698 5.64058113 42.16782379
4.65729713 3.64341903 42.06339264
4.86843109 3.89683294 41.89556885
4.94691086 4.14809179 41.66352844
4.83819008 4.34040308 41.24635315
5.71629381 2.56716704 41.30705643
5.99675989 2.76193595 41.06479645
6.15208292 2.96848297 40.77290344
6.11389494 3.15426993 40.32611847
6.54756308 1.58844602 40.65006256
6.87572193 1.73390198 40.33631516
7.09617710 1.89267898 39.97069931
7.14056301 2.04903793 39.46261978
7.11080885 0.68917698 40.12953568
7.46331978 0.76877397 39.74812317
7.72871113 0.88649702 39.31543732
7.85043192 1.02627599 38.72189713
7.51311302 -0.15972500 39.73357391
7.85854101 -0.13425300 39.32063293
8.08531761 -0.11007700 38.81982422
8.27705002 -0.00741600 38.15577698
7.55495024 -0.94534302 39.55290222
7.90291214 -0.95403498 39.09179688
8.14500999 -0.99880201 38.54322433
8.37447166 -0.96025300 37.79663849
7.44823599 -1.75044799 39.57892227
7.79137182 -1.80008900 39.08996582
8.07029819 -1.86087406 38.52516937
8.31451416 -1.85688198 37.74804306
7.25778008 -2.56449890 39.82616425
7.60879517 -2.68241501 39.32541656
7.89048386 -2.77668190 38.73698425
8.16269016 -2.82717109 37.91111755
7.02568197 -3.38699508 40.28558350
7.37963390 -3.56414199 39.79598999
7.67071390 -3.69492006 39.20092773
7.97964621 -3.78028488 38.33835602
6.72860003 -4.09850502 40.90131378
7.06781483 -4.39748001 40.47508621
7.37499714 -4.58926392 39.89665985
7.71991301 -4.72513294 39.02288818
6.21647120 -4.90184784 41.69194794
6.55222702 -5.17902899 41.32082367
6.89107609 -5.40573502 40.79317474
7.26444817 -5.55963898 40.00008392
5.42862701 -5.63611221 42.58278656
5.77919006 -5.98398018 42.27605438
6.12135077 -6.27442408 41.79750061
6.56893492 -6.46852112 41.01711273
4.32632923 -6.21888018 43.49353790
4.70088911 -6.68235016 43.27328110
5.04856110 -7.04059601 42.85404205
5.47998714 -7.30675077 42.07474136
2.99902797 -6.59224892 44.28933334
3.36861706 -7.14455223 44.18534088
3.70835209 -7.60382509 43.87322235
4.10088396 -7.93731499 43.13162231
1.56671906 -6.67244911 44.84336090
1.85478997 -7.28012323 44.84250641
2.15614104 -7.82537699 44.64977264
2.49839306 -8.26894188 44.03678894
0.16070300 -6.48146391 45.12821960
0.31809801 -7.10581207 45.19729614
0.52780998 -7.68175697 45.07839966
0.79912901 -8.20652771 44.58694839
-1.08844304 -6.10937881 45.19847488
-1.07851899 -6.71939707 45.32083893
-0.98096699 -7.30104780 45.23823547
-0.79681599 -7.85707283 44.79349518
-2.16249108 -5.64164686 45.13160706
-2.25382090 -6.21761894 45.28366852
-2.26045704 -6.77868986 45.22422791
-2.15896797 -7.35000420 44.77194977
-3.03892303 -5.17216682 45.00064850
-3.24968290 -5.70813799 45.17465591
-3.29384089 -6.20604277 45.09317780
-3.28957200 -6.75236511 44.63337708
-3.60658097 -4.59398985 44.86209106
-3.89721799 -5.11514902 45.01801300
-4.12266493 -5.60871887 44.98710632
-4.24717188 -6.09693289 44.55049896
-3.91471601 -3.97182989 44.81928253
-4.33772278 -4.44211388 44.95146179
-4.64920092 -4.89108801 44.88974762
-4.84017181 -5.38489199 44.39266205
-4.04598999 -3.24832892 44.90134811
-4.56464291 -3.70159507 44.99134445
-4.98872519 -4.09970903 44.85726929
-5.28447723 -4.53258085 44.37531662
-4.15233612 -2.34358406 45.08157349
-4.69094896 -2.78972101 45.13350677
-5.25061178 -3.19835711 44.94135666
-5.64480591 -3.59225106 44.41038132
-4.25598001 -1.32925200 45.31058502
-4.86406898 -1.75580001 45.35040283
-5.51287317 -2.13972998 45.10844421
-6.01143312 -2.50941706 44.52114105
-4.35020018 -0.22331800 45.57605743
-5.04223394 -0.58711398 45.58123016
-5.77302313 -0.91185200 45.38243484
-6.43245792 -1.24752605 44.67744446
-4.31726599 1.09111595 45.77433777
-5.23339319 0.84498399 45.72034073
-6.12875223 0.45300299 45.51194000
-6.91367102 0.18557701 44.77997589
-4.31230402 2.37123704 45.98577118
-5.35633087 2.33029890 45.91410828
-6.45963001 2.19601107 45.55760193
-7.36944199 1.94509900 44.79040527
-4.30161905 3.67898607 46.14517975
-5.38774395 3.87476492 46.14163208
-6.52665281 3.78194189 45.65501404
-7.53318882 3.59038496 44.83104706
-4.17218304 4.95136499 46.31055450
-5.25734901 5.27398491 46.26489258
-6.41773415 5.36939383 45.85104370
-7.44111586 5.29243898 45.00936127
-3.90839100 6.11418295 46.38423920
-4.94746304 6.64385223 46.38834381
-6.06891584 6.89188623 46.04409790
-7.05769110 6.89533377 45.22812653
