-0.46427500 0.31543401 0.39403799
-1.01327598 1.91202295 1.09230900
1.17133904 1.06895697 1.10801494
-1.66672206 3.55874896 3.39286709
0.61766100 2.86218905 2.60293102
2.74335599 1.78690600 3.09749007
-2.27103901 4.93936300 6.82265282
-0.16685100 4.37095213 5.46590281
-2.74141788 5.98217487 10.80262184
-0.95202899 5.51894522 9.20486832
0.98681700 4.80436802 8.31425762
1.96537197 3.51672602 5.13914824
3.89248800 2.30062509 6.06433821
2.91048503 3.84095597 8.41895199
4.70601988 2.61400509 9.49966431
-3.04577589 6.70682716 14.77105522
-1.59252501 6.35231304 13.21126461
-3.21958303 7.21505690 18.45526695
-2.01089692 6.92360497 16.98537254
-0.64492202 6.49562502 15.88837147
-3.30045605 7.65863800 21.83371544
-2.27491689 7.40031099 20.49198151
-3.36665010 8.08768463 24.62322235
-2.48434401 7.91323614 23.80533600
-1.46610296 7.65073299 23.01236725
-1.11529803 7.07121277 19.49316216
0.20707700 6.63802719 18.75620461
-0.34772801 7.40332079 22.30956268
1.04499102 6.89340115 21.83509064
3.67814994 3.96452808 11.94834805
5.44296312 2.86870694 12.95135307
2.63981700 5.10331488 14.97164822
4.44935322 4.14852381 15.35781765
6.20943880 3.14981508 16.28272629
1.73963404 6.04952621 18.33284187
3.43438792 5.32185698 18.32369041
2.69200706 6.24678993 21.53870392
4.49513102 5.44452381 21.47818565
5.25826502 4.42751503 18.60075378
7.02807713 3.40255690 19.45390320
6.30833101 4.47241879 21.67220306
7.83729792 3.52940893 22.04258347
0.91025299 5.91916800 15.14469719
1.85979998 5.00192499 11.57080364
0.08074100 5.78543186 12.05913067
-3.99893498 8.68448353 26.89634705
-2.96845198 8.71489716 26.94427872
-4.73393822 9.35836029 29.78194618
-3.61260200 9.48079967 29.98266411
-2.51664400 9.45804405 29.85742950
-5.51286316 10.00851536 32.84671021
-4.34779882 10.20844460 33.07072449
-6.25627804 10.54073334 36.00173950
-5.08830023 10.79060364 36.19364166
-3.93179202 10.80887032 36.21746445
-3.20164704 10.19965935 33.07730484
-1.99954796 9.99131012 32.84656525
-2.71000099 10.63068295 36.04570389
-1.34926796 10.29207039 35.74764633
-6.87753391 10.72496796 39.22357941
-5.74024582 11.10093689 39.40087891
-7.53391504 10.38547802 42.34127808
-6.36393213 11.09779072 42.56067657
-5.29049301 11.50501633 42.61894989
-8.10736465 9.44188881 44.96520996
-6.96647310 10.54432106 45.26177216
-8.22047520 8.26516724 46.63306427
-7.40375614 9.65126991 47.08127213
-6.39398479 10.82460594 47.35716629
-5.87625313 11.36110306 45.39545059
-4.66899776 11.83692932 45.38787842
-5.19430780 11.69437790 47.47543716
-3.81377697 12.16422653 47.45493317
-1.96751797 10.91499138 38.99224472
-0.54563200 10.51553154 38.67972183
-2.55471897 11.59099293 42.29215240
-1.10769796 11.26277828 42.03459167
0.52532500 10.74025631 41.73254395
-3.17175794 12.05250454 45.24995422
-1.65848601 11.84815311 45.05056000
-2.27614307 12.19285965 47.33088684
-0.61854601 11.82288074 47.16947174
-0.01464200 11.38154984 44.83124542
1.78115296 10.66730976 44.59893799
1.17051697 11.09395790 47.03009796
3.07324100 9.98263168 46.50762558
-4.01908588 11.70718479 42.54074860
-3.34329700 11.19856930 39.28280640
-4.61815691 11.26730728 39.44266129
4.28036308 9.15108299 44.10194397
5.36115408 8.27525425 41.00868225
2.95905995 9.72169209 41.43636322
6.23398876 7.37970018 37.67637634
4.02511883 8.73101521 38.08147430
6.90394688 6.43058205 34.22193909
4.83766079 7.77618694 34.63801956
2.57796192 8.92858791 35.09887314
1.57595694 9.78150463 38.34509659
0.47508001 9.73727608 35.44042969
7.35395813 5.52373505 30.79831696
5.36021280 6.68151903 31.12118912
7.59033680 4.74956322 27.54621696
5.71958399 5.94822216 27.77733803
3.73840594 6.95539904 28.08711815
7.77237415 4.12221003 24.52033615
5.93902302 5.25438976 24.63920403
4.04458904 6.24236202 24.73026657
2.23304105 7.03127098 24.97698975
-0.52818602 9.50634861 32.46604538
0.10096000 8.61156178 28.94459915
-1.27370501 9.10321522 29.46527481
0.59756798 7.70921421 25.35692787
-0.76185298 8.18969059 25.87287712
-1.92073298 8.47328472 26.48220062
1.82320595 7.89356804 28.47725296
1.22900701 8.87761784 32.03316879
3.30340409 7.90285587 31.58368683
1.16365802 -0.92637199 0.99999499
3.20534706 -0.21965399 2.10683799
3.04637599 -2.45414996 2.58408594
4.70211792 0.47204101 4.50712109
5.69399977 1.01199198 7.65854216
6.40376282 -0.87812197 6.67296314
5.06625319 -1.66262901 4.10319090
4.77560616 -3.91977811 5.05392313
6.62415600 -3.00570512 6.77619696
6.19709921 -5.10211992 8.16532707
6.45079184 1.41460299 11.09773731
7.22290707 1.79326200 14.47817612
8.12091541 0.27642000 13.12454891
8.04220200 2.14386296 17.77260017
8.75269985 2.47345495 21.02565765
9.77447033 1.06928897 19.80009651
9.01286983 0.67896801 16.41015244
9.73129463 -0.91683501 15.48976326
10.61547947 -0.50395602 18.77782440
11.11681366 -2.12710190 18.25754929
7.90992117 -4.12853622 9.88656712
7.40807009 -6.02817106 11.57589436
9.11370659 -3.24662399 12.32150745
8.97505283 -5.05440998 13.28187847
8.48179245 -6.76905680 15.10658264
10.18473434 -2.61699891 15.12127495
10.21217728 -4.27305508 15.58510303
11.25871468 -3.71951604 18.39023399
11.10182953 -5.31562614 19.19787216
9.92405128 -5.84818697 16.76490974
9.46536732 -7.44533300 18.64380646
10.69812775 -6.76330805 20.34814835
10.17912006 -7.97484207 21.61096954
8.76350021 -1.38987303 12.33203125
7.83080912 -2.11111999 9.34073162
7.28887177 -0.22280000 9.82243156
9.18441582 2.85480905 24.12557983
9.28252792 3.46953797 27.24074936
10.67437172 2.07158589 26.72182846
9.12557602 4.25659323 30.50033951
8.74359512 5.16877985 33.87805939
10.39451504 3.77489901 33.54581451
10.66429996 2.85535789 30.13694191
11.91912746 1.35631394 29.70549202
11.80576992 2.27021503 33.18637085
12.92858410 0.63467002 32.87350464
8.10736084 6.17088413 37.25095367
7.21801615 7.07332182 40.55778122
8.93203735 5.73930502 40.13538742
6.16942978 7.86884689 43.54116058
4.96084881 8.64545631 45.86481857
6.69315100 7.17921305 45.27208710
7.86800385 6.47736788 43.04800034
9.48641777 4.97547722 42.54642105
8.29716873 5.63637018 44.68391037
9.76331329 4.03973579 44.13040924
12.64309120 1.58205295 36.19092560
13.64117908 -0.15017600 35.95356750
11.96284866 2.45169902 39.30370712
13.06045628 0.80027997 38.95476532
13.87638474 -1.02697599 38.77034378
10.94677639 3.24279809 42.06794739
12.16191578 1.61454403 41.63928223
11.03860474 2.43651390 43.65131378
12.05412674 0.83643901 43.28755188
13.05561447 -0.08184600 41.34021759
13.64635658 -1.87453997 41.27656555
12.75454140 -0.78151703 43.10740662
13.07970619 -2.41103005 43.16322327
10.56065559 4.12045479 39.72289276
11.38023758 3.19514108 36.54566193
9.82887554 4.75602722 36.90358353
13.75650215 -3.73709702 41.48093414
14.18092155 -5.02578402 39.13891602
14.30131054 -3.07626891 38.83474731
14.22456169 -6.13184309 36.51796722
14.44387627 -4.25580788 36.07932663
13.76437569 -6.91197014 33.55634308
14.14967155 -5.19805288 33.06710052
14.21284580 -3.23344398 32.81686401
14.30516434 -2.17611504 35.91131592
13.77759075 -1.24456704 32.74021149
12.94567680 -7.35763884 30.30164337
13.46591759 -5.82881880 29.71574402
11.99363804 -7.59653807 26.99002457
12.62598991 -6.18750095 26.27833176
12.90851974 -4.61163092 25.70423508
11.03108025 -7.77749109 23.95042801
11.71127510 -6.44568682 23.05777359
12.09566498 -4.96871614 22.23380280
12.14901733 -3.32608199 21.73458481
12.84077263 -0.31932899 29.36399078
12.42295837 -1.08320403 25.67090225
11.71020699 0.57004899 26.13297462
11.83087254 -1.65757596 21.89808464
11.20903873 -0.02351400 22.49430275
10.28976154 1.50614202 23.35473633
12.83522224 -2.84062004 25.46877480
13.43035984 -2.15850401 29.22517014
13.59252644 -4.08103800 29.34674072
-1.34192395 -1.31915700 1.09098101
0.40393001 -3.02101898 2.29513693
-2.50477505 -3.38080597 3.19806600
2.19942093 -4.63549519 4.46695805
3.80854297 -5.96540403 7.36320591
0.93897700 -6.59597921 7.54042912
-0.74651700 -5.11809206 4.97471714
-3.65692306 -5.47658396 6.41148901
-1.98523796 -7.00446987 8.57343864
-4.67204618 -7.34522390 10.19344711
5.25516891 -7.01409578 10.73577023
6.60000086 -7.81682301 14.29124546
4.13196802 -8.71770954 14.10838604
7.86700392 -8.42074966 17.88479996
8.98948002 -8.86461163 21.30322838
7.16774797 -9.90604210 21.13510895
5.69988012 -9.42992401 17.67840576
3.06458402 -10.20425224 17.77251625
4.83057594 -10.87933731 21.23055077
2.14856601 -11.60557175 21.52603722
-3.08043098 -8.57507801 12.52204514
-5.50721598 -8.85596943 14.02246189
-1.42229795 -9.67322254 15.24684620
-3.93331194 -9.91047478 16.29692650
-6.07455111 -10.00953579 17.68637848
0.30304101 -10.65480328 18.22342110
-2.31607389 -10.90246391 18.91099548
-0.59300297 -11.97110367 21.96546936
-3.10996008 -11.96720123 22.53355026
-4.67876911 -11.00855064 19.83143806
-6.52706814 -10.88021278 21.00638962
-5.18953085 -11.70997143 23.19615746
-6.59786081 -11.38806152 23.86302948
1.31639004 -9.31123447 14.44403267
-0.36476901 -8.25302315 11.34186554
2.52271199 -7.78125811 10.66118526
10.02654743 -8.99133968 24.47639084
11.05903912 -8.89744568 27.59015083
9.75997734 -10.12669277 27.97443008
12.09363365 -8.71554661 30.90176010
13.01599884 -8.36340141 34.16208267
11.92671394 -9.64865303 34.77169418
10.88620281 -9.94715881 31.39343071
9.35111332 -11.12681484 31.79059982
10.49461365 -10.78939247 35.30648041
8.66485977 -11.77971172 35.77863693
13.63967323 -7.69561005 37.09920502
13.76089478 -6.66812277 39.65364838
12.94081497 -8.05977821 40.31721497
13.46967983 -5.38982821 41.79815674
13.00137901 -3.97057509 43.45187378
12.58170700 -5.41017914 43.74656296
12.81655693 -6.79641199 42.36331177
11.78764725 -8.03161716 43.07260895
11.78649044 -6.65688276 44.31161499
10.62575245 -7.70724487 45.07830048
9.66846657 -11.14865208 39.11416626
7.56750679 -11.88755989 39.70173645
10.19695473 -10.24175072 41.90273666
8.36265278 -10.96446133 42.61435699
6.11046982 -11.45504189 43.27697754
10.39579773 -9.05148983 43.93254852
8.75811768 -9.84439754 44.76166534
9.17119503 -8.57901001 45.89947510
7.49194813 -9.21554947 46.72052002
6.85971689 -10.38211441 45.51525116
4.62098885 -10.69484711 46.13796997
5.62824583 -9.62668610 47.46013641
3.60262203 -9.77643776 48.06127930
11.73310947 -9.27777290 41.10948944
11.34221077 -10.22074509 38.49174500
12.66675377 -9.04951954 37.79072571
2.30931807 -10.58419228 46.48367310
0.87953800 -11.45259476 43.86574173
3.44813704 -11.57021332 43.74914932
-0.53367299 -12.29246712 40.50297546
2.09502101 -12.44501114 40.53966141
-1.81958401 -12.99874783 36.96315765
0.75807399 -13.19218731 36.91488647
3.61921906 -13.01565742 36.67737961
4.95597982 -12.27132034 40.26290894
6.35758400 -12.51114655 36.26431274
-3.04602098 -13.24589062 33.43185425
-0.62924200 -13.67177010 33.24530029
-4.35654116 -12.86026096 29.90212250
-2.16190696 -13.44591236 29.65632629
0.48964900 -13.57336998 29.24556732
-5.62538481 -12.08043861 26.52714920
-3.71741199 -12.66213036 26.20514679
-1.34305298 -12.91569424 25.74664497
1.36914301 -12.77088356 25.30027580
7.41157818 -12.23545265 32.12188721
5.97373581 -12.49361038 28.46927071
8.10152340 -11.35851192 28.23223877
4.12576723 -12.26709938 24.94745445
6.61441708 -11.31628990 24.71588707
8.60519409 -10.18630409 24.61586761
3.32701492 -13.26804543 28.79744720
4.98802710 -13.10233212 32.47048187
2.18910909 -13.61109638 32.89006042
-2.63720703 0.45050201 0.93666399
-4.07240200 -1.50870299 2.39081097
-5.13347292 0.44324201 2.79862499
-5.34003496 -3.69449997 5.03536892
-6.29419899 -5.82771301 8.49692154
-7.82846785 -4.00513220 7.57926702
-6.70247221 -1.73879194 4.62046385
-7.35406303 0.28174499 5.61192799
-8.86369419 -2.00450802 7.66587400
-9.14921093 0.05797300 9.03377914
-6.99538708 -7.63887691 12.29287529
-7.50434685 -8.98576927 16.02599907
-9.03322601 -7.73179722 14.79528999
-7.85319185 -9.99523640 19.55522537
-7.78043890 -10.69318771 22.91610336
-9.10630417 -9.70447254 22.02309036
-9.18857193 -8.86094761 18.41924286
-10.67269421 -7.45744514 17.64463425
-10.46432209 -8.42266655 21.35523033
-11.78347206 -6.84626484 20.92005920
-10.61342907 -2.16121292 11.11793423
-10.61379814 -0.03562900 12.63473701
-11.58675957 -4.12291622 13.96731853
-11.91966057 -2.01968503 14.68163490
-11.70259476 0.11548400 16.20095062
-11.99610615 -5.68434906 17.28219223
-12.68663979 -3.67004395 17.48286057
-12.87449932 -5.00041723 20.75273132
-13.36985207 -2.95505905 20.98612595
-12.75803757 -1.55187094 18.25262070
-12.35731602 0.45319399 19.63513565
-13.28911781 -0.87835503 21.59142685
-12.81202602 0.81215501 22.36354828
-10.53723526 -6.08612394 14.02775002
-9.92253780 -4.21758223 10.62911701
-8.56383801 -6.08991909 11.09633446
-7.14641905 -11.21096897 26.37138748
-6.11674309 -11.89600182 29.84457016
-7.55572701 -10.69499588 29.50504494
-4.95119381 -12.40351772 33.36994553
-3.84361100 -12.40030289 36.85649490
-5.36715603 -11.48758316 36.57406998
-6.46134710 -11.27354622 33.07079697
-7.80598021 -9.98890495 32.67174530
-6.68843412 -10.42100239 36.16133118
-7.86059093 -9.18841839 35.75125885
-2.71269989 -11.90317154 40.32754517
-1.30635703 -11.11512566 43.78541946
-3.06240106 -10.59609032 43.59233856
0.14723399 -10.37415695 46.63832092
1.59719098 -9.66130066 48.44823456
-0.22166599 -9.34697247 48.56155396
-1.66645300 -9.93410873 46.55371857
-3.26127696 -9.33194447 46.30615234
-1.86628997 -8.85435104 48.46308899
-3.32247710 -8.24738693 48.18552017
-6.78135204 -9.43131924 39.21930313
-7.77842999 -8.21731186 38.88711548
-5.71068716 -9.15279198 42.74640656
-6.74107409 -8.16896439 42.37936401
-7.68067122 -6.89627600 42.12741089
-4.55742216 -8.66192818 45.90173340
-5.69295597 -7.82847786 45.54259491
-4.53170300 -7.55614996 47.81336212
-5.56864405 -6.72600698 47.46683502
-6.65686989 -6.80378008 45.24092102
-7.54562187 -5.43825483 44.98757172
-6.46036291 -5.68415785 47.09955597
-7.26409197 -4.35344696 46.85877228
-4.47186613 -9.92789459 43.20189667
-5.61643887 -10.39086437 39.68184280
-4.27526188 -11.21452522 40.09278870
-8.45056820 -3.83149695 44.70371246
-9.64089584 -3.44185400 41.58005142
-8.80490303 -5.17632294 41.89968491
-10.78339005 -2.91636705 38.16322327
-10.04418468 -4.75700188 38.43410492
-11.79874420 -2.26995993 34.61399078
-11.12369633 -4.22242498 34.81619263
-10.17722511 -6.05164623 35.08824158
-8.93895340 -6.61357880 38.66765594
-9.02460098 -7.75480223 35.37556458
-12.54934120 -1.56523395 31.08633423
-12.06601048 -3.64102411 31.17419434
-13.05155373 -0.74882603 27.70099258
-12.89530754 -2.80853391 27.66036415
-12.35696602 -4.82847118 27.73420334
-13.15385723 0.10186500 24.65478706
-13.35305691 -1.90026498 24.40114975
-13.17372513 -3.95627904 24.22235107
-12.38853741 -5.89863205 24.29236221
-9.08513260 -8.59898758 32.26179504
-10.18177414 -8.06923008 28.51151466
-8.90501404 -9.42352486 29.02252769
-11.10025978 -7.57800388 24.65879822
-9.79089832 -9.00289726 25.16137505
-8.45285988 -10.18283653 25.79631805
-11.42411995 -6.57202578 28.02629662
-10.27540970 -7.12848997 31.79438019
-11.33356762 -5.49239922 31.40687943
-3.37408805 2.25466704 2.38984489
-5.60503578 2.32008100 4.75966597
-7.47486877 2.20108199 7.90547609
-5.77555418 3.97042799 7.85682678
-3.85725188 3.88368702 5.21437979
-4.15399504 5.22163105 8.90823364
-9.00699139 2.03417492 11.46741486
-10.29467869 1.99069500 15.01572609
-8.74975395 3.78883410 14.54224586
-11.18303013 2.06406498 18.52972221
-11.92260361 2.18109488 21.78310776
-10.83489132 3.71336102 21.36547470
-9.88569069 3.73640299 17.97126961
-8.44481754 5.18145323 17.95407486
-9.55115032 5.11249924 21.28935242
-8.13291168 6.24452209 21.52656746
-4.34503984 6.24799681 12.93690872
-5.78989506 6.36054802 15.50336170
-4.38989019 6.92137194 16.79529190
-7.05830812 6.31861305 18.38938522
-5.63814211 7.02368021 19.23260117
-6.72875500 7.05390978 22.07767487
-5.41335678 7.59299088 22.85945892
-4.37360907 7.42862415 20.38137054
-4.27306890 7.92719603 23.75135422
-7.25790691 5.31982422 14.70745277
-5.82592106 5.35925388 11.62434387
-7.38803101 3.90959001 11.10449791
-12.62417793 1.91393995 24.67069244
-12.88152504 1.25200903 27.72718620
-12.33622837 3.09062409 27.67429161
-12.67701912 0.47550601 31.05432510
-12.09006977 -0.29625899 34.52048111
-12.11488628 1.70843303 34.48596191
-12.47658920 2.44415092 31.01434326
-11.85239124 4.25251484 31.04006577
-11.81896782 3.62386799 34.49652481
-11.12485313 5.38195181 34.62657928
-11.28856754 -1.00349796 37.97856903
-10.19311142 -1.69544804 41.35263824
-10.56360340 0.00727700 41.15859222
-9.04808807 -2.28032303 44.31952667
-7.84470987 -3.00820494 46.44737244
-8.25323868 -1.63617301 46.05789185
-9.41849327 -0.78234899 44.01951599
-9.66330910 0.88613302 43.81987000
-8.53170586 -0.17514600 45.74884796
-8.77503395 1.47861505 45.55488586
-11.09016418 4.69373703 37.96510315
-10.31483555 6.32722187 38.20407104
-10.55763435 3.74787092 41.10554886
-10.16702747 5.45398712 41.27705383
-9.39415455 7.04480886 41.59747314
-9.68214035 2.63854194 43.75227356
-9.60532093 4.43006706 43.87997437
-8.94090652 3.22521400 45.52594757
-8.97099113 5.02317619 45.78244400
-9.29626083 6.10387993 44.14805984
-8.53280354 7.60059500 44.50238800
-8.76041603 6.69453001 46.14560318
-10.61193848 1.83976698 41.07415009
-11.41234779 2.84210396 37.89779663
-11.45880890 0.87247503 37.90050888
-8.56438732 8.83054447 42.00498199
-8.11430454 9.68077278 38.93318176
-7.50998402 9.84433937 35.69139481
-8.82600689 8.63446522 35.31076050
-9.30012703 8.07837772 38.57379150
-10.07767105 7.09145594 34.92582703
-6.74698114 9.50869274 32.50190735
-5.93402576 8.95842361 29.35485077
-7.27457523 8.34565067 28.83651733
-5.10403395 8.38296700 26.37816238
-6.38540411 7.91703892 25.71519661
-7.79134083 7.24623823 25.10942459
-10.79541492 5.90778112 31.25010681
-10.01913548 6.16832113 27.96409607
-11.33422947 4.75108194 27.72874069
-9.09325218 6.23578978 24.71920776
-10.44626713 5.01248217 24.52247238
-11.63382053 3.54393291 24.54668808
-8.66025352 7.40714312 28.34063721
-9.48454189 7.41275883 31.61701584
-8.10600662 8.66472054 32.06629181
0.49830601 1.18300402 47.68614578
-0.73434001 3.33581209 47.94470596
-0.89886999 3.07355905 47.93967438
-1.35470402 4.38438606 48.05055237
-1.56657505 3.95181799 48.00818634
-1.97142100 5.45183420 48.21187592
-2.22613692 4.84674788 48.12202454
-2.56227493 6.47145081 48.38910675
-2.85839510 5.70375776 48.24440002
-3.23806095 7.43874693 48.56987762
-3.58720589 6.52167702 48.36215973
-0.54123002 3.56849909 47.94349289
-1.09415901 4.77526283 48.08725739
-1.64876103 5.99722099 48.29272461
-2.18079710 7.15937614 48.51791382
-2.78034902 8.24385262 48.74999237
-0.31461099 3.76067400 47.93481064
-0.77407598 5.10430717 48.11310577
-1.24305201 6.45193481 48.35290146
-1.69434404 7.72117376 48.61046600
-2.19452500 8.89507484 48.88080215
-0.04841900 3.90006995 47.91658020
-0.38294101 5.34693909 48.12031555
-0.73164600 6.77713394 48.37673950
-1.07378697 8.10249710 48.64399338
-1.44887805 9.32533836 48.93338776
0.25870299 3.97603393 47.88732910
0.07636100 5.48590899 48.10081863
-0.11363000 6.93755722 48.34969330
-0.30247301 8.25474930 48.59789276
-0.51872402 9.44107819 48.86990738
0.58764899 3.99298692 47.85284042
0.59440899 5.54721498 48.06023026
0.58763403 6.96933603 48.27042770
0.61432898 8.14676666 48.45492172
0.59470701 9.22493553 48.67357635
0.92526102 3.94984102 47.81951523
1.19028902 5.43181610 47.96659088
1.44940495 6.70203209 48.08994293
1.66771996 7.79638910 48.20650864
1.85667503 8.72795296 48.34394836
1.33919501 3.79221296 47.74154282
1.86575103 5.13827276 47.81295776
2.39048409 6.22799683 47.83279037
2.86295795 7.12273216 47.85338974
3.27868199 7.86859894 47.90276337
1.78470194 3.53771210 47.64150238
2.59502697 4.68489599 47.62630463
3.38803411 5.56041908 47.53998566
4.11076593 6.23988485 47.44288635
4.77186489 6.75041819 47.43757248
2.23835802 3.19362998 47.54581451
3.33086610 4.09951591 47.43508911
4.40054417 4.73132515 47.28288269
5.35837698 5.19569588 47.07375336
6.18631792 5.50665712 46.92098236
2.67029810 2.77963400 47.45455551
4.02934694 3.40827799 47.30067444
5.32958698 3.82329607 47.01795959
6.49159908 4.08130598 46.71134949
7.44847202 4.19690895 46.45604324
3.05683208 2.30757904 47.37632751
4.63426781 2.67536211 47.15316010
6.13550377 2.86334205 46.80442810
7.46757889 2.93197107 46.41839600
8.55206871 2.87404108 46.09304810
3.41179299 1.77395594 47.36758804
5.12490606 1.90041196 47.05294418
6.78355598 1.87664199 46.65277100
8.26412392 1.76679802 46.23239899
9.45677376 1.57631505 45.85729980
3.64100504 1.23942900 47.36049271
5.47481585 1.10677004 47.01596069
7.25066996 0.87836498 46.57934189
8.85342789 0.60800701 46.14188766
10.13328648 0.29064599 45.74498749
3.75135708 0.70384800 47.37146759
5.65426779 0.32555801 47.02650070
7.52638292 -0.11221300 46.58900452
9.21517754 -0.53253901 46.14559937
10.54199600 -0.95555502 45.74435425
3.74340296 0.18410499 47.41716003
5.66862488 -0.43826300 47.09407043
7.55258608 -1.06390595 46.68749237
9.26902962 -1.63723004 46.27346802
10.61177921 -2.16629195 45.88870621
3.60825205 -0.27813900 47.49975967
5.48922014 -1.14321697 47.21828079
7.33507919 -1.95645106 46.87362671
9.01009941 -2.68571091 46.52264786
10.32682610 -3.32259607 46.18450165
3.36777210 -0.72188902 47.60131836
5.13299704 -1.77368200 47.39509583
6.88147688 -2.74569511 47.13610840
8.47540188 -3.61851311 46.87620926
9.65818882 -4.36962080 46.62831879
3.03054500 -1.09108698 47.72242737
4.62098598 -2.31131911 47.61042023
6.20168304 -3.43347406 47.46988297
7.65997601 -4.42903900 47.32844543
8.79561996 -5.25929308 47.16436768
2.61213303 -1.38628602 47.84732437
3.97945809 -2.73957396 47.83925629
5.33949184 -3.97728205 47.83016968
6.54118013 -5.08825922 47.84008789
7.51436806 -5.98228788 47.77062988
2.13267708 -1.59971595 47.93468857
3.23993301 -3.04691696 48.05448151
4.32115984 -4.39490318 48.19345093
5.33282900 -5.55211115 48.30796051
6.13136196 -6.48578596 48.36275482
1.62069798 -1.72532105 47.92771912
2.44301295 -3.23046494 48.21274567
3.25258589 -4.61931181 48.47161865
4.01750517 -5.81964302 48.70620728
4.63372707 -6.77555513 48.88624573
1.12853205 -1.78872705 47.96844482
1.63813996 -3.29581308 48.30149460
2.16144991 -4.68750811 48.64966583
2.67584395 -5.89803505 48.98554230
3.07284594 -6.85270500 49.27886963
0.65043002 -1.78311002 47.99557114
0.88160700 -3.24200797 48.29576874
1.11731100 -4.62547922 48.69611740
1.36474895 -5.81553507 49.09882355
1.57114804 -6.74603796 49.48247147
0.18892699 -1.69156098 47.97896576
0.17517900 -3.11754394 48.26184845
0.16557300 -4.45293379 48.63890839
0.16534699 -5.60416603 49.05068970
0.18025000 -6.49306679 49.47741699
-0.22231799 -1.52692401 47.93993378
-0.45601901 -2.89543200 48.19351959
-0.68638998 -4.15824080 48.51886749
-0.89685303 -5.27333593 48.89587784
-1.04909396 -6.12401390 49.31594849
-0.56449699 -1.30208004 47.89171219
-0.96701002 -2.59261107 48.09068298
-1.37905204 -3.79846811 48.35577393
-1.78240705 -4.83644295 48.67055130
-2.08352089 -5.67614603 49.04866028
-0.83809298 -1.02550900 47.84551620
-1.37642002 -2.22482896 47.98107910
-1.91454804 -3.35323906 48.16786957
-2.44265890 -4.34669304 48.39551926
-2.86872911 -5.15365982 48.70189285
-1.04696798 -0.70416802 47.80972290
-1.68656003 -1.79322398 47.87963867
-2.36050391 -2.81738710 47.97709274
-2.91700196 -3.75294900 48.11721039
-3.43348694 -4.56498003 48.31647110
-1.19890106 -0.35104901 47.78941345
-1.90669596 -1.30548501 47.79929352
-2.62836909 -2.22051811 47.82173920
-3.30344510 -3.09653091 47.84265137
-3.84189200 -3.81198502 47.96416855
-1.30167699 0.02113000 47.78367996
-2.06259894 -0.78153998 47.74897766
-2.75932908 -1.56526005 47.71155548
-3.44760609 -2.30612397 47.67882919
-4.07592916 -3.00496292 47.68769073
-1.36066103 0.42324099 47.78756714
-2.15457106 -0.23034100 47.72455597
-2.86381793 -0.85887003 47.65129089
-3.55955791 -1.47090304 47.57037354
-4.22185183 -2.07719398 47.51081085
-1.38088906 0.80509400 47.80458832
-2.19555807 0.32859400 47.72486115
-2.90718794 -0.11857800 47.63281631
-3.61371994 -0.57306898 47.53082275
-4.32630587 -1.04906094 47.43206787
-1.37140203 1.17398596 47.82804871
-2.19514608 0.91668701 47.74981689
-2.90863800 0.63023400 47.65379333
-3.61217594 0.35285401 47.54288483
-4.41689014 0.02895200 47.43356323
-1.33272398 1.51771700 47.84547043
-2.16029906 1.47046697 47.78723145
-2.87062001 1.40644097 47.70770645
-3.58217907 1.31810403 47.60485840
-4.45200109 1.16767299 47.47933197
-1.28199196 1.85464299 47.86856079
-2.09501004 1.99742496 47.82372284
-2.79325294 2.13309312 47.77307129
-3.50574207 2.25049210 47.70709991
-4.35581398 2.31146002 47.58628845
-1.21561599 2.18166709 47.89170074
-2.01481509 2.51914811 47.87163544
-2.69596100 2.84523797 47.85284805
-3.39822292 3.15369391 47.82310867
-4.26391792 3.43507791 47.74916840
-1.13240802 2.49451590 47.91230774
-1.91502595 3.02565598 47.92247009
-2.57265306 3.54074311 47.93989563
-3.25609303 4.03543091 47.95638275
-4.08562613 4.51158285 47.94390106
-1.02801502 2.79269600 47.92868042
-1.73373497 3.49480796 47.96285248
-2.41988993 4.20780420 48.03014374
-3.07875204 4.88712502 48.09762192
-3.85036302 5.53190994 48.14760590
-3.89496708 8.25604153 48.73229980
-4.31938982 7.24777985 48.46476746
-4.81633711 8.94938660 48.87975693
-5.28670979 7.80177307 48.54469681
-5.79819822 9.34072304 48.80164719
-6.34935999 8.09257317 48.43917465
-6.68963480 9.51708794 48.29942322
-7.32328892 8.21443558 47.92493439
-3.33938289 9.10973454 48.94811249
-4.18104601 9.91781425 49.12591553
-5.05198812 10.40803146 49.04492188
-5.81824017 10.65369415 48.52676010
-2.64466000 9.76873207 49.08654022
-3.35576510 10.63667679 49.25177002
-4.07982683 11.20117188 49.14167786
-4.70851707 11.50879669 48.60481262
-1.78545702 10.16206741 49.11794281
-2.33352900 11.02588081 49.23781586
-2.89784408 11.62626076 49.09331512
-3.39636588 11.96837807 48.54677582
-0.74535900 10.20630646 49.01554489
-1.12118101 11.02529716 49.08249664
-1.52946198 11.62940216 48.90922546
-1.90722096 11.98981285 48.38525391
0.47658801 9.88415337 48.77014923
0.25718400 10.63832474 48.79337692
-0.01069900 11.22661018 48.60600662
-0.28767899 11.60666847 48.11815643
1.83489394 9.25197411 48.39581299
1.74281299 9.92594528 48.39877701
1.59427798 10.49223328 48.21313095
1.42916906 10.87580299 47.76170349
3.35537696 8.30413628 47.89300156
3.39133501 8.86788559 47.83910751
3.35359192 9.37977791 47.64401245
3.26892400 9.75927353 47.21590042
4.95386410 7.13031578 47.36910629
5.09264183 7.58289099 47.25774384
5.14044523 8.02630043 47.04543304
5.11061001 8.38921356 46.65627670
6.44535017 5.82000685 46.79584503
6.65043783 6.18434095 46.64384842
6.77741289 6.56118202 46.40551376
6.81254196 6.89121103 46.03433228
7.78066301 4.45296907 46.26016235
8.05010605 4.73309278 46.07451630
8.25512314 5.03914309 45.79978561
8.36552811 5.32929182 45.41876984
8.95660400 3.06979203 45.83806992
9.27713966 3.27493501 45.60307312
9.55442333 3.50560808 45.29620361
9.73695183 3.74047899 44.87766266
9.94901657 1.70913506 45.56545639
10.30456924 1.83466494 45.25399017
10.64826393 1.98403203 44.91320419
10.90046501 2.15666389 44.44583130
10.72390842 0.36554101 45.40761566
11.12843895 0.41539800 45.05615997
11.50219440 0.47463599 44.62855911
11.82738400 0.57332802 44.13836670
11.18098640 -0.95381701 45.39366150
11.62865353 -0.97307998 45.01139069
12.04764462 -0.99737900 44.55319214
12.41994667 -0.97932798 44.01171112
11.29592991 -2.24795508 45.53578949
11.77277756 -2.33476996 45.13680267
12.23098564 -2.42598009 44.66883469
12.64490700 -2.48256493 44.11938858
11.04681206 -3.48823404 45.84144974
11.53810883 -3.64770103 45.44021606
12.01846886 -3.79920006 44.96793365
12.46500397 -3.92385292 44.41054535
10.42679596 -4.62210989 46.30204773
10.93423080 -4.90036583 45.92580414
11.42321968 -5.11786985 45.45803070
11.92869759 -5.29367113 44.82967377
9.46867371 -5.61965179 46.89647293
10.02168179 -5.94025183 46.54785919
10.52145958 -6.22813416 46.09713745
11.05478954 -6.47183609 45.45161819
8.26773453 -6.40988493 47.56060791
8.80211353 -6.78223991 47.26601410
9.29705715 -7.12107515 46.85753632
9.85127640 -7.44805908 46.23894882
6.82570601 -6.98811007 48.24053574
7.33405495 -7.43048906 48.01368713
7.82207680 -7.84312391 47.66365814
8.37256527 -8.21583557 47.07474518
5.23063421 -7.34781504 48.86923981
5.70670795 -7.86022377 48.72856140
6.16469002 -8.34066963 48.44821167
6.69231510 -8.78532028 47.89511108
3.57533789 -7.49403000 49.36872101
3.99603391 -8.06651306 49.32826614
4.41194677 -8.61077118 49.13208389
4.88000202 -9.11932755 48.62828827
1.94720995 -7.42652512 49.67629623
2.28443599 -8.03577232 49.73448944
2.62845707 -8.63075638 49.62309265
3.01053810 -9.19865799 49.18737030
0.40574199 -7.18890810 49.74604416
0.64408201 -7.80865717 49.89781570
0.89646101 -8.42628479 49.86292648
1.18202603 -9.02889633 49.49217987
-0.98103201 -6.82668495 49.60438919
-0.85744703 -7.44659996 49.82838440
-0.69947600 -8.07458496 49.85272980
-0.51345199 -8.69170380 49.53038788
-2.16401911 -6.37021112 49.33469391
-2.16471004 -6.97302103 49.60476685
-2.12417698 -7.59701204 49.66648483
-2.04843402 -8.21465683 49.36501694
-3.12688589 -5.83351088 48.97879791
-3.25744104 -6.43036795 49.29788971
-3.32887912 -7.02033615 49.37380219
-3.37503910 -7.63029909 49.07321930
-3.82894206 -5.19798517 48.56025696
-4.10682678 -5.76650620 48.91656494
-4.30883121 -6.34870005 49.03623199
-4.47733021 -6.94154215 48.74548721
-4.28596020 -4.45340204 48.18176651
-4.71371222 -4.97426224 48.52041626
-5.09706020 -5.53729105 48.67079163
-5.39838409 -6.11572313 48.39612579
-4.65974712 -3.56132507 47.83827591
-5.23126316 -4.06792593 48.17252731
-5.79633188 -4.57269096 48.34323502
-6.21794510 -5.07625389 48.04750824
-4.90112495 -2.55712295 47.60260773
-5.58174181 -3.02809906 47.86234283
-6.30081415 -3.47971296 47.99105835
-6.94680023 -3.86259103 47.76764297
-5.08800983 -1.43298495 47.45892334
-5.87016678 -1.85664201 47.62247849
-6.71395922 -2.24582100 47.67961502
-7.47145987 -2.56074691 47.41238403
-5.27275085 -0.23341601 47.39113235
-6.07089901 -0.59576201 47.43179321
-6.97591686 -0.90808499 47.44897461
-7.81341505 -1.17646205 47.11204529
-5.14682102 0.94842899 47.34362411
-6.16608477 0.72153300 47.32089996
-7.18271208 0.48858801 47.17916489
-7.99950600 0.27944201 46.74668884
-5.26532316 2.30973411 47.37302780
-6.36119080 2.28893089 47.43352890
-7.43532991 2.14367294 47.23934555
-8.15613747 1.85142505 46.70624542
-5.19558811 3.67489100 47.58155823
-6.27545309 3.79778290 47.62135315
-7.30716276 3.68223000 47.36534882
-8.09571457 3.44688797 46.73716736
-4.89359379 4.89112282 47.85143280
-5.92182589 5.09593010 47.79859924
-6.98940802 5.14039803 47.52376938
-7.97360277 5.11907005 46.94741440
-4.66806078 6.13962603 48.17744446
-5.70392799 6.54394484 48.16323471
-6.77288294 6.71159220 47.99781799
-7.73992920 6.74525785 47.46353149
