-1.72456098 1.01429999 0.67599601
-2.35535693 2.48046303 1.64333105
-0.23593900 1.69850397 1.26862204
-3.01393294 3.84547210 3.89257503
-0.84489000 3.25002909 2.86332512
1.08569300 2.15854311 3.10989404
-3.60664511 4.82833719 7.01758099
-1.55891597 4.45313883 5.39368200
-4.10901022 5.42302418 10.69492912
-2.28557801 5.17837191 8.68248367
-0.42888099 4.45251799 7.74065399
0.35192701 3.53613400 5.08117723
1.98341000 2.20475507 5.97947693
1.16713905 3.28045988 8.12641239
2.56987405 1.94212103 9.35830879
-4.51095819 5.78468609 14.57043552
-2.97089100 5.52250004 12.50383377
-4.83145094 6.16093588 18.31999779
-3.51253009 5.77356005 16.43853569
-1.94580400 5.16846418 14.92250347
-5.03919220 6.75673914 21.67951202
-3.94212699 6.22565889 20.15637589
-5.12838507 7.50829983 24.30283737
-4.23297310 6.97994995 23.40450668
-2.96453500 6.18768978 22.35754967
-2.50971293 5.52144003 18.75278091
-0.93188101 4.71170807 17.62891388
-1.46689403 5.30444193 21.26171112
0.05765000 4.37932301 20.38998413
1.76353204 2.70187402 11.55604744
3.10135889 1.69706297 12.67251778
1.11698401 3.27956200 14.08432770
2.37285495 2.41911292 14.74614143
3.62421393 1.70863199 15.69903183
0.55217898 3.81006503 17.04529381
1.81271601 3.08097291 17.09347534
1.40253901 3.60209894 19.88884735
2.56406808 2.97753096 19.84238625
2.94763303 2.44519496 17.63327980
4.09805584 1.82556999 18.50580978
3.62178993 2.34901905 20.28652573
4.53718710 1.78251600 20.77745628
-0.30082500 4.30952883 14.01650047
0.40928599 3.90304589 10.77493858
-1.20995104 4.92295599 11.05957794
-5.64315224 8.57234001 26.12364578
-4.55332088 8.35853386 26.12397957
-6.21963406 9.63239384 28.45074844
-4.96991777 9.63984871 28.54484177
-3.70928311 9.22386646 28.33172035
-6.81026411 10.41693497 31.09810257
-5.51257086 10.63974380 31.15785980
-7.29471016 10.83816147 33.98317719
-6.03636980 11.23446369 33.99701691
-4.78723383 11.21155357 33.87000656
-4.20337105 10.42706966 31.02458763
-2.87497211 9.66408253 30.75394821
-3.50746894 10.67631245 33.63665009
-2.16129899 9.63900185 33.37792587
-7.58152819 10.80032063 36.96762466
-6.42132998 11.40555668 36.98940277
-7.77551508 10.35755730 39.83875656
-6.66859484 11.27839184 39.89230728
-5.59302616 11.78474998 39.81700134
-7.95461893 9.53216171 42.29461670
-6.90548182 10.78464127 42.41293335
-8.06015778 8.45437622 44.06352234
-7.17099810 9.97321129 44.25393295
-6.16816092 11.24347305 44.35282898
-5.85394382 11.69637775 42.41519928
-4.74084377 12.13363171 42.32250977
-5.05617714 12.11190033 44.36484528
-3.83488488 12.41720104 44.26209259
-2.72049904 10.59754753 36.36364746
-1.36467004 9.44608688 36.10194397
-3.12032604 11.43168640 39.37314606
-1.77454603 10.51973057 39.11405182
-0.27967399 9.26827145 38.78208923
-3.45718908 12.07516766 42.12067032
-2.10851908 11.41907310 41.86315918
-2.49525690 12.08882141 44.03099442
-1.02994096 11.24904156 43.70352554
-0.61881799 10.36427402 41.52919769
0.98544401 9.03694153 41.05532074
0.54045099 10.01648331 43.24404907
2.16196489 8.52089405 42.50326157
-4.41692877 11.90396881 39.63531494
-4.02286386 11.39467335 36.62926865
-5.25457001 11.64044857 36.86275482
2.97790098 7.10102606 40.27052307
3.59161496 5.64712811 37.55406189
1.73042405 7.41790295 38.32377625
3.99793601 4.33104992 34.52766418
2.30547404 5.80926991 35.34863281
4.18326902 3.27607393 31.33955574
2.66004992 4.51817417 32.12245178
1.04147100 6.11559296 32.83547974
0.42895699 7.64755392 35.85031509
-0.59099400 7.95686102 33.18822098
4.24539185 2.55902600 28.17978287
2.77375889 3.50525594 28.76171303
4.32537079 2.16664600 25.28261185
2.99311709 3.01281905 25.57345963
1.74592102 3.85375404 26.08017349
4.44217205 1.97855103 22.73450089
3.25954509 2.72403693 22.73783875
2.13887691 3.38625598 22.82857132
0.94496799 4.12154007 23.26882553
-1.45650005 8.24258614 30.47367859
-0.96731502 6.62504911 27.41528511
-2.36215091 8.09603596 27.95244789
-0.47155899 5.24321985 24.02743721
-1.98877203 6.43695402 24.88413620
-3.39002299 7.55778122 25.66407013
0.48686999 5.03884315 26.75934982
-0.00418300 6.44734097 30.12563705
1.43511498 4.74230814 29.53692627
-0.03533200 -0.13105200 0.82910800
1.73052502 0.44324699 1.77296197
1.88661504 -1.49413705 1.87715805
2.93500304 0.83240098 4.08480978
3.66196799 0.91772503 7.20595598
4.70114708 -0.43799901 5.57614803
3.61085892 -0.90222400 3.16462398
3.65327692 -2.78386903 3.88507295
5.24171591 -2.10255909 5.27166700
5.09643078 -3.83507204 6.57967806
4.11289501 0.81301999 10.62993717
4.62075090 0.89091998 13.75892258
5.84205389 -0.03985300 11.76044846
5.05831623 1.07286799 16.77492523
5.40384293 1.22654903 19.68741798
6.67008781 0.25015101 17.99455261
6.32849503 0.13053299 14.83171272
7.54420900 -0.93747997 13.10423088
7.95793676 -0.85702300 16.26076698
8.96874809 -2.02341509 14.96499825
6.61146498 -3.10032606 7.80960608
6.24396896 -4.71315384 9.58949375
7.69039202 -2.53107500 9.69220543
7.64259100 -4.00528812 10.66546345
7.19953585 -5.46047783 12.56660748
8.48770809 -2.18103409 12.05074215
8.70112419 -3.49260998 12.29253387
9.42963028 -3.24338794 14.59451199
9.35932541 -4.48031378 15.18862915
8.46399879 -4.81890392 13.56343746
7.96616507 -6.14974117 15.47157955
8.94076443 -5.66546297 16.42865372
8.38199234 -6.70026302 17.90094757
7.03825283 -1.13959301 10.08779526
6.31700420 -1.52353799 7.43333483
5.34949303 -0.18653999 8.59254360
5.57071209 1.13008797 22.34969711
5.68158007 1.25838006 24.95390320
6.91193819 0.26832199 24.26573944
5.73064613 1.61023104 27.71041870
5.72587299 2.27093101 30.67776108
7.14825106 1.27196097 30.07022095
7.06714487 0.63065702 27.17438507
8.12635136 -0.38460699 26.43108749
8.30316067 0.26209399 29.42442703
9.12102413 -0.82445598 28.74593735
5.56967878 3.25395894 33.73457336
5.17403316 4.45818996 36.71793365
6.66431284 3.33080411 35.91604996
4.55684090 5.72997999 39.41938019
3.73980403 6.98533583 41.62890244
5.20964098 5.53826380 40.73439407
6.02499199 4.46721315 38.56359100
7.39533710 3.25060391 37.73785400
6.56973600 4.18453884 39.86231995
7.80036592 2.89538407 39.05348206
9.22713661 0.06806300 31.70180511
9.86477470 -1.12410402 31.11081696
9.05921936 1.03972399 34.48826218
9.84249878 -0.12468500 33.86266327
10.36340427 -1.45102704 33.41568756
8.54050541 2.00831389 37.00075531
9.51568985 0.81370300 36.33663940
8.89571953 1.66027606 38.33593750
9.81874371 0.40894699 37.74469757
10.23647976 -0.47675300 35.82444382
10.69381046 -1.78399396 35.57876587
10.48282528 -0.88695300 37.35798645
10.78723526 -2.18396091 37.21183777
7.99869680 2.17219901 35.16695404
8.31516647 1.13114798 32.35629272
7.04973078 2.19094300 33.01999664
10.84571075 -3.24483490 35.56196594
10.67266083 -4.38171387 33.31057358
10.62640572 -2.87654400 33.20000458
10.43502331 -5.40772200 30.76994705
10.30909729 -3.94529295 30.48100471
10.12119675 -6.15063286 27.95273590
10.03494453 -4.82532787 27.54211426
9.88601971 -3.42293692 27.58867264
10.21307373 -2.50666499 30.64436340
9.63389587 -2.09014702 28.04290009
9.76061440 -6.52948093 24.97801208
9.91671085 -5.36478901 24.39553642
9.36079693 -6.63331079 22.10125923
9.75064278 -5.53351307 21.27740097
9.84974766 -4.35817194 20.83370972
8.89024353 -6.63673878 19.63316917
9.47905922 -5.56175709 18.53481865
9.79519653 -4.40403605 17.70029068
9.70662403 -3.18207693 17.52874184
8.89752388 -1.52581000 25.59317017
8.81884670 -1.85264206 22.10808182
7.92904902 -0.73034501 23.26116371
8.94199276 -1.94880700 18.43638802
7.89273977 -0.78942698 19.82870293
6.69235802 0.27271301 21.29262543
9.50695515 -3.09157300 21.10339546
9.42042446 -2.76884890 24.72504234
9.71384716 -4.09088707 24.27616501
-2.44050789 -0.46740201 1.10619402
-0.53970200 -1.94238603 1.85380399
-3.33999896 -2.22641492 2.89425707
1.38319302 -3.33972311 3.58625507
3.05448890 -4.51106977 6.12876415
0.52284098 -4.99110985 6.55560112
-1.34974802 -3.71601200 4.28890610
-4.13845491 -4.00076389 5.88578510
-2.17918205 -5.30341005 7.73464680
-4.75013590 -5.59727097 9.54702282
4.42269516 -5.48285389 9.21695709
5.60677814 -6.26629400 12.27233124
3.60563111 -6.99184084 12.44390106
6.64913511 -6.89852810 15.26039982
7.41619110 -7.43242216 18.05572891
6.00738192 -8.27727509 18.24562454
4.93257093 -7.74581623 15.43366814
2.84213305 -8.41018295 15.86031055
4.19701576 -9.11292458 18.65077019
2.05336690 -9.72058868 19.26468277
-2.89683390 -6.67539597 11.61587811
-5.24874020 -6.95581007 13.29743099
-1.12711406 -7.75699282 14.04109859
-3.49721408 -7.96305609 15.26913071
-5.67993879 -8.10282135 16.79429054
0.51994801 -8.74862385 16.55701065
-1.82674599 -8.92791176 17.48472023
-0.26041701 -9.98591042 20.02885056
-2.55547905 -9.95339012 20.86197281
-4.10018492 -8.99535561 18.58676720
-6.07148314 -8.96935081 19.87997437
-4.65427685 -9.74819946 21.70242500
-6.24454689 -9.53859901 22.44205856
1.27515697 -7.44604397 13.01219177
-0.38337201 -6.41747904 10.29528809
2.14550900 -6.07135487 9.44433784
8.09863758 -7.63372898 20.49523354
8.74990463 -7.67759418 22.96577072
7.79671812 -8.66780281 23.70066833
9.34269142 -7.60385990 25.73845291
9.87588120 -7.31634283 28.62267685
9.32508564 -8.36501694 29.41724396
8.59479046 -8.59491920 26.52121735
7.46653891 -9.55320930 27.24038124
8.39382935 -9.30490017 30.21587944
7.01681089 -10.14191246 30.98071480
10.27729893 -6.68137693 31.33950424
10.57072926 -5.73585510 33.76198959
10.19016647 -6.93805218 34.46569443
10.74763680 -4.61307812 35.83362579
10.80597401 -3.46420598 37.39608765
10.53995705 -4.70226002 37.73828888
10.41549015 -5.84211922 36.41160583
9.77668190 -6.94625521 37.16351700
10.00073242 -5.81796694 38.37566376
9.14929104 -6.69922304 39.32749557
7.95169878 -9.61949253 33.89384460
6.30787897 -10.29835129 34.73319626
8.53014565 -8.85469818 36.38136292
7.11018801 -9.55189228 37.31995392
5.26418781 -10.03981686 38.21979141
8.84490967 -7.85471821 38.19307709
7.59524012 -8.61825466 39.23161316
8.02959633 -7.53033495 40.29304504
6.62850523 -8.16637802 41.33606339
6.01390123 -9.17446995 40.22925568
4.08354092 -9.48483181 41.10419846
4.99162388 -8.56721306 42.32625580
3.18699789 -8.68219566 43.17747498
9.54494953 -8.01086330 35.37625122
9.12586784 -8.81893253 33.02179718
9.87262344 -7.82879591 32.13005829
2.04929996 -9.32120991 41.75874710
0.82630497 -10.08497906 39.49950790
3.03303909 -10.14249420 38.96478271
-0.44086999 -10.86318779 36.70919418
1.83432198 -10.88181686 36.22754669
-1.69636405 -11.39924431 33.76626205
0.56895399 -11.51304626 33.24788666
2.95253491 -11.27709961 32.50759125
4.19811296 -10.66371059 35.53744507
5.17958117 -10.79199600 31.72571564
-2.92561197 -11.47239304 30.77630234
-0.71573901 -11.80082607 30.30243301
-4.16209316 -11.02269840 27.70136833
-2.03208494 -11.47601414 27.27570724
0.29699901 -11.57291031 26.51686096
-5.33221817 -10.23636913 24.74590683
-3.34846401 -10.69450569 24.29198647
-1.10269701 -10.90703869 23.58235931
1.23095798 -10.81474113 22.78226662
5.91464090 -10.47687721 27.90515137
4.75125599 -10.63702011 24.91346741
6.48447609 -9.68387985 24.32350540
3.46456504 -10.39885330 22.05575943
5.42248106 -9.56546211 21.47893906
6.98209381 -8.62230873 21.03342247
2.61626792 -11.30611038 25.62082672
3.92351103 -11.22867489 28.58209419
1.64116001 -11.70558167 29.45765305
-3.87904596 1.13080204 1.44977701
-5.08749390 -0.56235600 2.54013205
-6.31454897 1.10944104 3.44066310
-6.06245899 -2.43359995 4.86146212
-6.65164804 -4.26977491 8.13624954
-8.37034798 -2.62490106 7.52282810
-7.58964205 -0.71102899 4.91602612
-8.46118546 0.97996002 6.22200203
-9.57100868 -0.86288798 7.93337202
-10.17426014 0.85004699 9.42130280
-6.99344921 -5.87597084 11.86715698
-7.29403210 -7.15939093 15.45293617
-8.92325211 -5.98913002 14.49025345
-7.55108500 -8.14165497 18.68632317
-7.56436396 -8.92354584 21.69737053
-8.97008801 -7.99723387 20.99496651
-9.01673794 -7.09382200 17.80118370
-10.47480011 -5.73927116 17.21094322
-10.30942154 -6.75274706 20.48656082
-11.58244133 -5.21267700 20.18430710
-11.11070061 -0.88304198 11.23153114
-11.55091763 0.84081501 12.71557808
-11.58760357 -2.53484297 13.84323311
-12.32032681 -0.70796001 14.55080223
-12.64583588 1.01447594 15.91907120
-11.75942230 -4.00466919 16.96055603
-12.68343353 -2.17647791 17.15883636
-12.65329647 -3.45116997 20.10035706
-13.40269947 -1.62103105 20.29976654
-13.27249813 -0.33335301 17.79563522
-13.44546890 1.28342104 18.95497322
-13.86714554 0.16141801 20.78478241
-13.94491482 1.56338298 21.32344818
-10.42048740 -4.37163591 13.81732941
-10.18043137 -2.70890999 10.59432983
-8.72339153 -4.45235777 10.87973022
-7.00881100 -9.49868011 24.66120911
-6.00155783 -10.23090172 27.70008087
-7.56562901 -9.19070244 27.37932968
-4.82929277 -10.79307365 30.84454346
-3.64832211 -10.89606380 33.90909195
-5.25578308 -10.15068531 33.78015137
-6.43647289 -9.85616398 30.60348320
-7.81781197 -8.73291111 30.22463608
-6.61958313 -9.24104309 33.48308563
-7.75460196 -8.16207600 33.16465759
-2.43942499 -10.51758671 36.88797760
-1.15510499 -9.80209732 39.75419998
-2.79884100 -9.33874130 39.78383636
0.10766500 -9.09428406 42.18537140
1.37435997 -8.49948502 43.79203415
-0.25800601 -8.07880974 44.06216812
-1.52586496 -8.64294434 42.29113770
-2.91391897 -8.05958652 42.18033600
-1.64147103 -7.52062607 44.05942535
-2.79345107 -6.90645599 43.90077209
-6.54651880 -8.37513828 36.36188507
-7.38826323 -7.32199717 36.15298080
-5.28846312 -8.00893974 39.37174225
-6.10705280 -7.13378906 39.15967560
-6.71833801 -6.06586504 39.03946686
-4.00500584 -7.41002798 41.96691132
-4.87707615 -6.65452623 41.76521301
-3.70387506 -6.24515295 43.68560028
-4.40273714 -5.54413986 43.56814575
-5.47459698 -5.79416084 41.67310333
-5.88680887 -4.70812178 41.67039490
-4.87325716 -4.72767782 43.47217560
-5.33156109 -3.79482293 43.43997192
-4.14733219 -8.71216202 39.60579681
-5.41803598 -9.21904373 36.63686371
-4.04623318 -9.93248463 36.85537720
-6.39393520 -3.52641296 41.63672638
-7.85722399 -3.15858102 38.89657593
-7.21836615 -4.65366220 38.95420074
-9.39080238 -2.62258697 35.83536530
-8.70141792 -4.30821609 35.89978027
-10.97519398 -1.88344395 32.55815125
-10.22033310 -3.67632604 32.63491058
-9.46352005 -5.34495401 32.74369812
-8.05117035 -5.91991520 35.99530029
-8.67271423 -6.88074017 32.89976120
-12.28154469 -1.03535998 29.29958344
-11.68867397 -2.84448409 29.35331917
-13.26619434 -0.11908100 26.19519043
-12.85913658 -1.89219999 26.20568466
-12.17061520 -3.68964291 26.27669907
-13.85400391 0.81327099 23.41673470
-13.62020779 -0.85329300 23.30998611
-13.08590126 -2.65393710 23.23653793
-12.20126247 -4.45667982 23.25028229
-9.01524830 -7.49851513 29.85952759
-10.15829277 -6.81962919 26.59122849
-8.93908024 -8.05677319 26.93776703
-11.02314186 -6.13136482 23.39443588
-9.79704571 -7.49632406 23.70521164
-8.44425201 -8.58972740 24.18151855
-11.23912907 -5.36889315 26.38882637
-10.03274155 -6.14593792 29.60752678
-10.95366859 -4.59101295 29.44374847
-4.66534185 2.66682196 3.18439388
-6.89441395 2.60452700 5.63403416
-8.77614594 2.44868207 8.61989975
-7.11685801 3.77437091 8.73018932
-5.17560911 3.91892004 5.99790907
-5.49134302 4.79279709 9.47391033
-10.34070683 2.34250593 11.83322430
-11.62356091 2.37887907 14.97954845
-10.22505188 3.56557798 14.81619263
-12.62292194 2.52993202 17.99547005
-13.39991570 2.62240505 20.84122086
-12.45177460 3.76313090 20.61782646
-11.43273163 3.66958094 17.72868729
-9.95670605 4.62688303 17.98506355
-11.14215755 4.78757906 20.78234673
-9.61046791 5.69866610 21.16588974
-5.71110392 5.37685490 13.31469631
-7.12113619 5.32289982 16.06266022
-5.87753487 5.87621498 17.04493713
-8.43729019 5.44357109 18.64517593
-7.09918404 6.07315302 19.46153259
-8.20238590 6.42911005 21.82619286
-6.97820616 7.00133085 22.62480164
-5.98585081 6.51862001 20.45189857
-5.95348597 7.38598108 23.46642685
-8.61238575 4.53060007 15.28421211
-7.13700294 4.62266111 12.38268757
-8.77859497 3.59963298 11.79913139
-13.73396492 2.30431509 23.37086487
-13.29423046 1.56206703 26.23472214
-13.01463604 3.12284207 26.23154640
-12.53640079 0.76814300 29.31008911
-11.45331192 -0.01196500 32.52786255
-11.74604034 1.82757497 32.54539490
-12.56655693 2.48946905 29.32351112
-12.22021103 4.12019300 29.42219543
-11.71771336 3.58960199 32.62841034
-11.31460381 5.25705624 32.82684326
-10.12830544 -0.77924299 35.77653503
-8.58218765 -1.59921300 38.85811996
-9.34083939 0.14382599 38.80373764
-7.17470884 -2.17375398 41.46125031
-5.86371994 -2.77099204 43.40604782
-6.54785013 -1.61994898 43.40625763
-7.93721294 -0.77773303 41.43177414
-8.69454002 0.89004898 41.39866638
-7.37429190 -0.29035801 43.34025574
-8.21992207 1.38449705 43.31553650
-10.88940525 4.65762997 35.95681763
-10.37856483 6.26165009 36.22352219
-10.19581127 3.73691010 38.90887833
-10.05063438 5.44838715 39.11824036
-9.46399784 7.03745508 39.40782928
-9.28733635 2.58086205 41.42935181
-9.51145458 4.37419510 41.60874939
-8.77629280 3.10765791 43.34470749
-8.96085358 4.95982599 43.57123566
-9.31418419 6.11431885 41.85482025
-8.64626217 7.69831514 42.08866119
-8.70514584 6.76719713 43.82469940
-9.88202667 1.90695596 38.79139328
-10.93340206 2.88469505 35.81026459
-10.63677597 1.02356696 35.74824524
-8.72036457 8.71740818 39.67825317
-8.69619560 9.47854996 36.84682465
-8.54350758 9.82260895 33.84157562
-9.67632771 8.46030521 33.54016876
-9.64829922 7.88574982 36.56382370
-10.62649155 6.90839100 33.15989685
-8.13606262 9.75257015 30.89078140
-7.49832296 9.16290188 28.13678741
-8.81051159 8.37679768 27.65925217
-6.74841595 8.28648186 25.69130707
-7.95322084 7.71428299 25.04893303
-9.27415562 6.94777822 24.39442062
-11.54124546 5.70809793 29.67676544
-11.31774044 5.96699286 26.66030884
-12.35337639 4.61969090 26.34834099
-10.64417553 5.93913221 23.84248543
-11.94715214 4.87091923 23.49129295
-12.97596645 3.63900304 23.37318039
-10.11476421 7.25816917 27.12356949
-10.57859135 7.24911022 30.08143044
-9.44119167 8.65631866 30.52435493
0.36965001 1.37818694 44.18940735
-0.93062401 3.52942109 44.85025024
-1.03834903 3.27554703 44.88195801
-1.61380100 4.61531591 45.16576767
-1.75701702 4.17780685 45.19633102
-2.22912598 5.72992277 45.48152924
-2.40998411 5.09957886 45.50903320
-2.80726004 6.82386208 45.78570557
-3.03151488 6.00804281 45.80786133
-3.45118690 7.87779617 46.06422424
-3.73767090 6.89229202 46.07489014
-0.79212701 3.74874306 44.79996872
-1.41494501 5.00036621 45.10900116
-1.96398306 6.28016901 45.41930771
-2.46785402 7.52789116 45.72205734
-3.01466203 8.70300102 46.00627518
-0.61484200 3.91933608 44.73042297
-1.14847600 5.30585289 45.02385712
-1.60300505 6.70565605 45.31854630
-2.00580597 8.05308914 45.60932922
-2.42840099 9.30454254 45.89350128
-0.39040801 4.02529716 44.64038086
-0.80406398 5.49944496 44.90734863
-1.13549399 6.95717382 45.17310333
-1.41553605 8.32545090 45.43652344
-1.70044899 9.59121323 45.70714188
-0.11591200 4.05493498 44.52957535
-0.37897700 5.55509186 44.75606537
-0.55703098 6.98645782 44.97666931
-0.68941599 8.29032135 45.19382095
-0.82180101 9.45657730 45.42312622
0.19231699 4.01237679 44.40018463
0.11583400 5.47443819 44.56887054
0.11782700 6.79836082 44.72343826
0.17319900 7.92030287 44.86715698
0.20806099 8.91878128 45.03090668
0.51568800 3.90269899 44.25182343
0.66255802 5.23778296 44.33018112
0.89505500 6.34375000 44.38344955
1.13982499 7.27234602 44.44066620
1.36309397 8.05056381 44.51599503
0.88350898 3.70366502 44.07044220
1.25594604 4.86247396 44.04045105
1.72402894 5.71917486 43.97131348
2.18910193 6.37413597 43.91087723
2.61221004 6.89956093 43.88049698
1.28783500 3.41487503 43.87027359
1.90853405 4.34709501 43.72008514
2.60938311 4.95090485 43.51799774
3.28476310 5.33660507 43.31955338
3.89351201 5.59561920 43.18236160
1.71556401 3.05287409 43.67245483
2.58513498 3.71832490 43.39136124
3.50711393 4.08346701 43.07127762
4.36549997 4.24298716 42.73890305
5.10352182 4.28681803 42.46361160
2.12526894 2.64915705 43.48843002
3.21730709 3.05482507 43.10281372
4.32374287 3.20596910 42.64603806
5.32231903 3.18387198 42.19583893
6.14782190 3.06031799 41.81325912
2.48501110 2.21351790 43.32979965
3.75608993 2.38988090 42.84432983
5.01000500 2.35778594 42.29204559
6.11714077 2.19409609 41.74639130
7.01793098 1.93816602 41.28035736
2.78540802 1.75200796 43.22617340
4.18090582 1.72030997 42.64978790
5.54860687 1.52880895 42.02644348
6.75762701 1.24177599 41.41772461
7.73947382 0.90232301 40.88272476
2.98548293 1.29842901 43.15793228
4.48239708 1.05413604 42.53284836
5.94642496 0.70090503 41.85979462
7.24663496 0.30516601 41.20921707
8.32345676 -0.13294999 40.61896515
3.09315491 0.83974600 43.13772583
4.65169382 0.41247001 42.49341202
6.25113678 -0.12888500 41.79263306
7.63581896 -0.61765301 41.10157776
8.73702812 -1.09751904 40.49373627
3.10363603 0.39713901 43.17477036
4.72801304 -0.24756099 42.53542709
6.30964184 -0.91214401 41.84633636
7.71819115 -1.50163102 41.16721344
8.84044266 -2.05568695 40.55805969
2.98485899 0.07294500 43.27751160
4.61200523 -0.83720201 42.65528107
6.18079901 -1.65299594 42.01802063
7.57270002 -2.37131906 41.38694382
8.66748428 -3.01070595 40.81096268
2.80097890 -0.33511901 43.39012909
4.34673882 -1.36634803 42.85449982
5.87536192 -2.27752304 42.27919769
7.24282312 -3.12256598 41.71612167
8.24025154 -3.93364692 41.24447250
2.54071808 -0.65029103 43.54322433
3.95066190 -1.82608795 43.11701202
5.36001587 -2.89086699 42.66551971
6.65349483 -3.86937499 42.21353149
7.64888477 -4.71553993 41.79777527
2.20658803 -0.90232998 43.71865082
3.43801999 -2.19798303 43.41337585
4.67352009 -3.38575006 43.11324310
5.79708195 -4.48179388 42.81823730
6.69011497 -5.40716887 42.50956726
1.81364095 -1.08532500 43.88057709
2.82629704 -2.46449709 43.71154785
3.83542705 -3.75008607 43.57488251
4.78253508 -4.91880417 43.44880676
5.52499104 -5.89344978 43.28931808
1.39354801 -1.19860303 44.00585175
2.15178800 -2.61683512 43.97145844
2.90523505 -3.93597794 43.99572372
3.62746096 -5.15143824 44.04680252
4.21984816 -6.14973593 44.05393982
1.02919102 -1.26568198 44.16728973
1.47450805 -2.64581704 44.19630051
1.93978405 -3.95168900 44.33035278
2.43069410 -5.16497993 44.53218079
2.73789096 -6.13839722 44.69384766
0.63651901 -1.25351095 44.27885437
0.84561700 -2.50209594 44.36124420
1.04603100 -3.82116103 44.55309296
1.24064505 -4.97477484 44.83614349
1.34577703 -5.89352608 45.09008026
0.23132800 -1.16414499 44.32665253
0.25438499 -2.36601400 44.45251083
0.26959500 -3.58760810 44.67539978
0.22596601 -4.65288019 44.97003174
0.13221900 -5.47540283 45.25997925
-0.12585600 -1.01407099 44.35718918
-0.28015199 -2.15060401 44.48058319
-0.46933001 -3.21325707 44.67127991
-0.66715300 -4.24044991 44.94815826
-0.88339698 -4.97797394 45.25319290
-0.41565800 -0.81963199 44.38601685
-0.66935301 -1.87431002 44.47407532
-1.03047097 -2.88353705 44.63432312
-1.41184795 -3.76104403 44.85417175
-1.72774506 -4.49631500 45.13449860
-0.64817899 -0.58824497 44.42159653
-0.99511200 -1.57494497 44.48786926
-1.42950106 -2.51956201 44.59648895
-1.88286304 -3.34523392 44.74693298
-2.27289104 -4.02457380 44.96363068
-0.82728797 -0.31685099 44.46786499
-1.24161899 -1.22834003 44.51904297
-1.73038495 -2.10753298 44.58021545
-2.18987799 -2.89242005 44.66639709
-2.63106298 -3.55457902 44.79578400
-0.96687698 -0.01759100 44.52808380
-1.42908895 -0.83203101 44.57231140
-1.92969096 -1.64532697 44.60562515
-2.41972208 -2.39248109 44.63188934
-2.84924197 -3.02641511 44.71195221
-1.07780600 0.30325100 44.59468079
-1.60911298 -0.41260001 44.65412140
-2.07062602 -1.12031400 44.67712402
-2.54323792 -1.79836500 44.69026566
-3.00501204 -2.42979598 44.72141266
-1.16130996 0.72964501 44.65317917
-1.73638499 0.05556300 44.74186707
-2.21093702 -0.53068900 44.78802490
-2.67764091 -1.12092602 44.80980682
-3.14783096 -1.70496202 44.82926941
-1.21506298 1.09598005 44.72565842
-1.83380306 0.54822499 44.83898926
-2.33401608 0.11156800 44.90900421
-2.82481194 -0.35344699 44.97028351
-3.34398103 -0.83968401 45.00471497
-1.24436998 1.44749999 44.79393768
-1.90633500 1.17878199 44.95507050
-2.46169591 0.77371401 45.05144119
-2.96399593 0.48011401 45.13593674
-3.56315589 0.11647400 45.21917725
-1.22937906 1.74606502 44.81753540
-1.95188904 1.71361196 45.05386353
-2.54958510 1.60221505 45.20626831
-3.10632801 1.47072399 45.31591797
-3.77561998 1.26654100 45.41259766
-1.22461200 2.06403494 44.85017395
-1.94973803 2.19502306 45.09914398
-2.58135700 2.29603195 45.31307602
-3.20786500 2.38551903 45.50273132
-3.89411902 2.40433693 45.61762619
-1.20765305 2.38748002 44.87683105
-1.95086706 2.70921111 45.15162659
-2.59612799 3.00572610 45.40497589
-3.24453902 3.28083801 45.62899399
-4.01237679 3.52555704 45.79364014
-1.17302799 2.70043397 44.89278030
-1.92787099 3.22053504 45.18868256
-2.57763004 3.72652102 45.47110367
-3.22787189 4.21286201 45.73500443
-4.00412178 4.68079376 45.95216751
-1.11744797 2.99851799 44.89584351
-1.85285199 3.70856500 45.20233154
-2.51943493 4.42615700 45.50503540
-3.15965796 5.12910080 45.79174805
-3.90317607 5.80732203 46.04131317
-4.10150099 8.76992226 46.26256943
-4.49342299 7.67429495 46.25510406
-4.90830708 9.50812054 46.35464859
-5.43411779 8.28360939 46.30952454
-5.70766211 9.87507629 46.16558075
-6.38301802 8.52939415 46.07714844
-6.45643520 9.95398903 45.53129196
-7.24563503 8.53539085 45.40435028
-3.53506303 9.64805412 46.21656418
-4.20274401 10.49562263 46.33933640
-4.87245512 10.97248840 46.19433594
-5.52814388 11.15797997 45.59114838
-2.81871200 10.24714088 46.10506058
-3.34527302 11.13641167 46.24185944
-3.89718604 11.69000435 46.12387085
-4.47274208 11.97884464 45.56515884
-1.97281897 10.47890472 45.90541458
-2.36733294 11.33567142 46.03730774
-2.81371903 11.91382217 45.93365097
-3.30765295 12.24324799 45.40609741
-1.00033104 10.25717163 45.59259033
-1.26926696 11.02658463 45.69981384
-1.61396801 11.57784653 45.60239029
-2.02753305 11.91320705 45.12144470
0.11791500 9.58678818 45.15296936
-0.04609100 10.26904297 45.22640228
-0.29043901 10.76466942 45.12374878
-0.61892301 11.07943439 44.69428253
1.35818899 8.57923698 44.58322906
1.29103899 9.15079498 44.61354828
1.13918698 9.58983994 44.49514008
0.89883298 9.86715317 44.09749603
2.70739698 7.30852890 43.87844467
2.73854899 7.76504898 43.84333801
2.66728497 8.15094376 43.69681168
2.49052811 8.39921665 43.31555176
4.08789206 5.91513395 43.10398865
4.20459318 6.27834320 43.00231552
4.19875383 6.60970688 42.81604004
4.05616093 6.86211395 42.44507980
5.37473202 4.53685379 42.30357361
5.54982805 4.83796120 42.13822174
5.60695696 5.14037895 41.90974426
5.51349211 5.37991524 41.51903534
6.49727297 3.25814104 41.56819916
6.72539616 3.50552893 41.33993149
6.85006380 3.76928711 41.05661774
6.82325506 4.00722313 40.63883209
7.44332600 2.08065200 40.96128464
7.71703386 2.28264189 40.67134476
7.90680599 2.50218391 40.32878876
7.95707989 2.71545005 39.85777283
8.23910427 0.98635697 40.50567627
8.55119228 1.12225199 40.14835358
8.80055809 1.29249001 39.75044250
8.93043041 1.48053396 39.20536423
8.95124626 -0.07219300 40.17210007
9.29482841 -0.00071500 39.78094482
9.54399681 0.07218900 39.30863190
9.75620556 0.20946901 38.70529938
9.34573364 -1.09485602 40.03059769
9.72447205 -1.07483494 39.59485626
10.01311207 -1.08188200 39.07756805
10.27478123 -1.01864195 38.39813995
9.47810459 -2.13868093 40.08052063
9.87555122 -2.17572808 39.61851120
10.21177673 -2.22093201 39.08498383
10.50258446 -2.20970893 38.37944031
9.32024288 -3.17829895 40.33822250
9.73574448 -3.29349303 39.86658096
10.08777046 -3.38711500 39.31478119
10.41372299 -3.44005609 38.57221985
8.90513802 -4.17455101 40.80028152
9.32865906 -4.37474823 40.34440613
9.69183254 -4.52041197 39.79076385
10.06285477 -4.61828613 39.00398254
8.25959015 -5.00677109 41.42394257
8.68140793 -5.31375122 41.02241516
9.05625534 -5.52915287 40.48838043
9.45885277 -5.68726301 39.69264984
7.34385300 -5.77573395 42.20631409
7.75071478 -6.08817911 41.86040115
8.14157581 -6.34763002 41.37678528
8.56736374 -6.54606819 40.64972687
6.15495586 -6.35358191 43.07946014
6.55739117 -6.74065781 42.79701996
6.94488287 -7.07064390 42.36420059
7.42156601 -7.31430578 41.65464401
4.73153782 -6.69636202 43.95578003
5.13489914 -7.18625307 43.75565338
5.51658821 -7.58677721 43.38074112
5.97808599 -7.90610123 42.67862701
3.19828701 -6.79114294 44.70479202
3.57626390 -7.35860777 44.61040497
3.94080305 -7.85162687 44.32931519
4.36245298 -8.24353218 43.66265869
1.68645000 -6.60548210 45.21194458
1.97556198 -7.21722221 45.21235657
2.29078603 -7.79001808 45.03348541
2.65468001 -8.28956795 44.47310638
0.29645300 -6.19986010 45.44860840
0.46049100 -6.81616592 45.51729202
0.68104303 -7.42213392 45.40570831
0.96419901 -8.00729847 44.94742584
-0.87652802 -5.68219900 45.46553802
-0.85082501 -6.27183199 45.58592987
-0.74225199 -6.88689423 45.51123428
-0.55883002 -7.51726913 45.09905624
-1.82462299 -5.14112711 45.34357071
-1.90325797 -5.67894220 45.49628830
-1.91208601 -6.27461100 45.44941711
-1.83911097 -6.93120623 45.04460907
-2.55929708 -4.64607811 45.15248871
-2.74520302 -5.13040400 45.33480835
-2.82106209 -5.66183901 45.28129578
-2.87892699 -6.30512190 44.88261414
-3.02307296 -4.10803413 44.94355011
-3.27654791 -4.55462980 45.12358856
-3.51536894 -5.06593084 45.12255096
-3.72184992 -5.65740013 44.75201416
-3.28492093 -3.56036806 44.82187653
-3.62847304 -3.94648194 44.98066711
-3.95794606 -4.40390778 44.96961212
-4.25390387 -4.97775078 44.56517029
-3.46957898 -2.93142700 44.80656433
-3.87104106 -3.30468392 44.93726349
-4.29158401 -3.69731092 44.88462448
-4.67383480 -4.18362617 44.48901367
-3.67758107 -2.14606690 44.89845657
-4.08623791 -2.52524805 44.98618698
-4.60353422 -2.90747499 44.88506699
-5.08054209 -3.30772591 44.47752762
-3.94382691 -1.22823298 45.05600357
-4.41938019 -1.61522496 45.11425018
-5.00915623 -1.97176695 44.96210098
-5.55833101 -2.31830812 44.50234222
-4.26231098 -0.18593600 45.26330185
-4.82172918 -0.55267102 45.26902008
-5.49015808 -0.86539602 45.13954163
-6.16309023 -1.16934001 44.57484055
-4.37243509 1.02199399 45.42590332
-5.23726702 0.75746000 45.38049316
-6.10867882 0.39995399 45.19912338
-6.87489080 0.15030301 44.57405853
-4.69314194 2.35001206 45.62067795
-5.66563416 2.29903197 45.59071350
-6.71623802 2.12059999 45.29289246
-7.58765078 1.79474795 44.62240219
-4.88518810 3.74050498 45.82223511
-5.92600822 3.88058996 45.83804321
-7.01093197 3.71287489 45.42834473
-7.97742319 3.42256188 44.68869019
-4.89319992 5.09533691 46.04222107
-5.96470690 5.31392288 45.99909210
-7.07927895 5.31851387 45.63064957
-8.06873703 5.19775581 44.88399506
-4.75231886 6.45641899 46.19788742
-5.81376886 6.89423895 46.20516968
-6.88483715 7.02353287 45.91456604
-7.81618595 6.94463015 45.19760132
