-1.44907701 0.88248098 1.84792101
-1.99047005 2.14411807 2.81603909
-0.03133800 1.31966901 2.21641803
-2.59933496 3.27664804 5.10591602
-0.54334301 2.62538910 3.96238804
1.47886097 1.70788097 3.74416995
-3.11394691 4.06402206 8.30650139
-1.22272396 3.58326888 6.80096483
-3.46326590 4.57110214 12.01444721
-1.88118100 4.21932697 10.33939171
-0.06438500 3.69940400 9.25407219
0.78935897 2.90534592 6.05080509
2.72432089 1.99839604 6.26013517
1.83339798 3.04725099 8.89067554
3.65552592 2.17803788 9.33421040
-3.64995790 4.97410393 15.82347965
-2.39128089 4.68617201 14.17788124
-3.71666598 5.38151121 19.45878029
-2.73181891 5.14633417 17.92246628
-1.49968195 4.80539703 16.72461128
-3.67132998 5.79350901 22.76111031
-2.91690302 5.61455584 21.40225792
-3.56502199 6.01728487 25.45553970
-3.01341200 5.98652983 24.56318474
-2.20008802 5.78210402 23.70476341
-1.91943502 5.33133221 20.31078720
-0.67099798 4.92787504 19.40436554
-1.15863705 5.46872807 22.88223076
0.14439400 4.96883011 22.15334702
2.65368795 3.09480691 12.03607082
4.36791277 2.23829794 12.50045967
1.64701104 3.79057097 15.23019028
3.35255098 3.08364201 15.10434246
4.96026087 2.26644397 15.50147915
0.79077899 4.41130114 18.65240097
2.37814999 3.79773593 18.17930603
1.63774002 4.35976410 21.48960876
3.21305203 3.65231490 20.97540283
3.99476099 3.06774306 17.97934532
5.49128819 2.22986603 18.32685280
4.72611713 2.83920193 20.75704575
5.94201899 2.07390809 20.71707916
-0.02213800 4.37328386 15.79996109
0.85952902 3.76733208 12.18541241
-0.86426598 4.27483988 12.93676662
-3.80512595 6.20432997 27.58550262
-3.06576204 6.11560202 27.52688599
-4.07829618 6.51680613 30.32464027
-3.20524812 6.35588598 30.40032578
-2.42957902 6.09887981 30.15107727
-4.33685303 6.92280579 33.34015656
-3.35963297 6.74869299 33.47485352
-4.55722809 7.35578585 36.50957489
-3.51489592 7.22065401 36.65844345
-2.66851306 6.91988611 36.61331558
-2.54995704 6.42526388 33.35218430
-1.75808203 5.98878288 32.99131775
-1.90866899 6.47663212 36.35028458
-1.10838103 5.96432114 35.90676117
-4.78730822 7.65015507 39.69253922
-3.67388797 7.65688086 39.83724594
-5.27392912 7.78641510 42.68187332
-4.00168705 7.96651316 42.84415436
-3.00966001 7.87043190 42.86955643
-6.04331684 7.66317892 45.26000214
-4.58724499 8.03459740 45.42362213
-6.80500317 7.23126793 47.30673981
-5.32527113 7.77552605 47.43558121
-4.01681900 8.01826859 47.47595596
-3.42335701 8.10300446 45.47603226
-2.46659207 7.95014620 45.42644501
-2.91809702 8.02768707 47.44029999
-2.00826192 7.82731819 47.30631638
-1.30302799 6.55746412 39.28536224
-0.48179400 5.96925402 38.78719330
-1.45543599 7.15049219 42.49583054
-0.69714397 6.59036589 42.10509491
0.19717699 5.92867088 41.55107117
-1.67504704 7.59878922 45.24327850
-0.90722102 7.08994722 44.95165634
-1.22050405 7.42339706 47.06277466
-0.46461999 6.89290190 46.74322128
-0.10840700 6.48093414 44.53717422
0.86249799 5.79123688 43.98797989
0.37407899 6.27075386 46.32888794
1.39734399 5.57666206 45.60555267
-2.19059491 7.58864594 42.77466583
-2.03208208 7.05580807 39.65744781
-2.78766799 7.42712212 39.84186554
2.16555500 5.02642298 43.07281113
2.88856697 4.43581820 39.85602188
1.42579997 5.15669394 40.77470016
3.51834607 3.89865708 36.46081543
2.01972103 4.58674192 37.30253601
4.12137079 3.45267200 33.09772873
2.58778501 4.17274189 33.87612534
1.11964500 4.84885120 34.65971375
0.61231202 5.27767897 38.07367706
-0.12378900 5.42990398 35.33952713
4.69324923 3.07160807 29.76648331
3.13867307 3.88925600 30.47992706
5.18099213 2.71497512 26.44489288
3.66664100 3.61938000 27.10519409
2.11696410 4.38552189 27.76394653
5.61967802 2.38376594 23.26485062
4.15372086 3.28098989 23.79069328
2.61048007 4.07750893 24.34977150
1.08827305 4.75849009 24.98613167
-0.85093701 5.56814289 32.46791840
-0.60494000 5.44272995 29.06531143
-1.60085201 5.77769804 29.66015625
-0.29224601 5.30187321 25.67148972
-1.44818902 5.72655106 26.33980179
-2.34764290 5.97824001 27.00950050
0.65667099 5.00618601 28.43194580
0.25417399 5.15365982 31.87961578
1.62943995 4.60701180 31.20796204
0.02240300 -0.27165201 1.86609602
1.85887802 0.16117799 2.54676795
1.79280305 -1.65686905 2.86987305
3.37593102 0.57924998 4.48860884
4.50895119 0.92331499 7.29040194
5.05982590 -0.63214397 6.20928717
3.66142392 -1.13890803 3.98448610
3.52105808 -2.98036909 4.94714785
5.24638319 -2.34738994 6.35393286
5.02098894 -4.07056618 7.74532080
5.32021523 1.13074303 10.47646046
5.94207478 1.25232601 13.56887627
6.78262806 0.03486700 12.19443512
6.45874691 1.31615996 16.54434013
6.84764385 1.36088002 19.48423195
7.86335897 0.27232501 18.27280426
7.39058399 0.18388000 15.20088959
8.08886433 -1.08442700 14.34152412
8.70700645 -0.95475698 17.36282158
9.24882603 -2.23093104 16.84551430
6.55681896 -3.37665391 9.22744179
6.22427177 -4.95941687 10.78832340
7.62946606 -2.84084797 11.45281982
7.52584600 -4.27974892 12.21991920
7.17656612 -5.71033192 13.70179653
8.50637054 -2.46618605 14.01051617
8.54840660 -3.80034494 14.26224709
9.44279003 -3.52361608 16.79854965
9.34975719 -4.81636000 17.19408035
8.34470654 -5.09825182 15.08743668
7.98281479 -6.45162296 16.47588158
9.03467274 -6.04648209 17.90730286
8.62630844 -7.15818119 18.82489014
7.36450005 -1.35536003 11.46003246
6.48461294 -1.77907002 8.67251682
6.05627489 -0.21881799 9.11942673
6.89044523 1.38364899 22.50949097
6.66795301 1.71535301 25.71165085
8.01728344 0.60578901 24.84755707
6.23772717 2.14977002 29.03561783
5.69368076 2.63797688 32.35602570
7.25331402 1.71591997 31.61708069
7.71770382 1.11774004 28.26176453
9.06403446 -0.03134900 27.47405434
8.73711014 0.66161299 30.88734055
10.06998825 -0.57994801 30.24032211
5.09270906 3.18102694 35.67660904
4.40968800 3.78029609 39.02670288
6.00649977 3.08328199 38.20370483
3.61018109 4.36933708 42.17895508
2.63129711 4.92516279 44.72158813
4.06450987 4.31894684 43.79166412
5.16183519 3.74353409 41.28116226
6.82751608 2.99392891 40.38846588
5.67796612 3.67344308 42.82723999
7.38439178 2.86944389 41.89324951
9.77705574 0.30324599 33.53273010
11.02175522 -1.06473398 33.02036667
9.30120182 1.20389903 36.67121887
10.67442703 -0.04231300 36.07213211
11.77922630 -1.55828702 35.67099380
8.54657745 2.07432199 39.54106140
10.05054092 0.92804003 38.83353424
9.02371216 1.85648298 41.07019043
10.43607330 0.60581601 40.41736221
11.29872322 -0.46210301 38.31138229
12.19116592 -1.98030305 38.07145691
11.51738453 -0.84168798 39.99635315
12.12991619 -2.35579491 39.82440186
7.68127823 2.23767900 37.40858459
8.29391956 1.43073297 34.19915009
6.69248915 2.38017106 34.92811966
12.73639297 -3.73551798 38.01413727
12.96269798 -5.09499788 35.55116653
12.70073128 -3.32725692 35.51813126
12.88728142 -6.24343109 32.79337692
12.76672840 -4.56687880 32.62011719
12.44406223 -7.04028320 29.80127907
12.52626801 -5.48363495 29.52765846
12.18639755 -3.79275799 29.52003098
12.18677139 -2.77995205 32.70929337
11.33478737 -2.12843704 29.75634575
11.67603111 -7.43135500 26.69260406
11.94415855 -6.00495005 26.29458427
10.67926598 -7.47239208 23.63600922
11.07820511 -6.13168383 23.13711548
11.16915035 -4.73479509 22.86580467
9.58266735 -7.30927181 20.86816406
10.06229973 -6.06345177 20.24785233
10.30496407 -4.76618910 19.82271004
10.24727154 -3.41415811 19.68045807
10.26095676 -1.37361300 26.79850006
10.15624237 -1.84977305 23.30464935
9.19873238 -0.56220400 23.98211670
9.78826904 -2.07191801 19.95849037
9.04131126 -0.80635297 20.59444809
8.03173161 0.37216699 21.48948479
10.86515522 -3.25904107 22.91032028
11.24765778 -2.86784601 26.32686996
11.81709671 -4.46611881 26.16056824
-2.08550406 -0.44615901 2.34437203
-0.50149298 -2.03356695 2.95426607
-2.98089600 -2.24887395 4.07627487
1.24450302 -3.53205800 4.62231302
2.93329191 -4.77777481 7.15687799
0.37762699 -5.38324881 7.45695210
-1.35677302 -3.94363093 5.28036499
-3.96385789 -4.19503593 6.88859797
-2.34435296 -5.79932308 8.53311729
-4.88709402 -6.00868177 10.34134102
4.42898083 -5.78478718 10.16934395
5.67085123 -6.57701588 13.12117386
3.63703299 -7.48214102 13.16938019
6.73851013 -7.25137186 15.95119858
7.66314411 -7.91776991 18.66302109
6.25860977 -8.88991928 18.85323143
5.03662682 -8.25530243 16.07079315
2.83487606 -9.16856003 16.51887512
4.36799908 -9.92898273 19.37447739
2.03322601 -10.81481457 20.04373932
-3.29553509 -7.48896694 12.20938683
-5.64362812 -7.54946804 13.94437218
-1.51503301 -8.79535484 14.61221218
-4.03434896 -8.97369289 15.80336666
-6.20244789 -8.83017826 17.38396072
0.27792901 -9.85820198 17.20880127
-2.29535389 -10.21434116 18.06663513
-0.53646499 -11.36276627 20.74663544
-3.05544305 -11.45960617 21.47447968
-4.70769215 -10.20722294 19.12532234
-6.64608192 -9.83096981 20.45504570
-5.25925303 -11.10408592 22.24471664
-6.80211306 -10.52111816 23.01159286
1.13800001 -8.24219322 13.67768764
-0.62376702 -7.14731789 10.97517300
2.07592010 -6.55505323 10.26354790
8.77785873 -8.43940258 21.36953926
9.96787643 -8.72416115 24.20922852
8.90633011 -9.91230202 24.76052094
11.07569885 -8.74026966 27.23927689
11.95178890 -8.39726257 30.28494263
11.11696911 -9.65596771 30.87372398
10.12569809 -9.97882938 27.82865143
8.78153610 -11.15021324 28.43409729
9.91207409 -10.83892536 31.50502777
8.27722931 -11.93902397 32.17133331
12.53034401 -7.64928818 33.20785141
12.75111389 -6.56769609 35.87992096
12.14711380 -7.86802721 36.39836121
12.65735054 -5.25516510 38.19342041
12.29257965 -3.83085108 39.95096588
12.02990437 -5.22009611 40.18316650
12.19676399 -6.59017277 38.62854385
11.35462570 -7.79547882 39.22286224
11.38951492 -6.46863794 40.69121552
10.40088367 -7.52199697 41.48844910
9.26248741 -11.21571445 35.15936279
7.38376522 -12.17731762 35.91489029
9.85421371 -10.14827156 37.88394165
8.21529579 -11.09698486 38.72243881
6.14265680 -11.87690926 39.56043243
10.16507053 -8.88050461 40.05348969
8.72004795 -9.84408092 40.96693420
9.14783859 -8.55174828 42.32913971
7.61620522 -9.43874454 43.27613068
6.94669819 -10.65459442 41.89436340
4.78688383 -11.24431515 42.76599121
5.79949808 -10.15067482 44.22641754
3.72060609 -10.65697289 45.09323502
11.16784668 -9.07173920 37.08292770
10.71318626 -10.13009644 34.44048309
11.80437088 -8.93722153 33.77569580
2.27968502 -11.55309486 43.55139160
0.76548702 -12.42707920 41.03546524
3.50384998 -12.34884644 40.37416840
-0.72960597 -13.05330086 37.92607498
2.05006504 -13.24920654 37.40942383
-2.11919093 -13.28710365 34.66152954
0.56933802 -13.69558430 34.23733902
3.44704294 -13.55704498 33.60723114
4.90867901 -12.91991615 36.68264008
6.10216093 -12.90628815 32.87820053
-3.41872406 -13.08047962 31.40576172
-0.94699001 -13.63000679 31.03562927
-4.69633913 -12.45940113 28.22168159
-2.42194200 -13.13155937 27.86248589
0.21178800 -13.30188084 27.34887886
-5.89117622 -11.50643635 25.26884842
-3.86907101 -12.24566269 24.84404182
-1.42106199 -12.53145885 24.28991890
1.20721698 -12.28949738 23.66649628
6.95605898 -12.24673080 29.08712959
5.44401217 -12.11559677 25.99975586
7.40045023 -11.04912376 25.33486176
3.76817989 -11.58669472 22.97720718
5.90576601 -10.57733727 22.28753281
7.56480598 -9.50133514 21.75117874
2.96492505 -12.95092964 26.71672249
4.62481117 -13.18106461 29.79737473
1.86838102 -13.69633484 30.48674583
-3.26220489 1.16412795 2.75253510
-4.33047104 -0.43178001 3.94188905
-5.36337805 1.28693199 4.81035900
-5.36274004 -2.35004401 6.20137501
-6.28255177 -4.29607010 9.28042793
-7.46732378 -2.42908597 9.02945709
-6.50629187 -0.48126099 6.45253801
-7.33500481 1.20986199 7.63957691
-8.40055466 -0.61238903 9.56173134
-9.00990868 1.01832294 10.88562870
-7.04863024 -6.03988981 12.75075340
-7.55775499 -7.42104101 16.21358109
-8.77340031 -5.89620590 15.53180504
-7.92317486 -8.50392818 19.39463043
-7.95208979 -9.39860630 22.39378738
-9.06127262 -8.03142834 21.88348770
-9.01418114 -7.04057407 18.73838234
-10.03631401 -5.50537777 18.40874863
-10.00934505 -6.56246424 21.59288406
-10.86496735 -4.99404001 21.48421478
-9.91764355 -0.72455502 12.90807533
-10.33291245 0.87480700 14.21345520
-10.48991585 -2.37247205 15.51309013
-11.04888535 -0.67508900 16.19944000
-11.31699562 0.90167397 17.42850113
-10.82203579 -3.80615091 18.42897797
-11.44723988 -2.09653211 18.73448181
-11.58847904 -3.32040501 21.53231430
-12.10814095 -1.60354400 21.81034470
-11.88044357 -0.40510800 19.37090683
-12.00762939 1.07968903 20.47952843
-12.46836567 0.07660500 22.33687401
-12.50790215 1.36895704 22.90858459
-9.73097610 -4.13900423 15.25634289
-9.19503307 -2.47165608 12.23492813
-8.23334408 -4.30280209 12.16953182
-7.46232414 -10.38930607 25.29775429
-6.51166487 -11.38493443 28.32831955
-7.92908096 -10.04912281 28.19993973
-5.39856100 -12.13814831 31.55126381
-4.26198387 -12.50151825 34.84783936
-5.92213488 -11.41787338 34.84524155
-6.94564915 -10.90499592 31.49063873
-8.19026089 -9.52369595 31.32022667
-7.24885798 -10.16814613 34.71228790
-8.28747463 -8.79586124 34.56203842
-3.01294088 -12.49919319 38.12951279
-1.57552302 -12.09773731 41.36633301
-3.53382206 -11.47565937 41.45476532
-0.05018000 -11.52808952 44.06538391
1.53363800 -10.90963936 45.76465607
-0.57717198 -10.83690834 46.11790466
-2.11645007 -11.16485214 44.25209427
-3.92386389 -10.53766632 44.18148041
-2.52321601 -10.46540546 46.16474152
-4.24445295 -9.85802841 46.02250671
-7.42153120 -9.25587463 37.94076920
-8.24673843 -7.96454287 37.84093475
-6.50229979 -9.50741196 41.18208313
-7.43015623 -8.39175797 41.04402161
-8.08320141 -7.14052391 40.99690247
-5.45060396 -9.69396973 43.99178314
-6.58900595 -8.71586609 43.82819366
-5.64113998 -9.04870033 45.84694672
-6.69150782 -8.08199310 45.81787872
-7.36509705 -7.62551308 43.80075073
-7.88243484 -6.32249308 43.88431549
-7.36499023 -6.92088079 45.87493134
-7.88750792 -5.54037094 46.06179047
-5.17815924 -10.57936192 41.35582733
-6.28568316 -10.48033428 38.09794617
-4.81332016 -11.59148026 38.19699097
-8.39600563 -4.69179678 44.07196045
-9.20722389 -3.84956408 41.10929108
-8.63622665 -5.61051607 41.05877686
-10.13786316 -2.96460509 37.87272644
-9.51267242 -4.78320312 37.86358643
-11.20440388 -1.96992898 34.49857712
-10.54035378 -3.85150099 34.49389648
-9.84184647 -5.61123085 34.49745178
-8.90077591 -6.46416283 37.84036255
-9.11269569 -7.27061701 34.50532532
-12.00704002 -0.95793498 31.17228317
-11.49650002 -2.79352593 31.13169670
-12.47848320 -0.01187900 27.98038292
-12.17554188 -1.78619504 27.88489532
-11.58127594 -3.60437393 27.83984375
-12.64114380 0.79610503 25.09283447
-12.46732426 -0.83727700 24.89369583
-12.05295944 -2.58755589 24.71197510
-11.38689804 -4.33816099 24.62887955
-9.19022560 -8.01696777 31.16781616
-10.03547859 -7.03507185 27.83025742
-9.07165337 -8.58769226 27.98450851
-10.60746002 -6.02240896 24.60615540
-9.71947479 -7.56794500 24.74042511
-8.68021965 -9.03767776 25.00534058
-10.85211372 -5.35978079 27.80854607
-10.04935837 -6.37274122 31.11526871
-10.85624695 -4.63057995 31.10673141
-4.04037905 2.57418299 4.35940981
-6.01314592 2.69548392 6.75491619
-7.75798321 2.56499195 9.73926735
-6.27439022 3.68566704 9.59542561
-4.54555321 3.63769507 7.02332401
-4.77676678 4.30702400 10.42327881
-9.20591068 2.33796310 13.01029778
-10.35837078 2.21882796 16.24620056
-9.00544739 3.35815191 15.79576492
-11.21292686 2.22985601 19.38299370
-11.92751408 2.29083800 22.35594559
-10.94011974 3.33268809 22.04347610
-10.04842854 3.31578302 18.92378235
-8.55861473 4.19802094 19.01695061
-9.57311058 4.24545288 22.12859726
-7.97543716 4.97789288 22.47758865
-4.77965498 4.71860409 14.20330620
-5.92558193 4.75217819 16.77043915
-4.68891478 5.12529707 17.94356155
-7.00455618 4.82402802 19.56480980
-5.62288380 5.25637913 20.38957787
-6.49067879 5.46548700 23.10564041
-5.22378016 5.76816893 23.85045242
-4.51654005 5.54718018 21.44537735
-4.23799706 5.94976091 24.64699936
-7.42847204 4.19534206 16.00294304
-6.18444490 4.28426981 13.06614685
-7.74975109 3.51330900 12.62703896
-12.40167236 2.20195508 25.08703995
-12.35230827 1.65294397 28.08239746
-11.86844826 3.11973596 28.11665344
-12.11692047 0.85201699 31.24753380
-11.59320545 -0.08615100 34.52507401
-11.69570541 1.73160005 34.59209824
-11.90806961 2.53072000 31.31834412
-11.24281502 3.99787688 31.44127274
-11.35236454 3.39200592 34.71218872
-10.50127220 4.84162378 34.93936157
-10.82946491 -1.03071404 37.85111237
-9.92191315 -2.05653000 41.12953568
-10.60008812 -0.11843900 41.11193848
-9.11812687 -2.95879602 44.01473999
-8.37664032 -3.98086190 46.23238373
-8.94444847 -2.22542191 46.41185760
-9.81229877 -1.13171601 44.06819916
-10.42391396 0.89547497 44.09513092
-9.56284714 -0.30696300 46.49360657
-10.04664230 1.76925695 46.55049133
-10.74990654 4.28597307 38.16322327
-9.70745277 5.67002487 38.48938370
-10.80779552 3.63704109 41.30881500
-10.10666847 5.20227623 41.58203125
-8.81083393 6.46122694 41.94684601
-10.60617447 2.84301805 44.17986679
-10.25086784 4.57952881 44.39838409
-10.02656746 3.60245490 46.62247467
-9.39488888 5.16988420 46.87229156
-9.27476501 5.99134398 44.69773483
-7.78558302 7.03585577 44.98942566
-8.25102425 6.36768723 47.10925293
-10.95531082 1.81593502 41.15890884
-11.25832081 2.65167594 37.97806168
-11.23830414 0.82644099 37.87592316
-6.98659182 7.31082296 42.37761307
-6.27127981 7.35300207 39.40552521
-5.86057091 7.22957277 36.21817017
-7.46768093 6.77651215 35.79425430
-8.06937122 6.70965385 38.96013260
-9.12694740 5.97984886 35.32930374
-5.56180096 6.94272423 33.00295258
-5.17766285 6.56557417 29.97349548
-6.51829386 6.39654112 29.47732925
-4.73471689 6.21353388 27.18078232
-5.91215086 6.06341791 26.60670471
-7.31972122 5.71804905 26.00330353
-10.10165501 5.21002722 31.68850899
-9.55906391 5.29612303 28.50358963
-10.90456104 4.34113216 28.21926689
-8.85038471 5.16830015 25.46436119
-10.31444740 4.36918211 25.13050079
-11.50768566 3.36579704 25.04673576
-8.02574158 5.98097801 28.95154953
-8.60861111 6.10257387 32.09389877
-7.01776695 6.67351103 32.56031799
0.10223400 -0.09455100 47.30687714
-0.81953001 2.01499605 48.30478668
-1.02104902 1.85137403 48.35709000
-1.14848995 2.94038796 48.77439499
-1.44220805 2.71406198 48.86693954
-1.40558696 3.81606698 49.18716812
-1.78199506 3.54223800 49.33041763
-1.62197697 4.60710001 49.54620361
-2.07515192 4.30699205 49.74457932
-1.90866399 5.31347322 49.85259628
-2.45322704 5.00371408 50.09872437
-0.60007697 2.13573790 48.22212982
-0.83757699 3.10102510 48.63497162
-1.01871097 3.99734712 48.98236847
-1.16850102 4.79093409 49.27666855
-1.37557006 5.48087502 49.53148270
-0.36061400 2.20639205 48.10892487
-0.50904697 3.18961000 48.45237732
-0.62470901 4.08274078 48.72632599
-0.72272402 4.85630989 48.95326996
-0.86836702 5.51382589 49.15802383
-0.09810100 2.22086000 47.96623993
-0.16023600 3.20130706 48.23210526
-0.21888700 4.07203484 48.43102264
-0.28086901 4.80413198 48.59334183
-0.38949600 5.41485786 48.75073242
0.18701200 2.17835212 47.79696274
0.20813100 3.13952088 47.98085022
0.20375600 3.96754289 48.10790253
0.17220500 4.64710808 48.21132660
0.08539600 5.19370079 48.32533264
0.47795501 2.09369707 47.60790253
0.59129202 3.03540993 47.70888138
0.64015597 3.81626892 47.76573944
0.65629101 4.39965582 47.80659103
0.58689398 4.89943504 47.87973785
0.76098800 1.97868204 47.40425873
0.99433100 2.86438394 47.40202713
1.13940895 3.55353189 47.37217712
1.18479300 4.11236382 47.35992432
1.14337397 4.56564903 47.38106918
1.08122802 1.80685198 47.16705322
1.43675196 2.63622499 47.05815125
1.68750095 3.25525904 46.93426514
1.80921805 3.74695206 46.84647751
1.82182598 4.15029478 46.80283356
1.43249595 1.57858503 46.91345596
1.95225406 2.33407211 46.69266891
2.33895898 2.89895391 46.46585083
2.57103109 3.33977294 46.27646637
2.67141700 3.69041300 46.16938019
1.80974102 1.29927099 46.66517639
2.53124094 1.95300102 46.32077408
3.10583496 2.46621895 46.00056458
3.49841499 2.87881899 45.69748688
3.71172404 3.21733904 45.46834183
2.18172097 0.98497999 46.43013763
3.13018703 1.52335894 45.98718262
3.92568803 1.98341799 45.52876282
4.52430201 2.37178612 45.10890961
4.90999603 2.69998598 44.77291870
2.52241111 0.63220799 46.21884155
3.70013309 1.05216205 45.66682434
4.74227905 1.43483698 45.10367966
5.57923889 1.78311300 44.57542419
6.16995621 2.08239698 44.14805222
2.82582092 0.23326901 46.06728363
4.20458078 0.51360899 45.40245819
5.48818302 0.78415102 44.75205994
6.57699299 1.04513204 44.14849091
7.39147615 1.28405595 43.64304352
3.03363299 -0.18009000 45.94662476
4.60440588 -0.08952900 45.21410370
6.10686684 0.01498800 44.49869537
7.42245913 0.14404900 43.84599686
8.46317101 0.26482400 43.28389359
3.14544606 -0.62063199 45.87244415
4.86063290 -0.72817802 45.10304260
6.58936882 -0.84601998 44.35256195
8.09528923 -0.86776501 43.66057587
9.28111935 -0.84027898 43.08084488
3.15027499 -1.06734300 45.85741043
4.98647785 -1.42025900 45.07711792
6.77807999 -1.71483004 44.33286667
8.38903046 -1.89487600 43.65268707
9.68092346 -1.99869204 43.07463837
3.01557493 -1.42830098 45.91017914
4.88854694 -2.07333207 45.13439560
6.70858002 -2.56119704 44.43505096
8.34794807 -2.90788698 43.80129242
9.66338634 -3.13814497 43.25566864
2.79279804 -1.86576295 45.98461151
4.60299778 -2.68366408 45.27543640
6.39331484 -3.30954695 44.63257980
8.01777267 -3.81040406 44.06409454
9.25857067 -4.22457504 43.61193848
2.47393703 -2.22591805 46.10620880
4.15277386 -3.23799300 45.48497009
5.82507992 -4.04689598 44.95118713
7.37108088 -4.70484018 44.48339844
8.61949730 -5.18716621 44.08309555
2.06436706 -2.52795792 46.25862122
3.55967093 -3.71850991 45.73553467
5.06214714 -4.68839502 45.33214569
6.43571281 -5.49678802 45.00350189
7.58518314 -6.09075689 44.69265366
1.58080804 -2.76043701 46.40629959
2.84459400 -4.10748720 45.99806595
4.12928915 -5.23576498 45.73536682
5.35422611 -6.15889692 45.54106140
6.38132000 -6.85566902 45.34870911
1.05547595 -2.91509795 46.52042770
2.04002094 -4.39043379 46.23438263
3.08160591 -5.63740683 46.10204315
4.11012411 -6.68105078 46.04968643
5.01713419 -7.47397804 45.98844910
0.56735098 -3.00860000 46.69049072
1.19871497 -4.54650307 46.44744110
1.94797003 -5.89163589 46.39719391
2.75657606 -7.04306984 46.46018982
3.41281104 -7.90997124 46.51982880
0.05509200 -3.00644112 46.83747482
0.37329000 -4.51610804 46.61712646
0.81441700 -5.98718596 46.59933472
1.31460702 -7.21622276 46.71405792
1.75422502 -8.15636444 46.83772278
-0.46087801 -2.90150309 46.94415665
-0.43441001 -4.42908096 46.75257111
-0.26794499 -5.91732407 46.73232651
-0.06813600 -7.19389486 46.83086395
0.12788700 -8.18629646 46.96100616
-0.91680098 -2.70813394 47.05046844
-1.18549895 -4.19758606 46.86498260
-1.33481503 -5.61417198 46.79618073
-1.39997804 -6.94690323 46.85009003
-1.41859806 -7.97320414 46.96441269
-1.28458500 -2.44519210 47.16819763
-1.77765703 -3.83731508 46.97791672
-2.22535801 -5.21963692 46.87728882
-2.60072994 -6.46373606 46.86250305
-2.85330796 -7.53117180 46.93797684
-1.56546903 -2.12716699 47.30149078
-2.25636792 -3.39084792 47.13642120
-2.91024399 -4.67588806 47.00717163
-3.50048089 -5.86095381 46.92963409
-3.97218204 -6.88130379 46.94123459
-1.76004899 -1.76263595 47.44865036
-2.59376001 -2.85857201 47.33211899
-3.41925192 -3.99702811 47.20006561
-4.13702917 -5.08014107 47.08998489
-4.78820419 -6.05476999 47.02989960
-1.88138902 -1.37295198 47.60690308
-2.80086803 -2.26374412 47.55828857
-3.71003699 -3.22497606 47.46279907
-4.56147099 -4.17101479 47.34189987
-5.29578209 -5.01917315 47.27781677
-1.94352400 -0.97407198 47.76419830
-2.92629290 -1.65424001 47.80775833
-3.82206011 -2.39043999 47.77817535
-4.70389080 -3.13751006 47.71582031
-5.53514290 -3.86180305 47.66620636
-1.95429099 -0.50303799 47.90424347
-2.94442511 -1.03013599 48.04986572
-3.83564901 -1.52924204 48.11962891
-4.71106911 -2.06225801 48.14176178
-5.57241821 -2.60757303 48.15324402
-1.91922700 -0.10209700 48.04280853
-2.88897705 -0.42557901 48.27867889
-3.74968505 -0.67993402 48.44475937
-4.60336018 -0.97964698 48.57807922
-5.48219681 -1.31724203 48.67397308
-1.85002899 0.26552600 48.16401291
-2.77902508 0.24819399 48.49777603
-3.60721207 0.11250500 48.75109863
-4.39511395 0.05626700 48.97286224
-5.28042603 -0.08120300 49.17421341
-1.73550403 0.56866503 48.23447418
-2.62565494 0.79529798 48.67534637
-3.39379191 0.96223402 49.02537155
-4.13057089 1.10703099 49.32176971
-4.98344183 1.16920996 49.58518982
-1.62455904 0.86948800 48.29982758
-2.42156100 1.25272405 48.78120422
-3.11254811 1.61957705 49.21493530
-3.79708505 1.97430801 49.61248398
-4.54785109 2.25629592 49.92705917
-1.50048101 1.15751302 48.34821320
-2.21565604 1.69500506 48.86693573
-2.81066489 2.21334291 49.34728241
-3.40010905 2.70721793 49.78612900
-4.10836887 3.16662598 50.15648270
-1.35976601 1.41975200 48.37574005
-1.99014294 2.09388900 48.91358948
-2.48478389 2.74292898 49.41294098
-2.96734595 3.35766006 49.87552261
-3.57259703 3.93825889 50.27516937
-1.20018601 1.65276098 48.38026810
-1.71478200 2.42970300 48.91169739
-2.14090395 3.18479896 49.40641785
-2.52049899 3.89178991 49.85808563
-2.99986911 4.54190111 50.24822998
-2.42334604 5.98176622 50.05289459
-3.09404111 5.65517616 50.31912613
-3.12833405 6.63375711 50.03738403
-4.00439787 6.30771303 50.27161789
-3.92703795 7.22944498 49.64880753
-5.05171299 6.85643005 49.77561951
-4.65716219 7.62577105 48.80329132
-5.98599911 7.19193602 48.79441833
-1.76912796 6.13237619 49.71572113
-2.30227494 6.77391386 49.73931122
-2.89916992 7.38253403 49.46321869
-3.46000099 7.81698179 48.74788666
-1.16172194 6.13015604 49.33161163
-1.55805302 6.74052191 49.39664459
-1.99951601 7.33867979 49.21636963
-2.43459010 7.79905319 48.62829590
-0.60757202 5.99105978 48.91780853
-0.90706903 6.55901098 49.01916504
-1.24046898 7.12738419 48.91079712
-1.58270001 7.57595587 48.41255951
-0.08421200 5.73263884 48.48346710
-0.31425199 6.24308014 48.60152817
-0.57093799 6.75987101 48.53566742
-0.84460503 7.18022680 48.10968399
0.46313399 5.37016296 48.01323700
0.27928200 5.84035492 48.13114548
0.08535600 6.29287100 48.07742310
-0.13060200 6.66605806 47.69816208
1.07232594 4.95680189 47.48003387
0.93999600 5.37436914 47.58073425
0.80861700 5.76856804 47.51560211
0.66040701 6.07726717 47.14823532
1.83605504 4.47882509 46.84291077
1.79246402 4.83026505 46.88347626
1.73991799 5.16777182 46.78178024
1.65093303 5.42230988 46.40616989
2.79724598 3.97406793 46.13522339
2.87029099 4.26534319 46.09799194
2.90833592 4.54636192 45.93993378
2.86612296 4.77881098 45.55569077
3.94687891 3.45495009 45.34787369
4.13001585 3.70431709 45.22930908
4.26360178 3.95190597 45.01052856
4.28459120 4.15183306 44.59913635
5.25560713 2.89730310 44.55767441
5.53811598 3.10352707 44.35784912
5.76137877 3.31123209 44.06867981
5.85207415 3.49530005 43.62311172
6.61902285 2.22579193 43.84996796
6.98606777 2.38376594 43.57035065
7.29383278 2.54299903 43.21327972
7.46441317 2.69428802 42.71214294
7.93488407 1.36497903 43.28461456
8.35925198 1.45449400 42.92557144
8.73508453 1.56243706 42.51387024
8.98397064 1.68489504 41.94666290
9.13407707 0.30994600 42.85931015
9.59639645 0.33051300 42.46519089
9.97404099 0.34718901 41.98101044
10.29965401 0.41997501 41.37198639
9.94906521 -0.86150002 42.64165497
10.44727802 -0.90012699 42.20999908
10.86373711 -0.96289301 41.69057846
11.24030209 -0.96207601 41.01982498
10.38054276 -2.10767007 42.62491608
10.89695168 -2.20720100 42.17253876
11.35784626 -2.31321692 41.64278412
11.76827240 -2.36689401 40.95536423
10.37937546 -3.33116889 42.81219101
10.90742874 -3.50651598 42.35196686
11.38148212 -3.66185594 41.80723953
11.82457542 -3.77833009 41.08915710
9.98871422 -4.48960304 43.19326019
10.51563835 -4.74953699 42.74744415
10.99068642 -4.95277786 42.19724274
11.47368813 -5.10877609 41.42241669
9.27873135 -5.50810385 43.73032379
9.79974174 -5.84640694 43.32720566
10.27216530 -6.10593987 42.78693390
10.77238274 -6.31144285 41.98975372
8.28858185 -6.47743607 44.40690613
8.77913475 -6.81224298 44.05401230
9.24706459 -7.09887695 43.55345154
9.75230789 -7.33795881 42.80314255
7.04917097 -7.31948519 45.15670013
7.51671791 -7.70396805 44.86976624
7.96183491 -8.03837013 44.41952515
8.48468399 -8.30323410 43.68267059
5.57315588 -8.01054192 45.91120911
6.02745819 -8.46246147 45.71743774
6.44524908 -8.83545685 45.33565521
6.93061399 -9.14955139 44.61555481
3.91499996 -8.54105759 46.55903625
4.33899498 -9.04103088 46.48968124
4.72429991 -9.46099281 46.22043228
5.14983892 -9.80817223 45.55497742
2.14453411 -8.85548592 46.99416351
2.49319911 -9.39565659 47.04699326
2.82662892 -9.85962677 46.90859222
3.18403602 -10.26359367 46.36991119
0.35231501 -8.93326378 47.18840027
0.59300900 -9.51016235 47.33842850
0.84425902 -9.99862099 47.30625153
1.12768900 -10.44796944 46.89857864
-1.35547900 -8.76080894 47.20498276
-1.24468696 -9.37906837 47.41539383
-1.08645201 -9.88678169 47.45175552
-0.88158602 -10.34343529 47.12693405
-2.92301702 -8.33485222 47.15258026
-2.92927790 -8.99987793 47.36814117
-2.87087893 -9.52422047 47.42489243
-2.74312091 -9.98092842 47.11415863
-4.27007389 -7.72003222 47.10979080
-4.41944885 -8.43549728 47.30512238
-4.42184877 -8.95138168 47.31360626
-4.37800598 -9.39185333 46.97488403
-5.25749493 -6.87161589 47.13397980
-5.54399300 -7.63239717 47.27445221
-5.68965721 -8.19101143 47.26619339
-5.73529482 -8.60464287 46.89462280
-5.87889290 -5.84079409 47.33370209
-6.33597708 -6.60677481 47.39809418
-6.58283615 -7.19319487 47.31121063
-6.66983986 -7.64366484 46.84099579
-6.23795414 -4.61871719 47.69866943
-6.84639502 -5.39775276 47.70396042
-7.20206594 -5.99993896 47.51112366
-7.32600117 -6.45972300 46.95604324
-6.40132093 -3.24023795 48.19558716
-7.11493111 -3.97976708 48.14604187
-7.59997320 -4.61527395 47.83701324
-7.81640100 -5.08960295 47.19577789
-6.41809797 -1.80061901 48.74106598
-7.28358984 -2.43241906 48.66991043
-7.91706085 -3.02544594 48.25032043
-8.24620914 -3.51285005 47.47032928
-6.31740618 -0.37612200 49.28052902
-7.32123804 -0.82660502 49.17950058
-8.14324188 -1.28494298 48.72551727
-8.69676495 -1.72574604 47.76866913
-6.10534096 1.05769897 49.71476746
-7.27607012 0.83203900 49.50972748
-8.33996487 0.49069801 49.02579880
-9.15340805 0.20611601 48.06577301
-5.61460018 2.35647988 50.07102966
-6.95040512 2.31161094 49.73308563
-8.32627678 2.26667190 49.01509476
-9.42734909 2.19245696 48.00438690
-5.12586212 3.51608300 50.33089447
-6.47330713 3.74052405 50.04444122
-7.92571306 3.83854508 49.20499420
-9.20053291 3.90020895 48.09092712
-4.52088499 4.47156096 50.50956726
-5.81797600 4.93213797 50.31970978
-7.20938492 5.22532701 49.60277939
-8.42044067 5.33123207 48.43845749
-3.79055595 5.16147614 50.48664856
-4.93654013 5.76483297 50.40495300
-6.21393394 6.22929621 49.79344940
-7.31099319 6.45181084 48.67878723
