-1.17733097 0.70555300 0.65382499
-1.78984702 2.20157194 1.52434695
0.35117501 1.42410803 1.31209898
-2.42322803 3.66105509 3.81054401
-0.25007999 3.05509090 2.87705708
1.72596800 1.98240399 3.25353193
-2.97558093 4.80634212 7.06864023
-0.96045399 4.36814213 5.54757690
-3.43126702 5.61034203 10.87085438
-1.65769601 5.27253103 9.01600170
0.12984200 4.55408001 8.13656616
0.95280600 3.48808908 5.26905823
2.63559890 2.20088291 6.23058891
1.74144995 3.45632291 8.48243904
3.22365594 2.15607309 9.70016861
-3.80387998 6.16177416 14.78812981
-2.30169892 5.85914612 12.91036129
-4.11024714 6.62579823 18.51761436
-2.83119202 6.29193306 16.79130745
-1.37380397 5.78595686 15.45535755
-4.31228590 7.16375113 21.89615059
-3.24781609 6.78594494 20.44098663
-4.40693378 7.75037813 24.60333633
-3.53125811 7.43246508 23.73844910
-2.37567210 6.97831011 22.78152084
-1.93574798 6.30701590 19.19802094
-0.46422800 5.70219183 18.24321175
-1.01703799 6.47907400 21.83030510
0.51081902 5.77895021 21.11511230
2.35383606 3.16581106 12.01759148
3.82295394 2.12416196 13.08751488
1.65599000 4.05426979 14.70569229
3.09204698 3.11425996 15.28193665
4.52868080 2.28577900 16.19223213
1.05798900 4.91172314 17.75873184
2.51795697 4.11478090 17.80946350
2.07852197 5.00540781 20.70056915
3.59117007 4.19914913 20.64614487
3.93143702 3.31413698 18.23455620
5.29429722 2.51609302 19.06350327
4.95930195 3.34917402 20.96865845
6.04957008 2.59928799 21.37892914
0.17618500 5.04078007 14.66647243
0.91465998 4.32728815 11.32890224
-0.64627302 5.26995420 11.61475086
-4.95384312 8.56789875 26.62235451
-3.87890697 8.46770954 26.65398598
-5.58855820 9.44774723 29.19254875
-4.36239004 9.45676136 29.34293938
-3.14774799 9.27050495 29.15847206
-6.27087021 10.20931721 32.02061462
-5.00706387 10.33707809 32.15473557
-6.87528181 10.74521255 35.01296234
-5.66125584 10.98230934 35.10162735
-4.45358181 10.95047855 35.02394104
-3.73760700 10.21786118 32.06940460
-2.43126702 9.82925224 31.78667831
-3.17807007 10.65278053 34.78617096
-1.77414596 10.12779236 34.46552658
-7.28498316 10.86758995 38.07186127
-6.16095591 11.29448223 38.16251373
-7.62771511 10.49511337 40.99819183
-6.52193117 11.27468395 41.13134766
-5.50237322 11.71118546 41.11667633
-7.94187498 9.60964584 43.47265625
-6.84792519 10.77218056 43.67913437
-8.10888767 8.49993515 45.18942261
-7.16930199 9.93749809 45.48544312
-6.16302490 11.18062019 45.66987991
-5.82954788 11.64353848 43.75114822
-4.74050522 12.13404274 43.70185089
-5.06272793 12.09976101 45.74118042
-3.82132292 12.55482769 45.68043900
-2.43955803 10.92064095 37.54580307
-0.95320600 10.31895161 37.21422577
-2.95957208 11.70325947 40.67845154
-1.47425699 11.21560764 40.37919998
0.23812599 10.46323681 40.01345825
-3.40104699 12.29744053 43.51881409
-1.92524505 11.96012402 43.26165390
-2.39303589 12.47680187 45.48776627
-0.74951601 11.92957878 45.20513916
-0.22138500 11.29361439 42.93719482
1.63313496 10.31013298 42.52631760
1.06625700 10.95918655 44.84561539
2.91199088 9.58795547 44.16352081
-4.33974695 11.90158367 40.96601486
-3.81771398 11.33576298 37.86589432
-5.05180693 11.45673180 38.09639740
3.93601298 8.44877338 41.82233047
4.70097685 7.25827312 38.92827606
2.65390801 9.10040188 39.56344986
5.24844503 6.08666515 35.78092194
3.44959307 7.82496309 36.41162109
5.63910389 4.99653578 32.50178909
3.97897005 6.62794781 33.11387634
1.99421501 8.15582848 33.73979950
1.19350505 9.29821205 36.85241318
0.01539700 9.31896973 34.14905167
5.93675423 4.09875393 29.24980354
4.30758715 5.40217495 29.72210312
6.10841322 3.46361399 26.21861649
4.61365986 4.64237213 26.49303627
2.93807793 5.76208591 26.93182182
6.16168594 3.02177000 23.49857521
4.78450584 4.02177286 23.56764984
3.28013611 4.97553110 23.67272568
1.67428005 5.85705280 24.04756165
-0.97292602 9.11239243 31.41449165
-0.46806499 7.92624903 28.16182709
-1.84878898 8.69099331 28.74134445
0.00809300 6.75608921 24.68461800
-1.48593700 7.47564983 25.43697357
-2.78079200 8.03270340 26.18013191
1.18999195 6.93627024 27.52523422
0.65466201 8.19155884 30.95852280
2.51297498 6.88978386 30.37828064
0.52619302 -0.46372101 0.99246699
2.38094091 0.16933499 2.02083206
2.46874189 -1.88641405 2.26552391
3.63430309 0.67271900 4.41137695
4.36011887 0.92860699 7.60293722
5.39728689 -0.60617799 6.15806007
4.28663921 -1.20130205 3.65567493
4.22132111 -3.23248601 4.47017479
5.88434601 -2.43526793 5.98801517
5.62892580 -4.31348419 7.34625006
4.84636402 1.02606201 11.07016182
5.48149204 1.25091600 14.27766991
6.60896492 0.10866900 12.48034382
6.17176199 1.54498196 17.34120750
6.79254293 1.81325400 20.32018471
7.89744377 0.65109098 18.81185913
7.29677010 0.39756501 15.60445023
8.35150242 -0.87171799 14.17024612
9.00870228 -0.65101600 17.35695648
9.85503006 -2.00884891 16.37255478
7.20136690 -3.45514393 8.75387383
6.78213310 -5.19569016 10.53178978
8.29860687 -2.74959397 10.83958435
8.25037861 -4.36744404 11.83521080
7.79738188 -5.95241308 13.74712181
9.17951202 -2.29021192 13.37082863
9.37783146 -3.75162792 13.71566772
10.24704170 -3.39442897 16.21476364
10.19509792 -4.80457211 16.91936493
9.15784931 -5.20332813 14.98294830
8.68996143 -6.67542219 16.91896820
9.80759716 -6.12887621 18.15283585
9.26156235 -7.26555395 19.56736374
7.68193722 -1.18530798 11.09782124
6.94427299 -1.71270001 8.30934525
6.03013992 -0.19125099 9.25720787
7.25904608 1.94705999 23.10199356
7.44410515 2.29660606 25.89648247
8.59040642 1.07714903 25.27746582
7.34884405 2.84281397 28.85800552
7.06219912 3.63048005 31.99370193
8.29199219 2.28976107 31.51938057
8.56105614 1.57947099 28.39836121
9.59700775 0.30736700 27.78800201
9.37018681 0.98250997 31.00165939
10.31402302 -0.35361800 30.47369194
6.71109200 4.69150877 35.16880798
6.17753792 5.80524921 38.27588654
7.42563581 4.34224606 37.66393280
5.50183487 6.91048813 41.09579086
4.58041000 7.99034595 43.36828613
5.96119118 6.31973600 42.60037994
6.76463699 5.34056091 40.41251373
7.88623714 3.79621506 39.74799728
7.11493587 4.67738008 41.86021423
8.14839745 3.11438799 41.17265320
9.96086597 0.47003901 33.59803009
10.86005020 -0.91672999 33.14340591
9.45819473 1.32931805 36.52904510
10.41662216 -0.01538500 36.01064301
11.25285053 -1.47340596 35.65407562
8.83483505 2.20662308 39.13884354
9.85209084 0.82610500 38.57262421
9.17354774 1.67803597 40.55932617
10.18491840 0.32514399 40.05423355
10.77300167 -0.56269997 38.13435364
11.51312160 -1.98068798 37.94372559
11.04518890 -1.01909399 39.73733139
11.57758331 -2.38135505 39.65946960
8.46762753 2.76916504 37.08750153
8.97324181 1.79936898 34.12663269
7.91384888 3.22646403 34.64038849
12.01507282 -3.50709200 37.99195862
12.24288654 -4.67624283 35.69670105
11.97857189 -3.02643895 35.51996613
12.24612236 -5.74722719 33.13209152
12.12043953 -4.09458303 32.77787781
11.92612267 -6.54260302 30.28020287
12.02178001 -5.02454901 29.82465363
11.77398872 -3.40204906 29.74968719
11.66970539 -2.46589804 32.82481384
11.15531921 -1.84556997 29.99588776
11.35694695 -6.97384119 27.22132111
11.73535538 -5.63900900 26.62690163
10.67006016 -7.13048983 24.19720268
11.23224354 -5.88294220 23.40385056
11.41936302 -4.52299881 22.89157104
9.94454002 -7.18273020 21.52353859
10.60681629 -5.97613287 20.48891068
10.94513893 -4.65786791 19.63547516
10.86743259 -3.23581910 19.31091881
10.48500824 -1.07630301 27.15881348
10.41630268 -1.53963602 23.59461594
9.55647945 -0.16840599 24.45085907
10.21064568 -1.79963505 19.89986420
9.30583954 -0.42415699 20.95718384
8.25483704 0.85545802 22.16819000
11.11317921 -3.02563810 22.93575668
11.20753956 -2.58215594 26.59732056
11.63803482 -4.16089010 26.39203453
-1.92074597 -0.84857398 1.18828404
-0.04785400 -2.41080904 2.13339996
-2.90724802 -2.75830197 3.12000990
1.83261299 -3.89125109 4.06193495
3.45311093 -5.11062717 6.76722002
0.78299397 -5.70644808 7.09830523
-0.99403697 -4.35369015 4.69064713
-3.87377596 -4.70050001 6.22898102
-2.02715206 -6.10688877 8.22087479
-4.70636892 -6.45165014 9.96234131
4.81890583 -6.08915520 9.98857021
6.06949520 -6.87959480 13.26199722
3.86433601 -7.71956301 13.29169464
7.23345709 -7.52629900 16.50365639
8.17326736 -8.06040001 19.55404472
6.56169319 -8.98601913 19.60279846
5.30731010 -8.46041775 16.52491379
2.97644401 -9.20850182 16.79794312
4.51087284 -9.89422226 19.86716843
2.12871790 -10.59122086 20.32062912
-2.95442700 -7.61438179 12.13194561
-5.39347696 -7.91973686 13.74596405
-1.22781801 -8.69836998 14.66498184
-3.69285488 -8.96342659 15.81409740
-5.91138601 -9.11313725 17.29351807
0.46017200 -9.66129684 17.36137390
-2.02173400 -9.92858505 18.16610718
-0.37972799 -10.95736027 20.91609955
-2.79274392 -10.99672508 21.61515808
-4.37494802 -10.06058121 19.18882370
-6.34662294 -10.01428413 20.45125580
-4.92530012 -10.81116199 22.38416672
-6.48748779 -10.56935120 23.11889458
1.32735503 -8.29738235 13.75067902
-0.32718799 -7.27673817 10.87373638
2.35138202 -6.81085300 10.09822083
9.00994205 -8.27549553 22.26855469
9.83521175 -8.29177189 24.97100830
8.66629314 -9.37874413 25.57613564
10.65908813 -8.18856239 27.92864037
11.39891815 -7.86563492 30.93447685
10.53393745 -9.05014420 31.66312408
9.62268925 -9.29406071 28.60450745
8.27295113 -10.34134483 29.20297432
9.32818794 -10.09619427 32.36119843
7.73902893 -10.99954796 33.01170349
11.90507984 -7.18593311 33.71522522
12.07631207 -6.18469095 36.17723083
11.51118279 -7.52089119 36.87035370
11.97512245 -4.99787092 38.27620316
11.73250771 -3.75212693 39.87585068
11.50153542 -5.09841490 40.19230270
11.56434631 -6.34517288 38.84924316
10.75046730 -7.56298113 39.58664322
10.87649918 -6.32181311 40.79940796
9.85792446 -7.32811880 41.67373276
8.72534561 -10.47320461 36.06469727
6.89146996 -11.18208694 36.79655075
9.29073524 -9.66485596 38.65481567
7.67298794 -10.38727665 39.49298096
5.64887905 -10.86837196 40.28832626
9.56592846 -8.57978439 40.54601669
8.09878159 -9.37722492 41.49259949
8.52748299 -8.20378113 42.57781601
6.93374300 -8.82948494 43.52265930
6.33813190 -9.91511917 42.38084793
4.24249506 -10.18673706 43.14405823
5.14039278 -9.18481255 44.40055847
3.21158695 -9.23096085 45.14064026
10.57788372 -8.72357559 37.73725891
10.14190388 -9.59439659 35.29416656
11.20184517 -8.47760963 34.47432327
2.05149698 -9.93614006 43.67292023
0.78009099 -10.78410721 41.30609894
3.20613694 -10.92963028 40.92120361
-0.55781901 -11.63743019 38.33229828
1.96028602 -11.72732162 38.03544998
-1.86006796 -12.27214241 35.18371201
0.61918598 -12.40342617 34.83848190
3.26732802 -12.17289352 34.29039001
4.58714914 -11.54632568 37.49903488
5.71835709 -11.67758656 33.65351868
-3.10399389 -12.43265247 31.98197746
-0.75985998 -12.77385235 31.62212753
-4.35583115 -12.02346039 28.70446396
-2.16445899 -12.50558281 28.34774208
0.33425701 -12.55787277 27.74267960
-5.54803181 -11.25573826 25.56043625
-3.55679202 -11.74648857 25.14521980
-1.22225106 -11.92308426 24.54726982
1.29182303 -11.74525166 23.92161560
6.54024076 -11.31779957 29.74726105
5.25826693 -11.47124290 26.51667404
7.17383814 -10.46179771 26.06581497
3.76115799 -11.23517132 23.38543129
5.95810890 -10.34369564 22.96692657
7.72666693 -9.33584976 22.66088295
2.89306402 -12.20395947 27.05534744
4.36133289 -12.10717869 30.29533768
1.83940804 -12.63592243 30.98061371
-3.33945107 0.79806298 1.33267605
-4.61939812 -1.01250601 2.56479192
-5.80758095 0.75239003 3.27379203
-5.71523094 -3.03169799 5.03442097
-6.49984312 -5.01895189 8.41982937
-8.13729000 -3.29060507 7.65091991
-7.19844198 -1.22053397 4.87775421
-8.00842285 0.59680098 6.07219124
-9.27995777 -1.43035305 7.91200876
-9.79522514 0.43816200 9.36549282
-7.05384779 -6.75920200 12.20247746
-7.47487497 -8.11725044 15.84541893
-9.05254269 -6.88233709 14.77675247
-7.79551315 -9.15231705 19.18625259
-7.78503990 -9.91481972 22.32727814
-9.16844177 -8.94099617 21.57634354
-9.20324039 -8.03929901 18.21867752
-10.63147545 -6.62660408 17.55001640
-10.48660278 -7.64478588 21.01373672
-11.73596668 -6.04683781 20.65026093
-10.93679428 -1.49650896 11.27725029
-11.26476192 0.42620799 12.78245544
-11.60328484 -3.29033804 14.00317860
-12.22857666 -1.31109405 14.69838810
-12.43630409 0.63364601 16.12824631
-11.88455105 -4.82718992 17.22991943
-12.73030472 -2.87737393 17.40629196
-12.80209923 -4.20519400 20.51437569
-13.50223255 -2.23641896 20.70701790
-13.20514679 -0.86807197 18.08081436
-13.27445126 0.97063601 19.32279205
-13.86786461 -0.27645701 21.22122192
-13.85554504 1.30721498 21.83997345
-10.50323868 -5.21624994 14.04413033
-10.08264542 -3.43801403 10.71791553
-8.69759560 -5.25323200 11.11249065
-7.18509579 -10.45688915 25.47137451
-6.17870522 -11.15379524 28.69241714
-7.69504023 -10.01961708 28.38125801
-5.03733587 -11.67971611 32.00558090
-3.89525008 -11.71917725 35.23748016
-5.50475788 -10.87671566 35.06185913
-6.61737299 -10.63461399 31.75397873
-7.98312092 -9.40942097 31.38147354
-6.87333012 -9.87056923 34.73597717
-8.03272247 -8.70219421 34.39877701
-2.69126701 -11.25684166 38.38239670
-1.33374000 -10.43613720 41.43743134
-3.05859590 -9.91451263 41.39482117
0.00176200 -9.64389229 43.99368286
1.32094204 -8.97489452 45.65679169
-0.36247900 -8.50438881 45.86203003
-1.70978200 -9.13442039 44.03176117
-3.17096996 -8.50318146 43.87622070
-1.80720997 -7.91111803 45.82376099
-3.02366900 -7.27281380 45.62070465
-6.89288616 -8.89153099 37.68537140
-7.79675722 -7.76039791 37.44062424
-5.64165688 -8.48291397 40.84633255
-6.53061390 -7.55624819 40.58224869
-7.24743223 -6.40553713 40.41662979
-4.31080914 -7.82464600 43.59695053
-5.25338221 -7.03762817 43.33905029
-3.99179411 -6.59732580 45.34484863
-4.77403688 -5.85556602 45.13791656
-5.95819998 -6.11850405 43.16705704
-6.53546381 -4.92505503 43.06629562
-5.39054918 -4.96411896 44.94240570
-6.00647783 -3.87715912 44.84515381
-4.45305014 -9.23010826 41.14820480
-5.72773218 -9.80189800 38.01309204
-4.33098888 -10.59364605 38.28694916
-7.22690821 -3.56923509 42.95011902
-8.70426846 -3.25975394 40.11688232
-7.95295382 -4.86354113 40.27388763
-10.19494438 -2.76998711 36.95289230
-9.45340919 -4.54535294 37.11247635
-11.65121746 -2.07549906 33.57341003
-10.88883591 -3.97405505 33.72647858
-10.01608086 -5.72432804 33.90661621
-8.62669086 -6.26524401 37.26367950
-9.06056595 -7.33763218 34.10749054
-12.80205059 -1.27422094 30.19203949
-12.22045231 -3.23654199 30.28789902
-13.60644054 -0.37716499 26.94868088
-13.23184490 -2.31752110 26.96511650
-12.52190018 -4.24703884 27.05560875
-13.97566319 0.54956597 24.03342056
-13.80251026 -1.31294096 23.88882446
-13.30354691 -3.27119398 23.79389191
-12.41028881 -5.17484522 23.84700966
-9.21515846 -8.08057022 31.01648140
-10.31906986 -7.48773623 27.55258942
-9.05848026 -8.79768276 27.94440079
-11.18450928 -6.89986801 24.08897591
-9.93507671 -8.32394218 24.46765518
-8.58369923 -9.48138046 24.98266220
-11.51436615 -5.98907280 27.24844742
-10.35460281 -6.66205406 30.69952011
-11.40889072 -5.05727816 30.45199966
-4.11215019 2.42172909 2.97735596
-6.35416889 2.39369988 5.40985298
-8.27047443 2.26335692 8.46641922
-6.55109406 3.77873707 8.54432774
-4.58968782 3.81825495 5.82703495
-4.86832094 4.90628719 9.40805721
-9.90331745 2.17879891 11.81106853
-11.28336143 2.23864388 15.10267067
-9.79897404 3.70637202 14.84059715
-12.35303116 2.41283894 18.30218124
-13.22141266 2.55326200 21.30259323
-12.19631767 3.90726590 20.99532509
-11.09678555 3.81221890 17.92704773
-9.56186581 4.99387407 18.08845139
-10.82079697 5.12015581 21.06340981
-9.23333645 6.12553978 21.39397812
-5.07034302 5.72657204 13.32637978
-6.57771492 5.80493116 16.00792694
-5.21607399 6.34027481 17.09957504
-7.98515081 5.93481493 18.67271996
-6.53448820 6.55992317 19.50714874
-7.72576618 6.85369682 22.02256775
-6.38808584 7.34562016 22.84035301
-5.31436110 6.94458389 20.56805801
-5.27498198 7.64175081 23.73117638
-8.15035057 4.91878510 15.21890259
-6.58295393 4.91106606 12.26287746
-8.26968193 3.70219588 11.68539143
-13.75651741 2.23908997 23.98993301
-13.59746361 1.49432504 26.95421028
-13.21831417 3.23829007 26.90752411
-13.01724243 0.67802900 30.15413284
-12.05512619 -0.11276400 33.48519897
-12.22033691 1.85656703 33.44931030
-12.94635963 2.56660795 30.11707687
-12.45450020 4.34166813 30.16911697
-12.04835606 3.74921703 33.48003769
-11.48069954 5.51985979 33.64467239
-10.85688686 -0.85840601 36.82022858
-9.40128326 -1.59050906 39.99374390
-10.04610825 0.17564400 39.86968613
-7.99867296 -2.11895204 42.70270538
-6.63079786 -2.71918106 44.68016434
-7.32019901 -1.46158004 44.54605865
-8.69400597 -0.64967901 42.56948090
-9.32304955 1.05551100 42.46944427
-8.05239868 -0.05268500 44.40397263
-8.74778461 1.63653803 44.32323456
-11.15606499 4.87224388 36.85043335
-10.49178505 6.52750397 37.11191940
-10.54823303 3.93981194 39.87571716
-10.25666142 5.67350817 40.06804657
-9.52638054 7.26910019 40.38001251
-9.72479439 2.81298995 42.45630264
-9.79208374 4.61758995 42.61014175
-9.16333103 3.37859297 44.33219910
-9.20665359 5.19011116 44.56679535
-9.46123886 6.31777191 42.86380386
-8.64609814 7.83458710 43.14956665
-8.84015846 6.90309477 44.85615158
-10.40850258 2.02860808 39.80791092
-11.35602093 3.00859809 36.74797058
-11.22768784 1.03533006 36.74044800
-8.64173222 8.96158791 40.73358536
-8.45260239 9.77961826 37.85454178
-8.13793945 10.01742363 34.78025055
-9.39892769 8.80737305 34.40645599
-9.56331539 8.22719669 37.49595261
-10.55722332 7.25857210 33.98329926
-7.59376192 9.75799847 31.73445702
-6.88119984 9.13126755 28.80049515
-8.27781487 8.54666424 28.26730347
-6.09427691 8.35436440 26.12114143
-7.39686584 7.93710709 25.42646408
-8.84699154 7.29288721 24.75914192
-11.56135559 6.03426695 30.40460968
-11.14600372 6.31641483 27.26449013
-12.38115978 4.88137102 26.98466492
-10.33385181 6.31653786 24.25910568
-11.76020813 5.15625191 23.97174835
-12.91480541 3.76574111 23.92093658
-9.73969364 7.59390783 27.71090698
-10.33870697 7.60800886 30.81694794
-8.98985004 8.90682030 31.30432892
0.38709399 1.38293600 45.65083694
-0.89893901 3.56298995 46.17553329
-1.03672099 3.30293703 46.19317627
-1.55082595 4.65246582 46.41983032
-1.73892796 4.21045923 46.42382812
-2.15374088 5.76594687 46.68344116
-2.39375091 5.13491201 46.66906357
-2.71895695 6.84693909 46.94438171
-3.01398492 6.03457785 46.90739441
-3.35569596 7.88268995 47.19057083
-3.72054100 6.90321922 47.12367249
-0.73020703 3.79043794 46.14341736
-1.30835104 5.04681206 46.39659882
-1.83562899 6.32652712 46.67194748
-2.32278895 7.56343079 46.94868469
-2.86336708 8.72635746 47.21694946
-0.52438301 3.97236609 46.09592438
-1.00207305 5.36904716 46.35102463
-1.43001497 6.77753115 46.62828827
-1.81837499 8.12494659 46.90899658
-2.24030900 9.37896919 47.19087982
-0.27484599 4.09406090 46.03166962
-0.62306499 5.58928108 46.27825928
-0.92402703 7.07251692 46.54291534
-1.19256306 8.46380234 46.80973816
-1.47899604 9.75704002 47.09020233
0.01975200 4.14351702 45.94993591
-0.17275400 5.68384886 46.17368317
-0.31603900 7.16665506 46.40660858
-0.43347800 8.52445030 46.63686371
-0.56170899 9.75247383 46.88415146
0.34109300 4.12456894 45.85473633
0.33756900 5.66339493 46.03923035
0.37608501 7.07523012 46.21555328
0.46034500 8.27306557 46.37435532
0.51663399 9.36151505 46.55863190
0.67229003 4.03899002 45.74879456
0.90571398 5.47189522 45.85247040
1.19003797 6.69250298 45.93092346
1.46834803 7.74315310 46.00854492
1.72797704 8.64045143 46.10443497
1.05901301 3.85019112 45.60446930
1.52850497 5.11669302 45.61076355
2.05974698 6.10958290 45.57222748
2.57530904 6.90910482 45.53843307
3.04839396 7.57195902 45.53362274
1.47710001 3.56558800 45.43992615
2.20062900 4.60461378 45.33764267
2.97170496 5.34493780 45.17527771
3.70743704 5.87941217 45.01005554
4.38064814 6.26838303 44.91939545
1.90963805 3.19817710 45.27884293
2.88066602 3.96421194 45.05853653
3.87680697 4.43998289 44.79956055
4.79325390 4.72516584 44.50916290
5.58195877 4.87574005 44.27633667
2.32118607 2.77577209 45.12771988
3.51308894 3.25515008 44.82801056
4.68127680 3.48945594 44.43489456
5.72398996 3.55147910 44.03667450
6.57415295 3.49114203 43.70013809
2.68549705 2.31052208 44.99707031
4.05231380 2.53016305 44.60966873
5.35664177 2.54072595 44.13452148
6.49059296 2.41651201 43.64988708
7.39559078 2.18463302 43.23839188
3.00532889 1.80608702 44.92824936
4.48764420 1.79311895 44.44850159
5.90350199 1.61224604 43.91129303
7.13548994 1.33297896 43.37746811
8.11417866 0.99164402 42.90709686
3.21846390 1.30893505 44.88058472
4.80985880 1.06141305 44.35896301
6.33425522 0.70507801 43.77721405
7.67980623 0.30458999 43.21200562
8.76068497 -0.13810900 42.70060730
3.33257699 0.81190300 44.86862946
5.00147390 0.35839999 44.33403397
6.66922903 -0.18190999 43.73452377
8.13428307 -0.68124199 43.14216614
9.28234100 -1.17647195 42.61766052
3.34418392 0.33375499 44.90488052
5.08016777 -0.34307501 44.38050842
6.77604198 -1.02273405 43.79901886
8.30619717 -1.63096201 43.22420502
9.51305580 -2.19966102 42.70490646
3.22931695 -0.05059800 44.99519348
4.96711493 -0.97985798 44.49691772
6.66618395 -1.82311404 43.97027969
8.19720459 -2.57004499 43.44881058
9.40328217 -3.23364401 42.96783447
3.03134704 -0.47254601 45.10028839
4.68593121 -1.55231500 44.68269348
6.33364105 -2.52466989 44.22793198
7.82792711 -3.41523695 43.78475189
8.93155670 -4.23565912 43.40215302
2.74618793 -0.80821800 45.23805237
4.25275898 -2.04571700 44.92272949
5.76023817 -3.18059707 44.58985138
7.15158319 -4.21485901 44.26185608
8.23119926 -5.10442495 43.94855499
2.38179207 -1.07414103 45.39125824
3.68808103 -2.43888903 45.18914795
4.99062777 -3.70208907 44.99951935
6.16043282 -4.86572790 44.82711792
7.09903717 -5.84098196 44.61660004
1.95567203 -1.26344502 45.52176666
3.01942992 -2.71368003 45.45192719
4.05700493 -4.08218384 45.41917419
5.02326918 -5.31178093 45.38796616
5.77990484 -6.33623123 45.31572342
1.49879396 -1.37357295 45.59174728
2.29013896 -2.86343408 45.66929626
3.05054903 -4.26155996 45.77902222
3.76177907 -5.53071404 45.89953613
4.33128881 -6.57414389 45.97509384
1.08119595 -1.42962503 45.70423126
1.55935097 -2.88713598 45.83760834
2.02532601 -4.26437616 46.04695129
2.48390293 -5.52133894 46.29509354
2.78026199 -6.53811979 46.50589752
0.65281802 -1.41100097 45.78412628
0.88103300 -2.76032805 45.93273163
1.07510400 -4.12294817 46.19545746
1.24964702 -5.31604195 46.51638412
1.34662402 -6.27070618 46.81578064
0.22320600 -1.31243300 45.81035233
0.24805500 -2.60952592 45.97589493
0.24209000 -3.87890601 46.24411774
0.18508600 -4.98374701 46.57284546
0.09522900 -5.84209824 46.90858459
-0.15975299 -1.14924598 45.81858826
-0.32163900 -2.37630796 45.97116089
-0.52350003 -3.51191306 46.19715118
-0.74092001 -4.56286621 46.49843597
-0.95718300 -5.33698702 46.83740234
-0.47708601 -0.93681002 45.82292938
-0.76195401 -2.07931900 45.93439102
-1.12475801 -3.15335703 46.11721039
-1.51022100 -4.07681322 46.35769653
-1.82847095 -4.83419800 46.66246796
-0.73484498 -0.68237698 45.83274078
-1.12928605 -1.74597895 45.90891647
-1.57778704 -2.74857903 46.03041077
-2.04191899 -3.62090492 46.19422150
-2.43686700 -4.32827187 46.43112564
-0.93631703 -0.38718599 45.85344696
-1.41595995 -1.36163104 45.89855194
-1.95069098 -2.28426194 45.95867157
-2.42120099 -3.11089492 46.05076599
-2.86932492 -3.81150603 46.19308472
-1.09173596 -0.06310300 45.88846207
-1.63577294 -0.92658198 45.91063690
-2.20158195 -1.76874697 45.92841339
-2.73990703 -2.55317903 45.93972778
-3.18619800 -3.20044088 46.02437592
-1.20956504 0.28110501 45.93260574
-1.82628703 -0.46330500 45.95139313
-2.36846805 -1.19316494 45.94465637
-2.90937805 -1.88554597 45.93169403
-3.41778803 -2.53091192 45.94586945
-1.29196298 0.69776702 45.97535706
-1.95915699 0.03966100 46.00558090
-2.52645707 -0.55796200 46.00354004
-3.07898211 -1.14986205 45.98196411
-3.61742997 -1.73495495 45.96702957
-1.33914995 1.07187104 46.03038025
-2.05048108 0.56063700 46.07351685
-2.64605689 0.12367600 46.08374023
-3.23025894 -0.33297300 46.08251572
-3.83037901 -0.81116301 46.06589127
-1.35781395 1.43213999 46.08466339
-2.10584593 1.17308199 46.16052246
-2.74395704 0.82236499 46.18965149
-3.34528589 0.53713000 46.20388794
-4.04185009 0.19145399 46.21612549
-1.33690906 1.75176203 46.10981750
-2.12623501 1.71767998 46.24076843
-2.79413199 1.62903798 46.31302261
-3.43809605 1.51672399 46.34955978
-4.21142721 1.33532000 46.36714172
-1.31470799 2.07961702 46.14148712
-2.10182905 2.22139692 46.28786850
-2.78663707 2.34026909 46.41021347
-3.47404289 2.44267106 46.51082611
-4.25327110 2.47931099 46.54416275
-1.27713299 2.40642500 46.16872406
-2.06799102 2.74224901 46.34188843
-2.75204301 3.05600405 46.50136948
-3.44604993 3.34798408 46.63816071
-4.27728891 3.60960388 46.72119904
-1.22063601 2.72138596 46.18789673
-2.00749993 3.25576210 46.38619995
-2.67894197 3.77258492 46.57745361
-3.35968590 4.26757812 46.75605774
-4.17313004 4.74293518 46.89421844
-1.14150798 3.02169609 46.19707489
-1.87789798 3.74064302 46.41060638
-2.56291008 4.46644020 46.63306427
-3.21736407 5.16789389 46.84434509
-3.97619510 5.83947802 47.02499390
-3.99959397 8.75306702 47.38935852
-4.46671581 7.67235613 47.29033661
-4.83560181 9.46343422 47.50784683
-5.41324997 8.25573254 47.35948944
-5.68480587 9.80391312 47.34471512
-6.39059019 8.49703598 47.15476227
-6.46386909 9.88250923 46.74288177
-7.27089500 8.52849197 46.51873016
-3.38719106 9.64850998 47.43532944
-4.11003304 10.47110558 47.58699799
-4.85149479 10.91528702 47.45779419
-5.54791021 11.07852173 46.87921906
-2.64475012 10.30572510 47.41229248
-3.24367905 11.18521309 47.57201767
-3.88126111 11.71419525 47.45745850
-4.50514698 11.96721554 46.90807724
-1.77186799 10.63981819 47.29491425
-2.24008012 11.51099777 47.43773270
-2.77103996 12.08607292 47.32593918
-3.31630492 12.39114380 46.79776764
-0.75628603 10.55815125 47.05575180
-1.08243203 11.37486076 47.16464615
-1.49176705 11.95797062 47.04840469
-1.94256604 12.29796505 46.55895233
0.42236799 10.04860687 46.68096161
0.23792601 10.80063248 46.75090027
-0.02970200 11.36690331 46.62409210
-0.36050501 11.73211575 46.17630768
1.73162699 9.18978310 46.17451477
1.68458903 9.85038853 46.20704651
1.56154704 10.38945007 46.06702423
1.37449396 10.75783443 45.64726257
3.15820003 8.01070595 45.53548431
3.24367404 8.55259132 45.50168610
3.24442196 9.03769493 45.33726120
3.16133690 9.39422607 44.93326187
4.59046984 6.62298584 44.85116577
4.76721478 7.04497910 44.75255966
4.84163809 7.45163012 44.55694580
4.80175018 7.78773308 44.17583466
5.85614395 5.15003777 44.13700867
6.06737900 5.47352409 43.98546600
6.18324518 5.80842018 43.75672531
6.17331982 6.09617996 43.37555313
6.90518808 3.70104790 43.48295593
7.13268900 3.93731308 43.28385162
7.27669621 4.19865799 43.01220322
7.29518604 4.44622612 42.61631393
7.78386116 2.33251595 42.95465469
8.02221870 2.50122595 42.70183182
8.19489288 2.69434404 42.38633728
8.24999905 2.89192390 41.94784164
8.57517529 1.08043098 42.57480240
8.83389187 1.17915201 42.25151825
9.05196762 1.30999601 41.89124680
9.16545963 1.46527898 41.39109039
9.34041786 -0.08233800 42.30846405
9.64521027 -0.04245400 41.94767380
9.88296413 0.00360500 41.50636673
10.08097458 0.10578500 40.96244431
9.88197041 -1.17892098 42.20952606
10.24389553 -1.18613195 41.80801392
10.54125214 -1.21056902 41.32597351
10.80430031 -1.17588794 40.71472931
10.15892601 -2.28188896 42.28668976
10.56395912 -2.34145498 41.86110687
10.92458916 -2.40794802 41.36374664
11.24085426 -2.42705297 40.73228455
10.08140755 -3.39782310 42.55609131
10.52006912 -3.52741098 42.12285995
10.91636181 -3.64156890 41.61207581
11.28295040 -3.72088099 40.95517731
9.64270401 -4.47914505 43.01364899
10.10348320 -4.70793295 42.59986496
10.52049732 -4.87878990 42.08963394
10.94856453 -5.00391817 41.37649536
8.87215424 -5.42564201 43.62534332
9.35585213 -5.73665380 43.25445557
9.78850937 -5.97996283 42.76271057
10.25078201 -6.17029190 42.03725052
7.79863119 -6.23844481 44.35866547
8.26536083 -6.58084679 44.04302597
8.70519447 -6.87609911 43.59839249
9.19036388 -7.12982893 42.92346573
6.43784094 -6.82123613 45.14892578
6.88712120 -7.24304581 44.89894104
7.32075310 -7.61680603 44.50844193
7.83372307 -7.92185783 43.85617065
4.87515497 -7.14049006 45.91727448
5.30413294 -7.65591621 45.75108337
5.71835089 -8.10479355 45.42312241
6.21364307 -8.49019814 44.79020691
3.24796391 -7.19421387 46.55620575
3.62859392 -7.78078985 46.49283600
4.00847721 -8.31325054 46.25392151
4.45358896 -8.77290154 45.66194916
1.68637800 -6.97377396 46.97373199
1.96935201 -7.59720182 47.00642395
2.28050804 -8.19658089 46.86200714
2.64910889 -8.74635315 46.36026764
0.26803201 -6.55202484 47.13597870
0.43030900 -7.17233706 47.24707031
0.63826400 -7.79461908 47.17402649
0.90932399 -8.40786934 46.75977325
-0.93887299 -6.03014803 47.08558273
-0.90508503 -6.62190580 47.25534821
-0.80880201 -7.24481583 47.22841644
-0.65061003 -7.88677979 46.86335754
-1.92554200 -5.48246193 46.90601730
-1.99578202 -6.02505112 47.11069107
-2.01781988 -6.62795115 47.11447906
-1.98069000 -7.28328085 46.76453018
-2.70656610 -4.95228195 46.65704346
-2.87579489 -5.45401192 46.89478302
-2.97617602 -6.00186682 46.89746094
-3.07018399 -6.64679909 46.55151367
-3.24528408 -4.37421417 46.37963867
-3.49252796 -4.83824921 46.62625885
-3.72406602 -5.36999702 46.67098999
-3.95010495 -5.97928810 46.34204102
-3.59701109 -3.75503898 46.17798615
-3.93487310 -4.16338015 46.39942169
-4.27172184 -4.65676308 46.44359589
-4.59001207 -5.25096512 46.09594727
-3.90215206 -3.03119898 46.05850983
-4.31714821 -3.42667603 46.25975037
-4.75920200 -3.85903192 46.28153229
-5.15476990 -4.37251282 45.92206573
-4.18531895 -2.16943908 46.04988098
-4.64969015 -2.55394197 46.19596863
-5.19766283 -2.95707512 46.16654205
-5.72065783 -3.36910200 45.82333374
-4.48648405 -1.17610395 46.11717224
-5.04943609 -1.54490101 46.21056366
-5.69605589 -1.90351105 46.11878967
-6.29882908 -2.25162506 45.72019196
-4.81199217 -0.07347900 46.24085999
-5.45979595 -0.40394399 46.25918579
-6.20096016 -0.69891500 46.16332245
-6.91779280 -0.99404901 45.67021942
-4.88157606 1.13860297 46.34993744
-5.82232285 0.91422498 46.30570221
-6.75912714 0.62761497 46.11847687
-7.54516506 0.40177000 45.55243683
-5.13517094 2.46894598 46.48678589
-6.16680002 2.46094894 46.47982788
-7.25785780 2.32265902 46.19753265
-8.12318993 2.03077292 45.57132721
-5.21082878 3.85333395 46.69802475
-6.28634501 4.01146078 46.71203613
-7.39046717 3.89093208 46.33813095
-8.34603119 3.65012908 45.62721252
-5.06679296 5.16442680 46.94391632
-6.15398598 5.39254379 46.89492035
-7.27456093 5.42581892 46.53977585
-8.27409363 5.35938597 45.83361053
-4.82550287 6.48367500 47.15169525
-5.89476919 6.91585398 47.15689087
-6.96910381 7.05693388 46.89197540
-7.90440607 7.02300787 46.21853256
