0.00000000 0.00000000 0.00000000
-0.48614699 1.66265202 0.74449903
1.74064100 0.82490301 0.38619900
-1.11839902 3.36228991 3.07193708
1.21304500 2.70749998 2.02010012
3.55004191 1.69282699 1.98666203
-1.67606902 4.72712421 6.51920509
0.36381999 4.25651598 5.07098722
-2.03055310 5.73213005 10.50608158
-0.46142799 5.41190004 8.91617298
1.45850301 4.89667702 7.91379213
2.66182399 3.55490899 4.35010815
4.91765213 2.43012094 4.71503305
3.64721799 4.13763905 7.57648182
5.82692194 2.97654104 8.10825729
-2.17935610 6.46661186 14.51002026
-1.04423296 6.27557802 12.93806553
-2.21385789 6.99421978 18.25419235
-1.37370002 6.92380524 16.72420502
-0.29271999 6.69457102 15.68053341
-2.19655204 7.33727312 21.72047424
-1.55418503 7.35952520 20.24699783
-2.17617202 7.43134117 24.60315704
-1.69512403 7.57502699 23.63316345
-0.99278301 7.59201717 22.77332115
-0.70408201 7.26285124 19.24333954
0.46384001 6.99250507 18.55494499
-0.05115000 7.55948496 22.07817459
1.30558705 7.18884182 21.61657143
4.38134480 4.50389290 11.11829185
6.51621914 3.36199999 11.60431957
2.99793911 5.69109488 14.55696869
5.10830212 4.75204802 14.50172997
7.16982698 3.63600993 14.96730995
1.99614203 6.55475616 18.06247330
3.82855296 5.88622713 17.81688309
3.00481796 6.64288807 21.22483444
4.92760801 5.88396883 20.91660309
5.89048290 4.96100998 17.65114975
7.87636900 3.83246207 18.15087509
6.89669180 4.91697311 20.74824142
8.56140614 3.95223498 20.83473587
1.13429594 6.33681583 14.96585655
2.23924303 5.39568710 11.21161175
0.40837300 5.92129898 11.85417271
-2.50310493 7.39746094 27.12591934
-1.85942900 7.50547886 27.00152016
-2.92399812 7.43596220 30.31329918
-2.13473201 7.46014977 30.37450409
-1.45935202 7.46264076 30.08901596
-3.38567090 7.61451197 33.68630219
-2.43822789 7.55983782 33.83922195
-3.84141588 7.92166901 37.13146210
-2.76892090 7.80170679 37.29758072
-1.95483100 7.58137989 37.24983978
-1.71209002 7.42212391 33.71326447
-0.98760903 7.28734398 33.32126236
-1.23492503 7.34536505 36.95136261
-0.42965499 7.15533686 36.47626877
-4.34257078 8.21113777 40.56636810
-3.12525892 8.12618923 40.73726273
-5.30481577 8.39586639 43.73366165
-3.74064898 8.43866253 43.97212219
-2.67852902 8.29829407 44.03742218
-6.69879007 8.28670311 46.35673141
-4.73594189 8.49617386 46.64019775
-8.00939369 7.93474388 48.31135559
-5.94598198 8.30511284 48.58443451
-4.24948883 8.40287781 48.72589111
-3.34340000 8.46669579 46.76549530
-2.27914691 8.31370354 46.75537872
-2.92869091 8.34111023 48.75024414
-1.87908804 8.18569565 48.67041779
-0.70719498 7.35387278 40.08289337
0.12832201 7.13769579 39.58018112
-0.98608100 7.77337122 43.61542130
-0.19658200 7.51581812 43.21711731
0.79352403 7.25631905 42.70359421
-1.37274301 8.08617020 46.59646988
-0.52859700 7.82737207 46.33299255
-0.97175801 7.96681404 48.50455475
-0.07023600 7.69556999 48.27598572
0.38101101 7.55102921 45.98003387
1.54869902 7.25191689 45.58806229
0.99779701 7.37257004 48.05781937
2.32898402 6.90669107 47.37117004
-1.79229403 8.05626106 43.94220734
-1.45232606 7.61964417 40.52042389
-2.22845888 7.90411282 40.75531387
3.38826203 6.68613815 44.69517899
4.41438007 6.40461302 41.20775986
2.43131399 6.89470816 42.00619507
5.31311989 6.16770792 37.65869904
3.35787296 6.62837219 38.28000641
6.20816422 5.92380285 34.20052338
4.22076178 6.49505711 34.72286987
2.30525398 6.84372902 35.34858322
1.47369003 6.87165785 38.87200165
0.74065298 6.98937511 35.92645264
7.03151083 5.60509396 30.76609421
5.01023102 6.34653807 31.19202614
7.68771219 5.12793922 27.25123215
5.72344303 6.11286402 27.65596962
3.76154304 6.78352118 28.03855515
8.23682785 4.56524277 23.75677681
6.27957296 5.62610102 24.10783005
4.30759478 6.47617579 24.41420937
2.47330308 7.07767677 24.76485634
0.00000000 7.19145918 32.75766754
0.43391499 7.41212606 28.93144798
-0.65090400 7.43562317 29.53334427
0.88186097 7.46551418 25.17436600
-0.36107600 7.66750383 25.68276787
-1.22900605 7.59859085 26.37119675
1.96503305 7.20550013 28.45228958
1.34555995 7.11037111 32.21091843
3.10480690 6.86715603 31.69609070
1.55361998 -1.24094796 0.34577700
3.83254695 -0.44794199 1.05619705
3.37278700 -2.73655295 1.80981302
5.67848492 0.36786100 3.02100992
6.94054508 1.08074605 5.98116302
7.41349888 -1.05683398 5.17359686
5.70437002 -1.88911295 2.93064404
5.05955410 -4.15716791 4.39213705
7.22053814 -3.23883796 5.80328083
6.43645477 -5.28848505 7.76432323
7.78309011 1.64104700 9.41310692
8.43025017 2.07078290 12.89907646
9.36727810 0.25984901 11.60212708
9.06610680 2.43240905 16.27786636
9.59736729 2.80703092 19.66623688
10.64945507 1.28914702 18.57013130
10.08508015 0.75972199 15.03105354
10.67185974 -1.04772604 14.44791889
11.38661194 -0.42841101 17.88119888
11.66771603 -2.16930199 17.78581238
8.35041046 -4.33596611 9.29386139
7.55085421 -6.13929510 11.39613724
9.72074604 -3.51088810 11.63817406
9.22419167 -5.19241285 12.94832611
8.51897430 -6.82970715 14.99113274
10.81297207 -2.83727694 14.52232361
10.54325676 -4.44739199 15.26326275
11.59242535 -3.80712891 18.22476578
11.28818703 -5.41926622 19.16685104
10.01246071 -5.92166424 16.56261826
9.48538780 -7.52159595 18.47333527
10.81861210 -6.87480497 20.28153610
10.35024261 -8.14698792 21.42444801
9.78997898 -1.65755200 11.18066788
8.72772884 -2.38684511 8.18705463
8.55819893 -0.33412200 8.21739101
9.79406643 3.31180000 23.16523743
9.60650826 3.96543789 26.74813080
11.18337822 2.60100889 26.12048340
9.01369953 4.59088278 30.33570099
8.19347095 5.09586477 33.78559113
10.12272739 3.99587202 33.39618683
10.83331013 3.33447599 29.85465431
12.32041264 1.86867905 29.38138008
11.85431671 2.64569211 33.01306915
13.26562691 1.04503095 32.73014832
7.23692608 5.50572777 37.17061615
6.21859980 5.86011410 40.62454224
8.05195141 5.11055708 40.13800049
5.13032007 6.13528109 43.92529297
3.86240602 6.37416077 46.52546310
5.48510695 5.75309181 45.75518799
6.86037588 5.47653198 43.28800201
8.68950272 4.56395006 42.71532822
7.20233202 4.97413588 45.03729630
8.96188354 3.95164704 44.41264343
12.72239685 1.87720001 36.10943222
14.00467587 0.13580100 35.95893097
11.80465126 2.62813902 39.29529572
13.21612835 1.05355096 39.02270126
14.29138947 -0.83422899 38.92712784
10.54606342 3.31416512 42.19715881
12.08224010 1.85257900 41.81000137
10.59436989 2.66651201 43.92230225
11.92967892 1.14911795 43.59432602
13.25098610 0.16561501 41.57664490
14.06804752 -1.77530098 41.57381439
12.91387081 -0.55383098 43.46236420
13.48545647 -2.36693001 43.55689621
10.00922775 4.00745678 39.69552612
11.09773731 3.34504604 36.42397690
9.18856525 4.57910585 36.78948975
14.43303680 -3.86686707 41.81406021
15.05187988 -5.25910187 39.40375137
14.98411846 -3.09004998 39.08245087
15.24510002 -6.40592098 36.75830841
15.29185009 -4.33540106 36.29932404
14.85284901 -7.20553017 33.82462692
15.08897305 -5.26842213 33.27619553
15.01026344 -3.07432389 32.92047882
14.94717598 -2.01336002 36.03543472
14.37825203 -0.89449400 32.70111084
13.96923828 -7.68420792 30.60710907
14.34220982 -5.89862108 29.95856476
12.79741383 -7.93559694 27.23511124
13.28166676 -6.29696083 26.51680756
13.47452068 -4.51701498 25.86023712
11.49731827 -8.05971336 23.97812462
12.07021713 -6.57344103 23.17200470
12.41886711 -4.98329401 22.36514664
12.51852989 -3.22668910 21.72028732
13.41822815 0.16280700 29.08455467
13.04612923 -0.69275099 25.27428436
12.33528328 1.05831599 25.53805542
12.38472366 -1.46966600 21.48303986
11.89767742 0.27656800 21.70439529
11.00243282 1.89767003 22.35446167
13.40387154 -2.56671906 25.38774109
14.11202908 -1.79301202 29.11889267
14.36415291 -3.91216207 29.43145752
-0.92178601 -1.72596395 0.69105703
0.65587699 -3.46658492 1.74042106
-2.17572308 -3.97087598 2.67618990
2.34508109 -5.04370117 3.95235610
3.92988801 -6.30266094 7.06512308
1.01098394 -7.25126505 7.09970617
-0.61603099 -5.78761578 4.37616491
-3.55175996 -6.29873323 5.74536705
-2.03639889 -7.96356583 7.88163090
-4.88859177 -8.38580227 9.44249916
5.33972692 -7.23865700 10.64279747
6.63269520 -7.98274708 14.23912144
4.22216606 -9.17012310 13.98883247
7.90523577 -8.59604740 17.68849182
9.18278027 -9.11512184 21.02062225
7.44861794 -10.37286377 20.86353111
5.83491182 -9.85523129 17.47765541
3.22014689 -10.98819828 17.45948029
5.16331816 -11.65933800 20.93224716
2.37843204 -12.75910378 21.13176918
-3.38057399 -9.82601547 11.73009205
-6.00152111 -10.03698921 13.25794506
-1.61261904 -10.97073364 14.59649754
-4.42246723 -11.31349373 15.51411629
-6.73543310 -11.25339413 16.97616577
0.30385199 -11.90685368 17.72181892
-2.62181807 -12.41981316 18.24662018
-0.64213997 -13.47151566 21.44869614
-3.49733901 -13.66522408 21.91946411
-5.30151320 -12.56297016 19.11006546
-7.29776621 -12.19494057 20.36210251
-5.84756994 -13.35996246 22.55053520
-7.37629318 -12.78414345 23.27776909
1.38342595 -10.22281456 14.10541916
-0.39077801 -9.24972153 10.80798435
2.62428498 -8.34269524 10.45954227
10.55212021 -9.42664909 24.39517784
11.95650864 -9.45633888 27.80086899
10.68107319 -10.90194416 28.11422920
13.22458458 -9.28888988 31.21705818
14.19054985 -8.86755085 34.42211151
13.13912392 -10.38580322 34.96950531
12.06862831 -10.78160572 31.66722107
10.44643879 -12.19178963 31.96702957
11.66763878 -11.79049301 35.39937210
9.69848633 -13.06417656 35.75082016
14.73177719 -8.12782478 37.31274796
14.71550941 -7.04987717 39.88361359
13.92986870 -8.57292938 40.46539307
14.24498463 -5.68937922 42.09183502
13.57247353 -4.12201500 43.82888794
13.26636696 -5.73868799 44.04131317
13.65053940 -7.23772717 42.58161163
12.63817787 -8.61721420 43.21207428
12.52813053 -7.15257788 44.52421188
11.38914108 -8.41100883 45.20352554
10.69664097 -12.30372620 38.97292328
8.44904804 -13.35514259 39.43946838
11.13957024 -11.20299244 41.78931427
9.21957397 -12.20278454 42.40737152
6.81960106 -13.00261879 43.00697708
11.24198341 -9.85692215 43.96807098
9.54920387 -10.86386776 44.73569489
9.92033291 -9.48120880 46.00434494
8.18766594 -10.33151245 46.83594894
7.55535698 -11.64721775 45.46926117
5.13712311 -12.21372032 46.12290192
6.19166517 -10.97700500 47.62226868
3.92203593 -11.39205360 48.28665924
12.71949387 -9.97170830 41.12992477
12.44699287 -11.06449127 38.48246002
13.79315186 -9.65626907 37.91451263
2.40897799 -12.49287033 46.65621185
0.78170902 -13.64659786 43.91923904
3.83784604 -13.54379368 43.57549286
-0.80006200 -14.55889606 40.46647644
2.30350709 -14.67012882 40.31525421
-2.22469711 -15.12097168 36.86469650
0.78502399 -15.34499454 36.73660278
4.03263378 -15.00523186 36.47268677
5.56977177 -14.20380974 39.92629242
7.12056684 -14.17464638 36.11040115
-3.53763795 -15.16824245 33.21295166
-0.79153401 -15.59776497 33.05688095
-4.93867302 -14.63941860 29.51115417
-2.47662997 -15.26988029 29.31331444
0.50162798 -15.28800964 29.02679062
-6.31789923 -13.71161079 25.98860931
-4.21420908 -14.43620777 25.68638992
-1.51668298 -14.63567543 25.30787659
1.54175699 -14.24860287 24.97438812
8.27382755 -13.50597286 32.21764374
6.59625387 -13.62564468 28.47070885
8.90377998 -12.30138779 28.28519821
4.56191015 -13.34620094 24.70676231
7.13150787 -12.11548519 24.52468109
9.12071991 -10.75983906 24.44383049
3.68226099 -14.69788647 28.73446274
5.52161312 -14.63911343 32.50616455
2.38165498 -15.41752625 32.81399536
-2.08371806 0.15901899 0.70873600
-3.51195407 -1.92965198 2.11522198
-4.50868177 0.22664800 2.59552598
-4.89724207 -4.29704618 4.62533092
-6.17487383 -6.59794807 7.99037218
-7.27404690 -4.51625681 7.36491108
-6.02654886 -2.08867311 4.41218805
-6.77296686 0.13692699 5.38777113
-8.17075539 -2.28079796 7.55210400
-8.68107700 -0.06301100 8.81644058
-7.26230001 -8.52657509 11.72811890
-7.98457479 -9.90511036 15.48551655
-9.04263115 -8.36795712 14.54236412
-8.50333405 -10.94075775 19.07028770
-8.49407959 -11.69317341 22.46376801
-9.48215389 -10.33601570 21.81029510
-9.38044357 -9.47235012 18.20516205
-10.21951675 -7.89534807 17.72176552
-10.22255325 -8.84782791 21.42709541
-10.85099030 -7.19669199 21.24488831
-9.84392738 -2.41152596 11.14375687
-10.19078255 -0.18866301 12.48190117
-10.50974464 -4.48186588 14.23542976
-11.04465008 -2.28161693 14.81507206
-11.28497314 -0.07414600 16.13242722
-10.85340214 -6.06022120 17.61936951
-11.37743187 -3.98896408 17.84451103
-11.48583126 -5.32696819 21.22029877
-11.96311760 -3.22097492 21.44576836
-11.78621101 -1.79690802 18.46348572
-11.94316006 0.27826899 19.65868759
-12.29948616 -1.05028498 21.90810013
-12.37491703 0.68699700 22.53751183
-9.84968567 -6.55006313 14.14790916
-9.15436268 -4.62230206 10.67952728
-8.29688454 -6.70392895 10.87574196
-7.87253094 -12.57273102 25.88171196
-6.83126116 -13.50890636 29.46311569
-8.22244167 -12.08195305 29.17866516
-5.68382978 -14.19354725 33.18598175
-4.59165287 -14.37695026 36.85702133
-6.37979078 -13.19907379 36.70891190
-7.30448008 -12.84506512 32.95431900
-8.57695580 -11.32531261 32.64057922
-7.83506107 -11.82989120 36.43719101
-8.93266296 -10.30455017 36.16069794
-3.35691404 -14.07568169 40.41022491
-1.80131698 -13.30466270 43.98512268
-3.97002506 -12.65778160 43.95689774
-0.14010100 -12.42533493 46.92749023
1.57229197 -11.54916763 48.74156189
-0.67875600 -11.43390846 48.94427490
-2.40048790 -12.01994324 46.97949219
-4.43476820 -11.33909225 46.84471893
-2.80738401 -11.03104019 48.92027664
-4.70173788 -10.39807129 48.69232178
-8.25190926 -10.62695026 39.89492035
-9.13262558 -9.16332436 39.68133163
-7.32349586 -10.61598206 43.48162842
-8.35767746 -9.41191864 43.22548294
-9.07669830 -7.97965193 43.02960587
-6.12283278 -10.47749138 46.55034256
-7.38513422 -9.46512985 46.27560425
-6.19478607 -9.59222603 48.38745117
-7.31232309 -8.59830093 48.14709091
-8.25349617 -8.29353333 46.04401398
-8.94659138 -6.80055809 45.84561920
-8.13209248 -7.38468409 47.95953369
-8.88899994 -5.76158714 47.98632050
-5.82382298 -11.71735001 43.76097870
-6.97786379 -11.93402290 40.17685318
-5.31272888 -13.11932182 40.37854767
-9.73192406 -4.83531189 45.76061630
-10.51698494 -4.04228401 42.54000854
-9.74936485 -6.12109613 42.83158112
-11.18984985 -3.17816401 39.03885651
-10.48158073 -5.30426788 39.32168198
-11.75692558 -2.30120802 35.45497131
-11.10772514 -4.47278023 35.63634491
-10.45628738 -6.56554317 35.82936096
-9.81685352 -7.37200212 39.53578949
-9.76060486 -8.54539967 35.97966766
-12.10473537 -1.48929000 31.90065765
-11.59846306 -3.66741896 31.96356392
-12.32863617 -0.68394500 28.40596771
-12.02236938 -2.81069589 28.37048721
-11.46442032 -4.97526598 28.36711693
-12.43907547 0.07509300 25.11739540
-12.24370861 -2.00807190 24.94087982
-11.83550453 -4.16872406 24.78216934
-11.23745060 -6.19412899 24.75913620
-9.55605507 -9.62845421 32.36887360
-10.16816711 -8.78350163 28.57018471
-9.31233597 -10.49501419 28.83329010
-10.62976456 -7.99053907 24.84553528
-9.91687202 -9.62973785 25.07560730
-9.01096153 -11.16589546 25.45657730
-10.86878300 -6.94973516 28.42097282
-10.34156036 -7.75515890 32.19082260
-11.01354980 -5.75695276 32.06400681
-2.82210398 2.07326794 2.15644002
-5.06226206 2.20885801 4.50464392
-7.05443382 2.11204410 7.59234810
-5.19071484 3.81063390 7.55706501
-3.27101207 3.72017097 4.94303179
-3.42582989 4.96878099 8.62283897
-8.75045395 1.91066897 11.12938118
-10.13573265 1.81304300 14.74207592
-8.41457558 3.53532696 14.23834515
-11.12036514 1.86428797 18.35805511
-11.90356827 2.01933408 21.74825287
-10.74682808 3.47020888 21.29915619
-9.70227814 3.46649194 17.76506805
-7.78961611 4.79251099 17.85593033
-9.01825333 4.74546814 21.33013153
-7.04053783 5.72577286 21.74087524
-3.34627700 5.86489487 12.68414593
-4.57299089 5.85509396 15.37160206
-3.16243410 6.51105881 16.64407730
-5.81726599 5.77914906 18.42872810
-4.16122484 6.46762419 19.29523468
-5.19766521 6.41283798 22.38549232
-3.75638604 6.88370895 23.13160324
-2.98203993 6.95842314 20.36795616
-2.76963902 7.22004414 23.90008545
-6.42027378 4.89488316 14.50372124
-4.97324991 4.99611187 11.35289383
-6.89640284 3.69207001 10.76815796
-12.24356842 1.88206697 25.01827240
-12.33087254 1.32444096 28.37544632
-11.86101627 3.08883500 28.27018166
-12.28857231 0.56974602 31.85159302
-12.16280270 -0.25958401 35.33767319
-12.25975132 1.75720596 35.27653885
-12.09009075 2.48564410 31.79581451
-11.38270760 4.14806223 31.79867172
-11.90930843 3.58856010 35.27382278
-10.98540306 5.14325619 35.42420197
-11.89583969 -1.07739997 38.81786346
-11.40645027 -1.94243002 42.31418991
-12.22103596 0.07485800 42.10621643
-10.62523174 -2.86117911 45.49517059
-9.67901516 -3.96158791 47.82991791
-10.64705181 -1.94226801 47.68096542
-11.63830662 -0.80171603 45.27317810
-12.55600739 1.39671695 45.12799835
-11.68037891 0.27162200 47.58477783
-12.48858833 2.52784491 47.50279617
-11.91770077 4.71239519 38.76324844
-10.71524429 6.11920881 39.08956146
-12.66824055 4.24819422 42.05161285
-11.83656025 5.82677317 42.28876114
-10.18121147 7.04977179 42.71138000
-12.97152996 3.61270094 45.09878540
-12.52707481 5.43292379 45.24409485
-12.60462379 4.56025887 47.50577164
-11.71696091 6.15279579 47.73121643
-11.21766853 6.78035688 45.54078674
-9.11717606 7.69551277 45.92045593
-10.07820129 7.21651316 47.98147964
-12.76493645 2.24611998 42.02397156
-12.44900417 2.97400498 38.67600250
-12.37459946 0.95681602 38.70852661
-7.69858980 7.97101021 43.30115891
-6.27660179 8.00027561 40.21979141
-5.36677599 7.82964420 36.81652069
-7.37451315 7.31260920 36.33982468
-8.67768097 7.28752708 39.66352844
-9.41097736 6.40773582 35.81753540
-4.68658495 7.55631590 33.34621811
-4.01573515 7.33277607 29.96308517
-5.50810909 7.07656193 29.46280670
-3.36862898 7.22069502 26.74430847
-4.62066317 6.93715382 26.17724609
-6.28636503 6.47613478 25.56850433
-10.09695244 5.51025391 31.98628616
-9.21315861 5.70284700 28.48641205
-10.80761433 4.55373287 28.25719833
-8.20181656 5.74620724 25.04390717
-10.04088688 4.72026491 24.74031830
-11.45680428 3.42469096 24.75070572
-7.32866812 6.55028200 28.92849731
-8.32588673 6.54134417 32.38600540
-6.39549494 7.22995377 32.88450241
0.00000000 0.00000000 49.08939743
-0.99483901 2.16733909 49.81241608
-1.24991703 1.98711801 49.85968018
-1.33237600 3.12226892 50.12767029
-1.70868504 2.88315201 50.21124268
-1.63726795 4.02811098 50.41726303
-2.13219690 3.75330210 50.54261398
-1.88609099 4.82408905 50.66383362
-2.49426603 4.53889322 50.83161163
-2.20663500 5.52341318 50.87701416
-2.93567801 5.24255896 51.07508469
-0.71705800 2.30741906 49.74005127
-0.92973000 3.29897904 50.00629807
-1.12405503 4.21608019 50.24215317
-1.27897501 5.00095892 50.43641663
-1.50112104 5.67506409 50.61264801
-0.41830301 2.40241408 49.64256287
-0.50555903 3.41105294 49.85081482
-0.60364401 4.32268715 50.02700043
-0.68871802 5.08301401 50.16633224
-0.84053898 5.72242689 50.30437851
-0.09940800 2.44864988 49.52136230
-0.06290400 3.45903206 49.66645050
-0.07313900 4.35580778 49.78272247
-0.10901100 5.08840799 49.87134552
-0.21390399 5.69140196 49.97455597
0.23521200 2.44564199 49.38010406
0.38303900 3.45535707 49.46040726
0.45376700 4.33085585 49.51997375
0.46637201 5.03683090 49.56296921
0.39737600 5.60542488 49.63613892
0.56267500 2.40876794 49.23288727
0.82158297 3.45926094 49.25506592
0.95440602 4.33370018 49.25642395
1.04286897 4.94370079 49.23746490
1.01842797 5.48312616 49.27595520
0.87293601 2.34385300 49.09469604
1.29497802 3.36157990 49.02065277
1.55598497 4.17126989 48.93789673
1.66370106 4.82928991 48.87749100
1.67910302 5.35367393 48.86257172
1.25222301 2.19062805 48.91362762
1.82926095 3.15822601 48.74817657
2.21283698 3.92908311 48.57958221
2.41792607 4.55438423 48.45598602
2.50345206 5.05784607 48.38297272
1.65220904 1.97291005 48.71813202
2.41587710 2.86388397 48.46121597
2.95276093 3.58745790 48.20670319
3.29125595 4.18666077 47.98996735
3.50995994 4.63694382 47.89903259
2.05663490 1.68946099 48.53745270
3.03529191 2.48399210 48.18382263
3.79292488 3.13067603 47.88405991
4.31990910 3.69904089 47.56817627
4.66075420 4.14316893 47.33783722
2.44920707 1.34609997 48.36792755
3.67479491 1.99679005 47.97768402
4.66913509 2.58761001 47.54366302
5.43364286 3.11196709 47.13437653
5.94967604 3.53000307 46.80826950
2.81504703 0.94294202 48.21774673
4.28303099 1.44524598 47.75228882
5.54500580 1.92748499 47.25310516
6.57314491 2.38393593 46.76592255
7.30615807 2.75261497 46.38103485
3.17734504 0.46189100 48.15323639
4.83051395 0.80345201 47.57963943
6.34835386 1.14271498 47.02853775
7.64282703 1.48394001 46.51715469
8.59559631 1.77205503 46.09373474
3.42032504 -0.03588500 48.09096146
5.26575422 0.08474900 47.47945404
7.00079298 0.23926701 46.89325714
8.53238487 0.42307901 46.37831879
9.67764854 0.59403402 45.95300293
3.54480696 -0.55097800 48.04998398
5.53062677 -0.67781103 47.43222427
7.43387508 -0.74484402 46.85363007
9.14383698 -0.75066900 46.35131073
10.44339180 -0.72006601 45.93782043
3.54649591 -1.06904197 48.05091858
5.60206079 -1.45404100 47.44949341
7.59760523 -1.75448203 46.90626144
9.41148472 -1.96273398 46.44231415
10.80769920 -2.08439398 46.05722046
3.41903090 -1.56770301 48.09486389
5.46551895 -2.20706201 47.53228760
7.46747208 -2.73502207 47.04763031
9.28738213 -3.13705993 46.64675522
10.71459770 -3.40921593 46.30577087
3.16537189 -2.02625299 48.17792511
5.12472486 -2.90371704 47.67647552
7.04898310 -3.64134002 47.27492523
8.80790329 -4.22182798 46.96032333
10.13505173 -4.62093687 46.69306946
2.79805207 -2.42706704 48.29167938
4.60057688 -3.51730895 47.87142944
6.37309694 -4.43691301 47.57682037
8.00823021 -5.17067003 47.36950684
9.31419754 -5.69827795 47.18489838
2.33517194 -2.75638008 48.42150497
3.92298198 -4.02848196 48.09580231
5.49000502 -5.10020590 47.92237091
6.87429380 -5.98787689 47.85868073
8.03319073 -6.61691523 47.75527191
1.79752100 -3.00162292 48.52520752
3.12476897 -4.42359686 48.32355881
4.42411995 -5.65802622 48.29586792
5.65079784 -6.62817192 48.31864929
6.66494989 -7.34644890 48.32734680
1.21253204 -3.14995790 48.53438950
2.24433208 -4.69583702 48.50825500
3.28467798 -6.03399086 48.58923721
4.28607988 -7.10343409 48.71879578
5.13808918 -7.90334511 48.84111023
0.62315297 -3.22249389 48.61585999
1.32457995 -4.84568405 48.63085175
2.07816696 -6.26373911 48.78858185
2.83095598 -7.42051315 48.99997330
3.49888802 -8.29401398 49.22003174
0.05389600 -3.21659493 48.71733093
0.42577401 -4.87610102 48.66924667
0.85864902 -6.35307312 48.86018372
1.33674502 -7.58392477 49.11525726
1.80075896 -8.51935387 49.40345764
-0.49296099 -3.10532403 48.80335236
-0.43878001 -4.77746201 48.72427368
-0.31922901 -6.28774595 48.84989166
-0.13555300 -7.57222414 49.08129883
0.10164800 -8.56759262 49.38038635
-0.98742300 -2.89914489 48.88502884
-1.23059905 -4.53477287 48.79174042
-1.39999294 -6.04576111 48.84132385
-1.50843203 -7.35022497 48.99747849
-1.51109898 -8.38884926 49.24770737
-1.40515995 -2.61197901 48.97069550
-1.90710104 -4.16202211 48.86577988
-2.33031893 -5.63049078 48.84794617
-2.70649195 -6.91087008 48.91822433
-2.95160198 -7.96009111 49.09668732
-1.73850000 -2.25680494 49.06619644
-2.45334411 -3.67194390 48.96196747
-3.08809996 -5.04402208 48.89131927
-3.67782593 -6.28046989 48.87454987
-4.14109278 -7.30603218 48.96851349
-1.98779798 -1.85062802 49.17294312
-2.86877608 -3.08501792 49.08963013
-3.72697902 -4.29575014 48.98605347
-4.41537619 -5.43720388 48.91715240
-5.04627419 -6.45685577 48.91529846
-2.15700889 -1.41374397 49.28763580
-3.15288401 -2.42753196 49.24731445
-4.11896181 -3.44707489 49.15437317
-5.00689220 -4.46295691 49.02714539
-5.71909714 -5.31166315 49.00352478
-2.25284410 -0.96685201 49.40390015
-3.31968403 -1.73351896 49.42461014
-4.29863691 -2.53113604 49.37615585
-5.24674988 -3.31095695 49.29162598
-6.10562801 -4.06068802 49.23854828
-2.28365493 -0.52894598 49.51461792
-3.38522410 -1.03791201 49.60684204
-4.39238501 -1.58515406 49.62771606
-5.37252378 -2.13512611 49.59951782
-6.30106783 -2.69189811 49.57662964
-2.25947809 -0.11240400 49.61428833
-3.36175203 -0.36901999 49.77904510
-4.35997820 -0.65011197 49.88173294
-5.34755611 -0.94979697 49.93228912
-6.33152914 -1.28450000 49.96578979
-2.19342208 0.27616900 49.70022583
-3.26456308 0.25765800 49.93207550
-4.22325802 0.23646399 50.11469269
-5.18310785 0.17976201 50.24738312
-6.24004793 0.07208800 50.34789276
-2.09542108 0.63443398 49.77105713
-3.10842204 0.83563602 50.06074524
-4.00661516 1.04229403 50.31309891
-4.91718102 1.22093403 50.52162170
-5.99102402 1.33359098 50.67314529
-1.97153497 0.96292502 49.82587433
-2.90995312 1.36064899 50.16159058
-3.72173190 1.76522100 50.46779633
-4.54779720 2.14980102 50.73735809
-5.52436018 2.48094010 50.93738937
-1.82584798 1.26254702 49.86392593
-2.67561698 1.83255196 50.23168182
-3.38753700 2.39983892 50.57192612
-4.11313200 2.94896889 50.88087463
-5.00178719 3.46903205 51.13086700
-1.65933597 1.53344202 49.88356781
-2.41165400 2.24999809 50.26830292
-3.00770092 2.94464493 50.62086487
-3.61600304 3.60864592 50.94400787
-4.35942888 4.24000692 51.21339798
-1.46815395 1.77565205 49.88282013
-2.04817891 2.58942389 50.25525665
-2.58877301 3.39436698 50.61140060
-3.07107401 4.13635302 50.92696381
-3.64870501 4.81263018 51.18910217
-2.78374004 6.20940208 51.03649902
-3.67544293 5.93893099 51.23258209
-3.65331101 6.94463491 51.02326965
-4.81314802 6.68345118 51.16178894
-4.58454084 7.60911608 50.66368484
-6.08013201 7.34970284 50.68503571
-5.33620501 8.07284164 49.89343262
-7.12524605 7.79137182 49.77079010
-1.93486905 6.32523918 50.76805115
-2.59482789 7.03041792 50.80458450
-3.27980089 7.67940712 50.55017090
-3.81515908 8.14208603 49.90954590
-1.16497302 6.32928801 50.45419312
-1.66672397 6.99509382 50.53192139
-2.18252802 7.62090302 50.36589813
-2.58137298 8.07515526 49.83353043
-0.46091300 6.25586319 50.11758804
-0.85085201 6.88118696 50.22513199
-1.25556695 7.48027992 50.12772369
-1.57636404 7.92299700 49.68204880
0.20678200 6.12821198 49.77155304
-0.09955500 6.71539879 49.89459991
-0.42168999 7.28454208 49.83465576
-0.68466598 7.70808792 49.46473312
0.88298601 5.94941521 49.39284134
0.65201402 6.49791288 49.51584625
0.41111800 7.03419495 49.46527100
0.20362800 7.44180107 49.13192749
1.60027003 5.73306704 48.95608902
1.44595802 6.24948311 49.07781982
1.30099797 6.75907707 49.01852798
1.19831097 7.13727617 48.68871689
2.50455403 5.40591002 48.41920471
2.47539210 5.86208296 48.46773911
2.45744395 6.31920624 48.36423492
2.45176601 6.67493582 48.01019669
3.62726688 4.98277092 47.87174225
3.73643303 5.37425804 47.82666779
3.84193993 5.77778196 47.66062927
3.92060709 6.10666704 47.29993439
4.88328695 4.45757723 47.24537659
5.10736084 4.80037880 47.12615585
5.32958889 5.15222216 46.89293671
5.50009680 5.45347786 46.51963043
6.26966476 3.80893707 46.63642883
6.59440899 4.09236479 46.46499634
6.91230011 4.38607979 46.17506409
7.16485214 4.64987898 45.77602386
7.71702909 2.98040795 46.14760208
8.11670685 3.19620109 45.91735840
8.51380062 3.41920090 45.59535217
8.83306694 3.63205004 45.15925980
9.10806656 1.93669105 45.82891083
9.54343987 2.07461500 45.51955032
9.99690247 2.21550393 45.17541504
10.36523247 2.36598992 44.70609283
10.27686882 0.68455100 45.65349579
10.75183487 0.73976099 45.30977631
11.21924400 0.79578000 44.88510513
11.62799454 0.87220597 44.41687012
11.10893631 -0.71355098 45.62940216
11.61132622 -0.73979199 45.26770020
12.10120583 -0.76870000 44.82627869
12.52986526 -0.77024102 44.32465363
11.51843262 -2.16434693 45.75302124
12.03826046 -2.26603293 45.38270950
12.54631996 -2.37190390 44.93925476
13.00222969 -2.45266700 44.44199371
11.46420002 -3.57475901 46.01358414
11.98922157 -3.74957108 45.64536285
12.51341915 -3.91997004 45.20520782
12.99332237 -4.06811905 44.71298218
10.94382095 -4.87710190 46.41254044
11.48479271 -5.17977524 46.07073975
12.01523781 -5.41745377 45.63597107
12.55888271 -5.61423111 45.06233215
10.01300240 -6.07966995 46.95681763
10.61637115 -6.39612579 46.62942505
11.15981674 -6.69698000 46.20603561
11.73450089 -6.95626593 45.60700989
8.82624817 -7.05847502 47.57952881
9.41311169 -7.43412018 47.30224609
9.94883919 -7.77860308 46.91238022
10.54881001 -8.12685585 46.31742859
7.38941193 -7.85295486 48.23950958
7.94565296 -8.28656197 48.03245926
8.47533512 -8.69563484 47.70011520
9.05498314 -9.08132553 47.13042450
5.77624178 -8.46996117 48.86309433
6.29171991 -8.94909859 48.75399017
6.78237200 -9.41056061 48.49986267
7.33549309 -9.85799026 47.97232819
4.03148794 -8.91576767 49.35873413
4.48261213 -9.43483925 49.36955261
4.91917086 -9.92987823 49.21479034
5.40220881 -10.42322922 48.75172424
2.20619988 -9.18091965 49.65241241
2.57499504 -9.73155403 49.79030609
2.92738104 -10.25080299 49.74537277
3.31023502 -10.77090836 49.36419678
0.36157900 -9.26452065 49.70552826
0.63167799 -9.83957100 49.96273804
0.88422900 -10.36999512 50.03083038
1.15825403 -10.89464760 49.73899078
-1.41666806 -9.13282585 49.57432556
-1.26906300 -9.74522400 49.90316010
-1.11995900 -10.28126907 50.05987930
-0.95932001 -10.78609657 49.85846329
-3.03245306 -8.75235558 49.38800812
-3.02870107 -9.40863228 49.72240448
-3.00714993 -9.95475197 49.90614319
-2.96889710 -10.43141365 49.74570847
-4.41091824 -8.12578773 49.21353912
-4.54904795 -8.84934807 49.52827454
-4.64688587 -9.39389229 49.67848587
-4.72435904 -9.85155487 49.49490356
-5.48199892 -7.27155685 49.09262085
-5.78282022 -8.03010654 49.36983871
-5.95756721 -8.60702133 49.47227478
-6.10932493 -9.05865288 49.23220062
-6.22980881 -6.16803408 49.13904190
-6.67676210 -6.94801712 49.31660461
-6.97434282 -7.58293200 49.35268402
-7.17164803 -8.05880356 49.04576111
-6.83225012 -4.81020403 49.30802536
-7.44337416 -5.62458801 49.43435669
-7.83731508 -6.29819679 49.39550400
-7.99388313 -6.80364609 48.93080521
-7.19208908 -3.32014108 49.62612152
-7.99733210 -4.08125687 49.66065598
-8.49871635 -4.76689482 49.47759247
-8.75906086 -5.26318598 48.96982574
-7.38593578 -1.73193395 50.01551056
-8.44952869 -2.34827995 49.97048950
-9.17245102 -2.96718192 49.62963486
-9.53470230 -3.46466398 48.94388962
-7.46437407 -0.15391900 50.40031052
-8.74848366 -0.54784000 50.27579498
-9.78654575 -0.98568201 49.81974411
-10.40334797 -1.41139996 48.95930481
-7.43048477 1.31422198 50.71820068
-8.93753147 1.18218803 50.46428680
-10.30089855 1.01972604 49.89288330
-11.24715900 0.79997402 49.00847626
-6.92896986 2.69442201 50.94087982
-8.65915298 2.78541899 50.56919861
-10.45841408 2.86954308 49.79582977
-11.86559296 2.90268493 48.83588028
-6.33158302 3.91907310 51.18625641
-8.09406090 4.25898409 50.80603027
-10.02026463 4.53754616 49.96707153
-11.69375801 4.74938583 48.87059021
-5.58865976 4.87251282 51.34140778
-7.27257586 5.45092392 51.08860016
-9.03257942 5.89018822 50.33773041
-10.54653168 6.15846777 49.21239471
-4.59287119 5.48813820 51.33898163
-6.07969379 6.21806479 51.20082092
-7.66211319 6.82331324 50.59143066
-8.97158718 7.18587494 49.53845596
