-0.56361502 0.36820701 0.42449901
-1.09614098 1.97806096 1.15114796
1.07754600 1.10377705 1.11862099
-1.71455896 3.62507510 3.45385790
0.54141098 2.90524912 2.61757302
2.60832691 1.77887595 3.09143901
-2.27033710 4.96761179 6.85638380
-0.20776001 4.40728807 5.43544579
-2.69638705 5.93354321 10.81077862
-0.95749700 5.50490093 9.11525917
0.90083802 4.76243687 8.22516632
1.84203899 3.50193906 5.12091017
3.66049194 2.21795011 6.07217979
2.69017005 3.72341490 8.40740585
4.34623194 2.43900990 9.53838062
-2.98257399 6.56697702 14.79045677
-1.57221496 6.23214483 13.11057663
-3.17345905 7.00407124 18.51053810
-1.99477899 6.70265198 16.93893433
-0.66596198 6.25108004 15.75984192
-3.28899693 7.41339922 21.91297150
-2.28524804 7.10655022 20.51237106
-3.37238312 7.83543491 24.69636917
-2.51304007 7.58707190 23.85179520
-1.49791503 7.26484013 22.99181175
-1.13786602 6.73535681 19.42471313
0.16143399 6.25655508 18.61909676
-0.37044799 6.96088696 22.20065689
0.99356598 6.40548086 21.65435982
3.33057904 3.70343709 11.96536446
4.98319101 2.61218309 12.98740864
2.38315105 4.74679279 14.90184021
4.03850222 3.79266405 15.34740734
5.68791008 2.84880209 16.26577187
1.60057902 5.61356878 18.18000603
3.15736198 4.87127399 18.19783020
2.54271603 5.73221779 21.32810593
4.19301796 4.94435883 21.27336884
4.81624222 4.02012110 18.51177216
6.45807314 3.08704305 19.36236382
5.83216619 4.04097700 21.49946213
7.21961212 3.20316696 21.88525963
0.80680799 5.62305689 15.00325775
1.68286002 4.80660677 11.48646355
0.03360100 5.65739489 11.90808487
-3.98184490 8.48798847 26.92398453
-2.95160389 8.41872692 26.95812607
-4.68117619 9.22008991 29.75419235
-3.53633404 9.23374176 29.93519592
-2.43521690 9.12043858 29.77657509
-5.41960812 9.90383244 32.78857422
-4.21945000 9.99835205 32.98500824
-6.12496090 10.44620705 35.93368149
-4.92048120 10.60184669 36.09529877
-3.75517011 10.53427124 36.08171463
-3.06077909 9.89660263 32.95230103
-1.87084603 9.61558247 32.68206787
-2.54797101 10.28105068 35.87003326
-1.22444606 9.88287163 35.53292084
-6.73572397 10.65617085 39.14173508
-5.55725002 10.95709610 39.29294968
-7.44290686 10.41943645 42.22572708
-6.20367813 11.04350376 42.41753387
-5.09746599 11.35561466 42.45093536
-8.14442253 9.65001869 44.82175827
-6.88417101 10.64576054 45.07987213
-8.44191456 8.61276817 46.53423309
-7.44666195 9.90676689 46.90435791
-6.31731081 10.94761086 47.12148666
-5.72355223 11.33909607 45.18305969
-4.49882793 11.69614887 45.15177155
-5.06148386 11.67019653 47.19796753
-3.67737699 12.00146103 47.14361954
-1.82856798 10.52922058 38.77073669
-0.44694000 10.08124733 38.41501617
-2.40807199 11.24597073 42.05511856
-0.99566501 10.85985374 41.75106049
0.59651297 10.29453182 41.38834000
-3.02675390 11.78262711 44.98212814
-1.54543900 11.49818325 44.74198151
-2.16767406 11.91634464 46.98038483
-0.54430401 11.47012424 46.75777817
0.06544600 10.97775269 44.45619965
1.81769001 10.23382759 44.13796616
1.20397902 10.70304108 46.52968597
3.04076505 9.58748817 45.92151642
-3.83632302 11.45258045 42.34018707
-3.16738796 10.88078785 39.10181046
-4.42203379 11.03433609 39.29939270
4.17668915 8.72363663 43.50918961
5.12978220 7.78054905 40.44092560
2.91783500 9.24556446 40.97508621
5.85666609 6.81589794 37.16147995
3.85593700 8.20264053 37.64221191
6.40594578 5.84576082 33.78443146
4.53887177 7.21128702 34.24353790
2.46891999 8.41718197 34.76898193
1.57627404 9.30202579 38.00286484
0.50801301 9.27599239 35.17268372
6.78721619 4.96720219 30.43861008
4.95634413 6.11232615 30.78683853
7.00102615 4.25966597 27.25239944
5.28945112 5.39971399 27.48086929
3.48054504 6.40445089 27.81071472
7.16887808 3.71552801 24.29050446
5.49808788 4.75625420 24.38637161
3.78771210 5.69688177 24.46915054
2.11888695 6.49117279 24.74297523
-0.45726201 9.07427502 32.27010727
0.10704300 8.14690113 28.78809357
-1.21938801 8.69346905 29.35107040
0.57371598 7.21335411 25.20259857
-0.76981002 7.74446297 25.80004501
-1.92169094 8.09731293 26.47281075
1.72772706 7.38130617 28.25469017
1.18617201 8.39848423 31.79569244
3.08763099 7.37277985 31.29288101
1.06357098 -0.87521100 0.99032402
3.08789611 -0.20460200 2.06465101
2.93203211 -2.38720107 2.53078890
4.52276802 0.42948601 4.44923496
5.40685987 0.90159303 7.61470699
6.21125078 -0.92857701 6.51774788
4.92915916 -1.65140295 3.98976111
4.64050198 -3.83733392 4.96382809
6.47708988 -2.98940206 6.59577799
6.04614401 -5.01779985 8.04205132
6.02677822 1.23464704 11.06861687
6.71724415 1.58252001 14.41664124
7.72620916 0.14196900 12.93348885
7.46336508 1.92932105 17.66205978
8.11023140 2.25971603 20.86172104
9.20822906 0.93601799 19.56761932
8.53281403 0.54520798 16.19900322
9.40156078 -0.99391699 15.15177536
10.19134903 -0.58003998 18.44306374
10.84711838 -2.16887593 17.82820129
7.76949501 -4.11186218 9.63981056
7.24822617 -5.95605087 11.41907692
8.97735405 -3.27552605 11.95420074
8.84532928 -5.04586792 12.98664665
8.32309341 -6.71471500 14.89634514
10.00896454 -2.65909004 14.69413185
10.09139538 -4.29619980 15.17089081
11.09333992 -3.74907207 17.91917038
10.97304344 -5.33962107 18.74195862
9.80054379 -5.85258818 16.42300415
9.30621624 -7.41073704 18.36714172
10.56066418 -6.77888489 19.94834137
10.00917053 -7.96402216 21.27194786
8.53497505 -1.46376097 11.98919678
7.65879202 -2.15290999 9.06098175
7.00019598 -0.32906100 9.64227104
8.49625397 2.56210804 23.90438652
8.59218407 3.07632089 26.95600510
9.94480705 1.78548300 26.42209625
8.45010471 3.76433396 30.13399506
8.11758041 4.61666393 33.41642761
9.68348694 3.29734206 33.06966019
9.92761803 2.46396494 29.76181984
11.17832661 1.06900704 29.29814339
11.06725693 1.89165401 32.68916702
12.22193146 0.35993400 32.33776093
7.59574413 5.61371517 36.69958878
6.85233307 6.58204603 39.93189621
8.44330788 5.27613211 39.47420120
5.94399405 7.45535517 42.87826157
4.82684422 8.26926231 45.19948196
6.44392920 6.84257698 44.54151917
7.51628304 6.09709692 42.33095932
9.03490162 4.64471388 41.79935074
7.94294405 5.35228491 43.91457748
9.34887695 3.81461906 43.34247208
11.96923923 1.26577306 35.57277298
13.03639221 -0.38023201 35.29496002
11.36314392 2.14677501 38.60532379
12.52128792 0.57143003 38.22893524
13.43672371 -1.19320905 38.01439285
10.44498444 2.98759699 41.30598450
11.69480324 1.41827404 40.86195755
10.63699436 2.26532888 42.85116959
11.73493958 0.70189703 42.47305298
12.68540001 -0.23127200 40.54309845
13.39501953 -1.98814595 40.45823669
12.55491447 -0.89644599 42.27603149
12.99495125 -2.52058005 42.31304169
9.97674561 3.73007393 39.03871536
10.68891144 2.77841592 35.95276260
9.20002270 4.25206804 36.32721329
13.68019104 -3.85261893 40.63713837
14.07654762 -5.14958811 38.32748795
14.05861282 -3.19273591 38.03633499
14.07011223 -6.25946903 35.76070404
14.18314171 -4.36616516 35.31816864
13.56671524 -7.03618908 32.87025070
13.85714340 -5.30023479 32.36172485
13.77825356 -3.34617400 32.13629913
13.87086582 -2.32103491 35.19067383
13.19023705 -1.41782403 32.12683868
12.73539543 -7.46634579 29.69631958
13.18290615 -5.91918087 29.09047127
11.79739380 -7.67513704 26.47056961
12.39490128 -6.25846577 25.72268867
12.60704994 -4.66852808 25.14148712
10.85566425 -7.81364298 23.52067947
11.54113293 -6.49162722 22.57745934
11.90040684 -5.00672913 21.72012520
11.88362408 -3.36255598 21.23409653
12.15833569 -0.50232399 28.89939308
11.82943344 -1.18238103 25.24264145
11.01550102 0.39153501 25.78481865
11.39637280 -1.70875895 21.47571182
10.63021278 -0.12403100 22.16567421
9.61097240 1.32400894 23.10364532
12.39633846 -2.89751101 24.94839668
12.87077236 -2.26651096 28.66879654
13.18321609 -4.15959501 28.72805023
-1.45506799 -1.24928999 1.09778702
0.30036700 -2.92353702 2.28180408
-2.61668301 -3.28119898 3.18388391
2.08216500 -4.50266695 4.43821192
3.66605592 -5.81323290 7.32179117
0.82757199 -6.40754509 7.53031206
-0.84375101 -4.97191477 4.96194077
-3.75398898 -5.35362816 6.39628601
-2.06206799 -6.82694721 8.56113911
-4.74501801 -7.20825577 10.18989182
5.08419514 -6.86773300 10.67654800
6.41635609 -7.68668222 14.18152714
3.95768309 -8.51395798 14.04644299
7.67927122 -8.31168175 17.69920349
8.79002762 -8.78312874 21.03960800
6.95403099 -9.73144436 20.91603851
5.50700283 -9.23760986 17.54240417
2.90430307 -9.95772552 17.65427971
4.63273001 -10.63111591 21.02937889
1.99955201 -11.33178616 21.33418274
-3.12913704 -8.38668633 12.50462532
-5.55604076 -8.71168900 14.02714634
-1.48186100 -9.44914913 15.19257164
-3.95880389 -9.72887039 16.25995445
-6.11151695 -9.86895180 17.68257141
0.20805299 -10.40409565 18.10547638
-2.35279799 -10.68984222 18.80658722
-0.67553198 -11.72532654 21.78944016
-3.13961697 -11.78092957 22.38356781
-4.68972921 -10.84367943 19.75926590
-6.56234312 -10.75310135 20.97951317
-5.21061707 -11.57938385 23.08854675
-6.65468693 -11.29342747 23.80218506
1.19058895 -9.06620979 14.39098167
-0.45658901 -8.03020954 11.32726192
2.37650394 -7.57075119 10.64710045
9.83386707 -8.97825146 24.10589981
10.86972332 -8.95034981 27.12221527
9.56265354 -10.11433315 27.55630302
11.91542435 -8.82141876 30.33494186
12.86581039 -8.50045490 33.50412750
11.79999256 -9.77943230 34.15070343
10.71791077 -10.01856995 30.87309265
9.18131065 -11.12693119 31.31094742
10.37647629 -10.88508034 34.72134399
8.55057526 -11.81560993 35.22354126
13.52986145 -7.83883286 36.36071396
13.70767021 -6.80909777 38.84860611
12.91251564 -8.22291565 39.53370667
13.45800400 -5.51998520 40.95301819
13.00204945 -4.09088087 42.59008789
12.62409592 -5.55349302 42.88747406
12.83664036 -6.95332098 41.52807999
11.81198120 -8.21207333 42.25421143
11.83563614 -6.82758284 43.46337128
10.65689754 -7.89490509 44.25604248
9.60115910 -11.27429771 38.46707916
7.50950193 -11.98083496 39.07167053
10.16710854 -10.42000580 41.17984009
8.32573223 -11.12964344 41.91282272
6.07024717 -11.59983540 42.60035706
10.39888763 -9.24800014 43.14638138
8.73801804 -10.04077053 44.00747681
9.17114353 -8.77825165 45.10877991
7.45214891 -9.41314697 45.97422028
6.81078720 -10.56747437 44.79874039
4.54897308 -10.85910797 45.46553421
5.54803991 -9.80769920 46.76689148
3.49522805 -9.92881775 47.42510223
11.71209908 -9.45960808 40.35443115
11.27206421 -10.37555599 37.81781006
12.58656788 -9.20926094 37.08264160
2.20161605 -10.70092583 45.89579010
0.78961098 -11.54505062 43.34478760
3.38699198 -11.68436432 43.12602234
-0.63029200 -12.36070347 40.08368683
2.02819204 -12.49449539 40.00929260
-1.94626606 -13.02658367 36.65826035
0.65025300 -13.17084980 36.51271820
3.51815295 -12.96238232 36.18978119
4.90441179 -12.32989407 39.65521622
6.25086021 -12.48128796 35.72949982
-3.18946600 -13.23684216 33.21845627
-0.77392399 -13.58642960 32.98049545
-4.47692680 -12.82481766 29.74123192
-2.28245091 -13.33557224 29.45777130
0.33847901 -13.37348270 28.99827194
-5.70536804 -12.01823902 26.40971565
-3.77996206 -12.54436874 26.04565430
-1.43173897 -12.71933937 25.54399109
1.22247601 -12.50803375 25.06410789
7.22996998 -12.12663460 31.68656158
5.75031090 -12.26450920 28.13860512
7.88590717 -11.23515129 27.86304474
3.92012095 -11.98938179 24.68832397
6.38789701 -11.10269642 24.43723488
8.38938141 -10.07981300 24.30284500
3.12593198 -12.99854946 28.50221252
4.80802393 -12.91507530 32.07253265
2.02656603 -13.44386578 32.54994965
-2.76276708 0.52257597 0.98443800
-4.21458197 -1.42686701 2.38716698
-5.30068207 0.53623998 2.84295201
-5.48121786 -3.60396099 5.00481892
-6.42032814 -5.73180723 8.48054886
-8.01830101 -3.90965199 7.53198624
-6.89395809 -1.63959599 4.59628916
-7.57436085 0.40156099 5.63280010
-9.11044407 -1.87914097 7.61533880
-9.43302441 0.21231700 9.01770592
-7.09943008 -7.53572512 12.31347847
-7.59270191 -8.87258816 16.05987740
-9.18504524 -7.63753319 14.82532501
-7.93770885 -9.87817287 19.58146095
-7.88237095 -10.59799290 22.91307449
-9.26500988 -9.60825157 22.05276108
-9.33741379 -8.75721359 18.46212578
-10.87918186 -7.36362982 17.65897179
-10.67735767 -8.33736229 21.37398911
-12.05038261 -6.76972580 20.90126038
-10.93204021 -2.00166702 11.03738403
-10.96940899 0.15109301 12.58493996
-11.89315128 -3.98688698 13.88043213
-12.30012512 -1.84011996 14.58589840
-12.13938808 0.33094600 16.12868690
-12.27491665 -5.57989883 17.23419762
-13.04309654 -3.53566408 17.39672852
-13.19829273 -4.91409016 20.69470596
-13.77198315 -2.83391094 20.90256882
-13.20677280 -1.36445403 18.15631294
-12.87442970 0.69026899 19.55293655
-13.78472233 -0.69813102 21.50506592
-13.37185860 1.05855703 22.28666878
-10.76242161 -5.98537111 13.99607372
-10.17201996 -4.10273600 10.55996704
-8.73810959 -6.00178289 11.08132362
-7.26245499 -11.17114067 26.28892136
-6.25558805 -11.89917564 29.70531273
-7.73222780 -10.71878147 29.37736130
-5.11034012 -12.43602467 33.18846893
-3.99393010 -12.45596409 36.61177444
-5.55617380 -11.55704117 36.37860870
-6.65354681 -11.33054256 32.90943146
-8.03779793 -10.05814648 32.51961517
-6.92126608 -10.49443913 36.00582504
-8.14116096 -9.26449490 35.62574768
-2.83052206 -11.97898197 39.98564148
-1.41455805 -11.19888687 43.34197617
-3.19288301 -10.66811562 43.22270966
0.02935300 -10.46252441 46.11798096
1.47727501 -9.77737045 47.87033844
-0.34852999 -9.42479706 48.04158020
-1.79434705 -9.99684143 46.10070419
-3.39424396 -9.37676811 45.91360474
-1.99211299 -8.90683937 47.99617004
-3.44425392 -8.28899956 47.77173615
-7.03758907 -9.48761940 39.08491516
-8.07337570 -8.27705002 38.78958130
-5.90829086 -9.19136047 42.53529739
-6.96187210 -8.20928955 42.21611023
-7.92430496 -6.95502090 41.99568176
-4.70115089 -8.69212723 45.58178711
-5.84305477 -7.86072016 45.27476501
-4.65353394 -7.59666395 47.45498657
-5.69611311 -6.78112793 47.16799545
-6.81544113 -6.85653305 45.02045441
-7.71918678 -5.52387381 44.80751801
-6.60405588 -5.76907015 46.86293793
-7.45412111 -4.46625519 46.68167877
-4.63435316 -9.97915077 42.91358185
-5.82354498 -10.45414066 39.48647308
-4.43496323 -11.28804302 39.82516861
-8.73210621 -3.92835808 44.57885742
-10.07274818 -3.48502898 41.50486755
-9.10174847 -5.25766802 41.79103851
-11.31977654 -2.91198301 38.11727524
-10.47404671 -4.81347704 38.37290573
-12.36618805 -2.23066902 34.57292938
-11.63218307 -4.24967623 34.77098083
-10.59973335 -6.11574078 35.02328110
-9.28323174 -6.68282509 38.58961868
-9.37221336 -7.82906389 35.28438950
-13.09895134 -1.48554301 31.04453659
-12.59093857 -3.62187505 31.12653351
-13.57894135 -0.61606300 27.65418625
-13.39700985 -2.74307799 27.60729027
-12.79980469 -4.81133699 27.67740059
-13.69175053 0.29707900 24.59465027
-13.84116745 -1.77167201 24.33379555
-13.58403778 -3.88705897 24.16166687
-12.73348427 -5.85734415 24.24604416
-9.36677456 -8.67292023 32.12152863
-10.46283531 -8.09555721 28.42063141
-9.12757301 -9.45124626 28.90778351
-11.37480545 -7.54351091 24.63252831
-10.01174545 -8.95981979 25.13769913
-8.61579132 -10.14019966 25.75008583
-11.78525829 -6.58927679 27.95995331
-10.64108944 -7.19358301 31.69614601
-11.79277515 -5.52810097 31.34391403
-3.47834206 2.33206797 2.48883009
-5.74747801 2.40767193 4.87403679
-7.66705322 2.30743790 7.99725199
-5.84934616 4.00918007 8.02754688
-3.91140795 3.93918610 5.34792185
-4.13693094 5.21004677 9.04388046
-9.28913784 2.18182993 11.51082802
-10.67032242 2.18377209 15.01747704
-8.99031925 3.89772892 14.64100170
-11.66547489 2.31125998 18.49380684
-12.47110367 2.46483397 21.73141861
-11.29002666 3.97718596 21.35414124
-10.24335957 3.92597103 18.00827026
-8.64155579 5.27140713 18.06015015
-9.86383820 5.31032991 21.32130432
-8.29932404 6.35530996 21.58743286
-4.26091194 6.13566780 13.07350731
-5.71297884 6.23303413 15.70392895
-4.30607605 6.75146389 16.93045998
-7.08119488 6.28277206 18.54556084
-5.59542704 6.90656900 19.38451004
-6.78777885 7.07102394 22.15612602
-5.41599512 7.51764393 22.94586945
-4.32890701 7.24572706 20.50087929
-4.26389885 7.76220703 23.83476639
-7.30011892 5.29229307 14.90065193
-5.79744387 5.30048704 11.83058167
-7.51238012 3.95527196 11.26274872
-13.16679573 2.17138004 24.62050629
-13.38492584 1.44817603 27.68956947
-12.79013062 3.33802390 27.64746284
-13.20119953 0.61620498 31.01512718
-12.66542625 -0.19224501 34.47386932
-12.65988445 1.87215400 34.43076706
-12.94117069 2.64187193 30.97930527
-12.24609947 4.49048996 31.00845528
-12.29660606 3.83505106 34.43731689
-11.51186466 5.62041378 34.56964111
-11.87937546 -0.94082999 37.93170166
-10.72569466 -1.68431997 41.29471588
-11.18613625 0.10405500 41.10649490
-9.45732498 -2.33228302 44.23440552
-8.13754654 -3.10489297 46.34588623
-8.69656754 -1.66017199 46.03360367
-9.97479630 -0.74358898 43.97528839
-10.33960724 1.03681803 43.79934692
-9.13870811 -0.08009500 45.78366852
-9.49662971 1.70899796 45.62331009
-11.58983707 4.93900108 37.88685608
-10.70951366 6.58070993 38.13124466
-11.19413757 4.01548386 41.03937149
-10.70773125 5.75534201 41.20956039
-9.78685379 7.33547211 41.52503204
-10.41581440 2.91210890 43.73822403
-10.28210258 4.76875687 43.85824585
-9.67064857 3.55942512 45.59456635
-9.58854103 5.41273117 45.81943130
-9.82541275 6.46614790 44.10539246
-8.88092613 7.94044113 44.42613983
-9.18929482 7.08916521 46.12524414
-11.28829956 2.03490305 41.01641464
-11.99886894 3.04625297 37.82255173
-12.07511711 1.00952697 37.83984375
-8.68877506 9.02061462 41.91652679
-8.09809875 9.73581409 38.87378311
-7.46535301 9.86916161 35.64670181
-8.91711044 8.77644730 35.26913834
-9.49305725 8.26877785 38.51105499
-10.32629204 7.31402588 34.87533188
-6.72775412 9.53754139 32.45870972
-5.93796206 8.95394707 29.33541489
-7.35631084 8.46693039 28.81233215
-5.11058187 8.30067825 26.41112900
-6.44327497 7.95544004 25.73715782
-7.92883015 7.38646889 25.11780930
-11.10929871 6.17023706 31.21563148
-10.33612537 6.45201492 27.93587303
-11.72885513 5.03484106 27.70293808
-9.37984753 6.47460413 24.71409607
-10.85067940 5.29811287 24.50399399
-12.13457775 3.83723593 24.51192093
-8.85657597 7.63891077 28.31126022
-9.68983555 7.65098095 31.57996368
-8.18978405 8.82044983 32.02810669
0.33964700 1.12058103 47.38201141
-0.90284002 3.34127402 47.75252151
-1.07844198 3.08187103 47.76511002
-1.50931799 4.43234777 47.91104507
-1.74570298 4.00830698 47.90464783
-2.09745502 5.53440714 48.10720825
-2.39138889 4.94654083 48.07415009
-2.65277195 6.58293486 48.30778503
-3.00294900 5.84359217 48.24231339
-3.28794098 7.57347488 48.50357819
-3.70636702 6.69694710 48.39666367
-0.69792300 3.56777596 47.72927094
-1.22428703 4.80731010 47.90452576
-1.73756194 6.05018187 48.12211990
-2.22173905 7.22510004 48.34804916
-2.76971889 8.31592846 48.57540894
-0.45927799 3.75016594 47.69413757
-0.88189697 5.11288309 47.88153839
-1.30067098 6.46381378 48.11138153
-1.69669795 7.72610283 48.34992981
-2.13924694 8.88571739 48.59831238
-0.18166400 3.87622499 47.64617157
-0.47293100 5.32570314 47.83672714
-0.76827800 6.73960686 48.06440735
-1.05408597 8.03702545 48.29780579
-1.37216794 9.22391129 48.55153275
0.13544300 3.93578100 47.58457947
-0.00182900 5.43044996 47.76504517
-0.14174899 6.84658813 47.97133255
-0.28051901 8.11734581 48.17654037
-0.44766599 9.25050735 48.40610504
0.47240201 3.93421006 47.51645660
0.52082902 5.45461798 47.67388535
0.55553901 6.82472420 47.83272552
0.61931700 7.94410515 47.97063065
0.63411599 8.95975876 48.14520264
0.81527197 3.87220597 47.44855499
1.11203098 5.30743217 47.53371429
1.39753902 6.51599503 47.60093689
1.63750505 7.54318810 47.66857529
1.84362400 8.40760040 47.76100540
1.22940195 3.69854689 47.33825302
1.77432799 4.99092722 47.33844757
2.30781603 6.01538992 47.29856873
2.78206396 6.84211922 47.26779938
3.19444609 7.52128792 47.26970673
1.67309999 3.43040109 47.20837784
2.48696709 4.52267313 47.11436081
3.26968908 5.33654213 46.96463013
3.97278094 5.95333719 46.81346130
4.60551786 6.40381098 46.75608444
2.12491012 3.07602906 47.08526611
3.20699310 3.92994690 46.88969040
4.24704885 4.51029778 46.66933823
5.16401815 4.92333603 46.40402222
5.94205999 5.18646002 46.20104218
2.55537891 2.65580010 46.97010803
3.89269710 3.24052596 46.72516632
5.14871502 3.61596107 46.37387848
6.25234699 3.83811212 46.01152802
7.14468384 3.92449188 45.70999146
2.94155312 2.18062401 46.87197876
4.49189711 2.51417494 46.55468750
5.94171095 2.67686510 46.13730621
7.20727396 2.72633600 45.69857025
8.21959209 2.65615511 45.33172607
3.29639006 1.64693296 46.84560776
4.98628616 1.74783099 46.43666840
6.59768915 1.71119297 45.96922302
8.01733017 1.59615302 45.49892044
9.14674759 1.40637600 45.08571625
3.52900290 1.11315501 46.82607269
5.35009623 0.96194500 46.38628387
7.09460592 0.72860497 45.88375092
8.65557861 0.46175599 45.39789581
9.89445019 0.15262200 44.96411133
3.64576602 0.57770699 46.82984161
5.55108500 0.18605401 46.38846588
7.41752386 -0.25417101 45.88412476
9.09162331 -0.66639900 45.39126968
10.40272427 -1.07508504 44.95455170
3.64490700 0.05777400 46.87285614
5.59140491 -0.57789999 46.45206070
7.48927212 -1.20387602 45.97715759
9.21503353 -1.76792896 45.51219940
10.56725311 -2.28237009 45.09066391
3.51469111 -0.40099701 46.95801544
5.43203783 -1.28420305 46.57675552
7.30802298 -2.09954810 46.16200256
9.00880146 -2.82227898 45.75768280
10.34924126 -3.44821191 45.37963867
3.27844310 -0.84753001 47.06473923
5.08877611 -1.91761196 46.75950623
6.87656116 -2.89316607 46.42740631
8.50459862 -3.76434708 46.11030579
9.71847153 -4.51506615 45.82077026
2.94297910 -1.21751201 47.19594574
4.58204699 -2.45881295 46.98659515
6.20360708 -3.59025788 46.77247620
7.69694424 -4.59142303 46.57110977
8.86433125 -5.42478895 46.36138153
2.52288198 -1.51289594 47.33547974
3.93888307 -2.88994789 47.23335266
5.33692598 -4.14168692 47.15251160
6.57241917 -5.26353788 47.10235596
7.57473278 -6.16689301 46.98625946
2.03830600 -1.72554195 47.44252014
3.19229293 -3.19796395 47.47200012
4.30832005 -4.56137323 47.54241943
5.34647179 -5.73398781 47.60268402
6.16886902 -6.68096495 47.61248779
1.51887703 -1.84978104 47.46209717
2.38473201 -3.37986803 47.65902328
3.22459602 -4.78381681 47.85520935
4.01125813 -5.99988890 48.04183197
4.64682102 -6.97061920 48.18102646
1.01909006 -1.91094601 47.53164291
1.56699705 -3.44068694 47.78240204
2.11760902 -4.84520483 48.07220459
2.65185094 -6.06939077 48.36560059
3.05943608 -7.03648806 48.62248230
0.52873200 -1.90062702 47.58776855
0.79527998 -3.37664795 47.81704712
1.05840504 -4.77330208 48.16178894
1.32391202 -5.97235489 48.52444077
1.53947103 -6.91118002 48.87256241
0.05187200 -1.80282795 47.60105896
0.06998200 -3.24546409 47.82405853
0.08991600 -4.59038877 48.15164948
0.10966300 -5.74594498 48.52423859
0.13576300 -6.63766098 48.91496277
-0.37554699 -1.63080204 47.59386444
-0.58450699 -3.01587296 47.79864502
-0.78833401 -4.28356218 48.07933044
-0.97565800 -5.40270376 48.41968536
-1.11243999 -6.25286102 48.80565643
-0.73331898 -1.39769197 47.57868195
-1.11925602 -2.70431900 47.74199295
-1.51201701 -3.91710496 47.97059250
-1.89585996 -4.95624018 48.25202179
-2.18196607 -5.79680109 48.59980011
-1.02163100 -1.11195004 47.56539917
-1.55507195 -2.32709694 47.68299866
-2.08213806 -3.46505404 47.84433365
-2.59600306 -4.46188688 48.04585266
-3.01048493 -5.27016401 48.32680130
-1.24325395 -0.78041500 47.56108856
-1.89059198 -1.88322997 47.63344574
-2.56232190 -2.91944504 47.72133636
-3.11548495 -3.86175203 47.84652710
-3.62714911 -4.67596817 48.02846909
-1.40556800 -0.41657400 47.56939316
-2.13335705 -1.38014996 47.60350800
-2.86509490 -2.30715609 47.63544846
-3.54530311 -3.19074798 47.65879059
-4.08857298 -3.91315794 47.77661896
-1.51616204 -0.03340000 47.58819962
-2.30896902 -0.83948302 47.59936523
-3.02789807 -1.63019001 47.59213257
-3.73309898 -2.37889910 47.58077240
-4.37619877 -3.08291197 47.60572433
-1.58017302 0.38399100 47.61141205
-2.41381311 -0.26933900 47.61385345
-3.15507793 -0.89760798 47.59159470
-3.87800694 -1.51224899 47.55287170
-4.56636906 -2.12120795 47.52939606
-1.60251606 0.77741998 47.64359283
-2.46151400 0.30888700 47.64477158
-3.21206188 -0.12906501 47.62135696
-3.95358300 -0.57784700 47.58116531
-4.70020580 -1.04935503 47.53700256
-1.59252000 1.15619099 47.67755508
-2.46201897 0.92141300 47.69249725
-3.21859908 0.64705497 47.67819977
-3.95991707 0.38654900 47.64344406
-4.79932404 0.07655300 47.60483551
-1.54989803 1.50643301 47.69932938
-2.42268109 1.49279797 47.74323273
-3.17526388 1.45597804 47.75483704
-3.92440891 1.39350295 47.73717499
-4.82556820 1.26776302 47.69293594
-1.49465299 1.85000598 47.72377014
-2.34684992 2.03233004 47.78273010
-3.08266807 2.20453310 47.82764816
-3.82925391 2.35790396 47.85240173
-4.70536280 2.45379591 47.81760406
-1.42229402 2.18294907 47.74492645
-2.25305510 2.56538200 47.82664108
-2.96291590 2.93431997 47.90153503
-3.68950200 3.28465295 47.95991135
-4.57380295 3.60693407 47.96963882
-1.33145595 2.50025606 47.76001740
-2.13594007 3.07988191 47.86585617
-2.81050611 3.64211988 47.96963501
-3.50483990 4.18256998 48.06588364
-4.34080315 4.70232821 48.12714767
-1.21797705 2.80097008 47.76736450
-1.93603003 3.55315399 47.88686752
-2.62327290 4.31331110 48.02750397
-3.27750397 5.03825188 48.16007233
-4.04006577 5.72521591 48.26757431
-3.95083904 8.41739273 48.65680695
-4.46098185 7.46002579 48.50268555
-4.88620377 9.16239929 48.77243805
-5.47728109 8.08567047 48.55674744
-5.87031984 9.59631157 48.65953064
-6.57453394 8.43175125 48.40443039
-6.74525499 9.78597069 48.12973404
-7.55581617 8.57394600 47.84269333
-3.32294297 9.19490147 48.75687027
-4.15401793 10.03017616 48.90561676
-5.00908184 10.54390717 48.80938339
-5.75155401 10.79130936 48.28862381
-2.57766199 9.75897408 48.78604889
-3.26808691 10.63007545 48.93395615
-3.97243094 11.19880867 48.83140945
-4.58133984 11.49850273 48.31676483
-1.69680202 10.05017853 48.72253799
-2.22551608 10.89917183 48.84163666
-2.77478194 11.48942184 48.72484207
-3.26142502 11.81713867 48.21824646
-0.66622102 10.00054741 48.54498672
-1.02815199 10.79353333 48.62388229
-1.42649198 11.37924767 48.49003601
-1.79854703 11.72338295 48.01465607
0.52010900 9.60259438 48.23952103
0.31068301 10.32894516 48.27956772
0.05345800 10.89726353 48.13135147
-0.21528400 11.26228046 47.68915558
1.82371998 8.91849518 47.81188202
1.74213898 9.56905746 47.82759476
1.60989106 10.11922646 47.67134476
1.45964003 10.49157906 47.25399780
3.27224708 7.94684792 47.25779343
3.31887293 8.49577332 47.20989990
3.30057502 8.99886131 47.03243256
3.23464608 9.37098312 46.62663269
4.78671694 6.77666998 46.68296051
4.93306303 7.22344589 46.57070923
4.99644613 7.66367912 46.36535263
4.97947121 8.02220726 45.98685074
6.19809484 5.49640799 46.06855774
6.40324306 5.86163092 45.91022491
6.53528500 6.23903704 45.67164230
6.57219219 6.56485224 45.30235291
7.47090101 4.17933321 45.50608826
7.72993803 4.46331978 45.31105423
7.92692804 4.77076483 45.03294754
8.02581024 5.05658722 44.65029907
8.61635494 2.85156608 45.06869507
8.91958523 3.06211710 44.82455063
9.17951107 3.29476905 44.51295090
9.34132004 3.52634406 44.09183121
9.63086510 1.53888702 44.78528214
9.96780586 1.66966605 44.46666336
10.29025269 1.82251704 44.12054062
10.51859665 1.99456596 43.64908600
10.48149490 0.22857700 44.61699677
10.86997032 0.28296301 44.25929642
11.22280693 0.34426901 43.82726669
11.52650928 0.44448999 43.33012009
11.03746033 -1.07217598 44.59391785
11.47490120 -1.08721697 44.20429993
11.87793159 -1.10980797 43.73998260
12.23378754 -1.08920097 43.18885040
11.24951458 -2.36394310 44.72680283
11.72146034 -2.44749999 44.31941986
12.16993237 -2.53599191 43.84416199
12.57231617 -2.58870292 43.28315735
11.06811523 -3.61503601 45.02510834
11.55962086 -3.77368903 44.61447906
12.03488541 -3.92320991 44.13395309
12.47499275 -4.04484606 43.56307983
10.48434544 -4.76907921 45.48362732
10.99353886 -5.04667902 45.09741974
11.47999573 -5.26340723 44.62140656
11.98095894 -5.43762398 43.98212051
9.53685093 -5.78443480 46.08316040
10.08768463 -6.11099195 45.72641754
10.58495522 -6.40026283 45.26834869
11.11442947 -6.64378881 44.61370468
8.32331085 -6.59555817 46.76648712
8.85278702 -6.97295189 46.46400833
9.34434414 -7.31432486 46.04942322
9.89347267 -7.63975000 45.42541504
6.85807705 -7.18597603 47.48070526
7.35773516 -7.63457108 47.24564362
7.83837700 -8.05026436 46.88915253
8.38440132 -8.42158699 46.29428864
5.23395109 -7.54651308 48.15499115
5.69694519 -8.06671715 48.00625610
6.14324284 -8.54931831 47.71909332
6.66274214 -8.99169254 47.15811920
3.55209088 -7.68299723 48.70381927
3.95482993 -8.26158333 48.65703964
4.35372686 -8.80707645 48.45631409
4.80962086 -9.31109810 47.94458008
1.90485799 -7.59618378 49.05812836
2.21979499 -8.20770645 49.11125183
2.54305410 -8.80091667 48.99904633
2.91045499 -9.36341953 48.56021118
0.35019600 -7.33594894 49.17375183
0.56522000 -7.95163202 49.31924820
0.79591000 -8.56126785 49.28569794
1.06660295 -9.15629005 48.91769791
-1.05166900 -6.95502090 49.08181000
-0.94717002 -7.56354713 49.29656219
-0.80855101 -8.17590046 49.32296753
-0.63645601 -8.78014374 49.00819016
-2.26188111 -6.48763990 48.86948395
-2.26940894 -7.07456398 49.12396240
-2.23897600 -7.67654610 49.18618393
-2.17176509 -8.27735710 48.89427185
-3.26521492 -5.94923401 48.58200073
-3.38837910 -6.52924490 48.87606049
-3.45280099 -7.09325981 48.94591522
-3.49782300 -7.68198013 48.65456772
-4.01631689 -5.31187201 48.24610519
-4.27044916 -5.86958504 48.56535339
-4.45078993 -6.42715311 48.67036438
-4.60634613 -6.99472189 48.38499451
-4.52988386 -4.56176805 47.96551132
-4.92413282 -5.08263016 48.25730133
-5.26373482 -5.62757492 48.37759018
-5.53398991 -6.18436623 48.09421539
-4.95932722 -3.65430307 47.73287964
-5.49512911 -4.17381716 48.01220703
-5.99997091 -4.67596102 48.13367462
-6.37506294 -5.17136002 47.81472015
-5.25738287 -2.61705399 47.60774231
-5.91164780 -3.11155105 47.81439209
-6.56851006 -3.57950592 47.87964630
-7.15353489 -3.97497201 47.60763931
-5.49031591 -1.44681704 47.56430817
-6.27330399 -1.89479101 47.68553925
-7.07191706 -2.31004691 47.67146301
-7.77746677 -2.65118790 47.33773041
-5.70050907 -0.19098300 47.57894897
-6.54196978 -0.56547499 47.59284592
-7.44153595 -0.89889699 47.53985596
-8.26028347 -1.19326603 47.12208557
-5.63422012 1.06615996 47.59003830
-6.70186186 0.84235603 47.53962708
-7.74838114 0.59967399 47.34853363
-8.58871365 0.38154399 46.84935379
-5.69125414 2.47863007 47.64896011
-6.85945082 2.47158599 47.65116882
-8.02291679 2.34713888 47.38986206
-8.86344814 2.08539391 46.80908585
-5.57432413 3.88488007 47.84407043
-6.74607706 4.05004311 47.83475494
-7.89351416 3.97808504 47.50952911
-8.81664658 3.78709197 46.83474731
-5.24258900 5.15033913 48.07155609
-6.37056303 5.42083502 48.00060272
-7.52932310 5.51424599 47.67343140
-8.57789230 5.51528215 47.02995300
-4.89783621 6.37610817 48.31587601
-6.01898909 6.86084223 48.28697968
-7.16322994 7.09038019 48.06836700
-8.17198944 7.14874983 47.47012329
