-2.00344205 1.25317705 2.92783999
-2.60474205 2.25971389 3.98868299
-0.78264701 1.50176501 3.07958102
-3.24196005 3.10519600 6.23280811
-1.32070994 2.49978995 4.93684578
0.58681500 1.67634404 4.34974813
-3.75872898 3.66018105 9.26060009
-1.93824506 3.18999696 7.74164581
-4.11003923 4.00804615 12.74649811
-2.50226688 3.63522005 11.14040947
-0.74554700 3.15435290 10.01622009
-0.04576300 2.56743193 6.80217791
1.79190600 1.80087495 6.61084890
1.03989601 2.59548593 9.41549873
2.75793910 1.87882400 9.48061466
-4.31760883 4.32060480 16.36342049
-2.95705605 3.98501110 14.80595398
-4.39274597 4.68947220 19.86414146
-3.30503297 4.38890409 18.43196106
-1.99729300 4.05146217 17.30514336
-4.31411982 5.10184717 23.04334641
-3.49009395 4.85513306 21.80037689
-4.14929819 5.33766794 25.64239883
-3.56080794 5.25873709 24.81630325
-2.70073009 5.02922392 24.02628136
-2.42234111 4.55585098 20.78491211
-1.14465106 4.18402195 19.89211273
-1.62307203 4.69836712 23.23263931
-0.33292899 4.23574495 22.45535851
1.93062794 2.61704206 12.37408924
3.51793790 1.86061895 12.51974583
1.08633399 3.17886400 15.67682552
2.67005491 2.55706501 15.29914284
4.14276886 1.81745899 15.40118408
0.30037299 3.72094297 19.07605362
1.83180904 3.14795589 18.42923927
1.12053299 3.64652205 21.69393539
2.62621498 2.95112205 21.02859497
3.33307600 2.46221900 18.02292061
4.67046595 1.68641901 18.09043121
4.02061081 2.15431190 20.63671875
5.07634211 1.41484702 20.36252594
-0.51156801 3.67595100 16.39379501
0.25615400 3.16497588 12.80020046
-1.40402603 3.59502292 13.63367653
-4.34356499 5.58569717 27.61574554
-3.56773210 5.42909908 27.60041237
-4.56194878 6.00756407 30.17011261
-3.65815806 5.77247095 30.27095795
-2.84312201 5.44557905 30.06332016
-4.77543402 6.55302477 33.00413895
-3.77477908 6.30373716 33.15179825
-4.97325993 7.14425993 35.99615860
-3.90873504 6.93692780 36.15490341
-3.00324798 6.55730486 36.13687897
-2.91461396 5.90850019 33.06196213
-2.08415389 5.40162897 32.73561478
-2.18775511 6.03572607 35.91142273
-1.36751604 5.46585417 35.49026108
-5.17396402 7.57732487 39.00567245
-4.05893087 7.53293896 39.15132141
-5.49978685 7.78822279 41.87254715
-4.31631422 7.94680214 42.00378036
-3.29199409 7.76615286 42.02260590
-5.98987722 7.67645311 44.40490723
-4.73561478 8.07857323 44.51394272
-6.49856091 7.17460108 46.45317078
-5.25999022 7.80029297 46.52385712
-4.08489609 8.05954361 46.52368164
-3.62197399 8.10197067 44.53551865
-2.64795709 7.85777998 44.47219849
-3.02846408 8.02605629 46.46598816
-2.11699200 7.74383879 46.31504440
-1.51707995 6.18475294 38.69421387
-0.68711400 5.54735422 38.20061874
-1.64039099 6.84951591 41.69258881
-0.86504400 6.23730993 41.31156158
0.00119300 5.54214907 40.75620270
-1.82754397 7.39084816 44.28544617
-1.04803705 6.80653620 43.99192429
-1.32457805 7.24949121 46.05012512
-0.58880299 6.67662001 45.71480560
-0.26975399 6.16887093 43.57147598
0.64084601 5.45464516 42.98841095
0.18762200 6.05022383 45.25448608
1.12742901 5.36716080 44.56158829
-2.41596699 7.37087822 41.93802643
-2.28735495 6.74546719 39.02565765
-3.10731101 7.20429707 39.16878891
1.80248499 4.73845482 42.14452744
2.44128990 4.01820612 39.12676239
1.09567702 4.80429983 39.99828720
2.99852896 3.30512094 35.88478851
1.58691895 4.14134598 36.72663879
3.50558591 2.70641494 32.60800171
2.07245994 3.56930995 33.44449997
0.70624202 4.34713697 34.21195221
0.31565800 4.89171505 37.49982452
-0.44262099 4.95257282 34.90593719
3.98075390 2.24602604 29.31053543
2.56324506 3.15207005 30.17440414
4.39430523 1.90712094 25.99691391
3.02749801 2.82336903 26.86314201
1.56722701 3.65763688 27.64122009
4.77933121 1.63772500 22.85080338
3.48701906 2.51479411 23.59661674
2.04116297 3.32771707 24.34342575
0.56837302 4.03731680 25.09513092
-1.20091701 4.95841789 32.22809601
-1.03760898 4.73626614 29.02678108
-2.00556207 5.08746910 29.61308861
-0.77947599 4.55583620 25.84161758
-1.90560901 4.96485710 26.53132248
-2.81454492 5.24939013 27.15404510
0.15568000 4.32522678 28.35852623
-0.16504601 4.55666780 31.61230469
1.12381494 3.97401190 30.92651749
-0.58273298 0.20027800 2.66773009
1.04074097 0.45586801 3.05624700
1.15046203 -1.08039904 3.35218811
2.42130303 0.69227302 4.70495605
3.51276588 0.89010602 7.27530718
4.08125591 -0.35529801 6.11085606
2.81126189 -0.71289599 4.15065908
2.84752393 -2.30018091 5.16006517
4.36765194 -1.78825104 6.28236914
4.31022882 -3.30619693 7.72946310
4.33730221 0.97986698 10.32148933
4.98176384 0.99344599 13.30654430
5.71799994 0.03285000 11.81298447
5.49530792 0.93505698 16.17701340
5.86307001 0.84021199 18.96628571
6.73267412 -0.07705400 17.66891861
6.28525114 0.02634000 14.72667217
6.90329790 -0.98088199 13.80777454
7.45868301 -1.07638502 16.73324966
7.95511913 -2.11121798 16.17847061
5.63180494 -2.71015811 8.99046803
5.45066690 -4.15455723 10.57874489
6.54689693 -2.31958604 11.05816841
6.53851700 -3.59564495 11.82578659
6.33383322 -4.90695810 13.25879860
7.29205513 -2.11717606 13.48268127
7.38546801 -3.27045107 13.70286655
8.15919685 -3.19839406 16.07326508
8.12253857 -4.29764891 16.35702515
7.29830694 -4.44251108 14.48983765
7.05519485 -5.67148876 15.76523781
7.90563297 -5.39002609 16.98903656
7.60766220 -6.41492319 17.86268234
6.26231813 -1.07251406 11.02861595
5.47474718 -1.34270704 8.37771797
5.01959610 -0.07381700 8.83548546
5.88876200 0.70013100 21.87979126
5.67379713 0.93722200 25.02364349
6.83563185 -0.09682500 23.95006752
5.33823299 1.30923402 28.35116005
4.93315601 1.80870700 31.69005966
6.30496693 0.87972498 30.72535706
6.60457087 0.32807699 27.33414078
7.76725101 -0.71474701 26.34873962
7.58299494 -0.09942200 29.77995872
8.72382832 -1.19481504 28.95122719
4.48033714 2.46839404 34.99519348
3.91534400 3.23589897 38.24239349
5.45493889 2.43733907 37.29724884
3.19995999 4.00690079 41.25345230
2.30908704 4.69676399 43.71386337
3.73816609 4.03963709 42.76473236
4.74229097 3.28711891 40.28800964
6.35380077 2.46954298 39.28118515
5.34459877 3.32906008 41.73222351
6.99317598 2.48489809 40.69363785
8.61936569 -0.35062501 32.28997803
9.67440605 -1.53462899 31.63642120
8.40863514 0.58135700 35.45326996
9.59578705 -0.52534699 34.73024750
10.51788807 -1.83181703 34.23403931
7.93089104 1.55124295 38.30885315
9.27015400 0.49740800 37.48630142
8.51142216 1.50308800 39.75802231
9.76406860 0.35341999 39.00527954
10.34844398 -0.74218202 36.87786865
11.08009338 -2.01929498 36.58186340
10.68087578 -0.94605303 38.50549698
11.14972878 -2.27202606 38.26358032
6.98775578 1.55197704 36.34239197
7.34659290 0.66139400 33.13111496
5.94408512 1.59364796 34.06195068
11.49526691 -3.51244211 36.46487427
11.49552155 -4.76350689 33.99414062
11.27063084 -3.27048993 34.02872467
11.30389786 -5.85050297 31.17031860
11.14987087 -4.40991116 31.07186699
10.88212395 -6.62106895 28.12733459
10.87956524 -5.28055477 27.91042328
10.53556347 -3.88525295 27.96975708
10.66243935 -2.96632409 31.22887039
9.80506516 -2.52883101 28.31699944
10.23017120 -6.97210312 25.06439590
10.39972305 -5.74681807 24.70909500
9.37841702 -6.93264723 22.17195511
9.66011429 -5.76313305 21.71803665
9.69479084 -4.58760405 21.53015137
8.43029499 -6.66041517 19.65440941
8.78194714 -5.54971981 19.07584000
8.94167995 -4.43099117 18.74217415
8.85910416 -3.30920696 18.71054077
8.82055664 -1.90308201 25.50690079
8.74667454 -2.21642303 22.13141251
7.87397909 -1.12944996 22.93024445
8.43890476 -2.20628691 19.02457619
7.76710701 -1.16836298 19.72208786
6.88921404 -0.17370500 20.69212151
9.39400291 -3.38347697 21.65583038
9.70445156 -3.16181397 24.89639854
10.24319458 -4.46675777 24.63645554
-2.44320107 0.15876900 3.41400003
-0.90682697 -1.31092000 3.75755906
-3.12965989 -1.39111400 5.05381489
0.81882298 -2.73020601 5.13760519
2.48778105 -3.91946697 7.40605402
0.18655400 -4.40643978 7.95876217
-1.54461598 -3.00237393 6.02689505
-3.91420293 -3.11064506 7.72448778
-2.30985999 -4.68200684 9.18122387
-4.64604521 -4.75569010 11.02655029
3.91631794 -4.88779211 10.17895889
5.07653904 -5.66428709 12.85652924
3.33380008 -6.48853493 13.10253429
6.04732418 -6.35973406 15.40501881
6.83468914 -7.09074402 17.83036613
5.67927694 -7.96127605 18.17203903
4.62611103 -7.28201103 15.69608688
2.72034097 -8.12644577 16.35833359
4.06590986 -8.91597557 18.87848282
2.00879002 -9.71444416 19.75918388
-3.05722690 -6.25306320 12.75267029
-5.24480486 -6.22328901 14.51519012
-1.29507303 -7.61815882 14.95188713
-3.65299010 -7.70902777 16.24207687
-5.73093224 -7.53085184 17.84262085
0.42129201 -8.71981335 17.25773430
-1.95885098 -8.99373436 18.28156471
-0.31992099 -10.17526054 20.66850471
-2.67082691 -10.21503258 21.55166245
-4.23658609 -8.92123985 19.43639755
-6.13486195 -8.57273865 20.79636002
-4.79776812 -9.85498810 22.40946198
-6.33430386 -9.32296753 23.19949722
1.12265897 -7.15658283 13.82316685
-0.59027302 -6.04082823 11.42158890
1.85662603 -5.56806517 10.51208973
7.79242182 -7.68155003 20.21502876
8.82805729 -8.04963684 22.77862549
7.95316982 -9.12453747 23.45823669
9.78299999 -8.12884331 25.62068367
10.53360367 -7.82256889 28.59865570
9.88399887 -8.95340824 29.23834801
9.02334595 -9.24362755 26.30440140
7.87082911 -10.30958652 27.08547783
8.88017845 -10.02726555 29.99795914
7.45511723 -11.03719330 30.85264397
11.05361176 -7.09732819 31.54753494
11.34739113 -6.06625080 34.27790833
10.87588692 -7.24780798 34.78262329
11.43153572 -4.85058403 36.62768936
11.26468468 -3.56917810 38.36267853
11.02341747 -4.81568003 38.62552643
11.06221199 -6.05810499 37.05499649
10.36533833 -7.16576815 37.64454651
10.48575211 -5.95981121 39.15744781
9.64810944 -6.89919901 40.01185989
8.38281918 -10.34397507 33.72562027
6.72437716 -11.23891068 34.64540863
8.99639416 -9.33612061 36.38306427
7.55466223 -10.23702526 37.34025955
5.68962383 -10.97509003 38.29928207
9.37399101 -8.15970898 38.51956558
8.11740494 -9.08244801 39.50503540
8.57274055 -7.88522100 40.87387085
7.19839716 -8.76220226 41.86838531
6.51244211 -9.87878132 40.51948547
4.52217817 -10.45492935 41.47534943
5.51304388 -9.48051453 42.87805176
3.55540705 -10.00509834 43.81381989
10.09396172 -8.35038757 35.49448776
9.61873627 -9.34868526 32.86469269
10.50139236 -8.26484299 32.12563324
2.19557905 -10.74326420 42.32552719
0.81578302 -11.41750336 39.92281342
3.30255198 -11.37570381 39.19808960
-0.56007200 -11.89092159 36.96944046
1.95177305 -12.12800598 36.38761520
-1.89755297 -12.03327847 33.86291504
0.53955197 -12.50166512 33.38677216
3.13848710 -12.46013832 32.66436386
4.51586103 -11.88823223 35.56605530
5.52039099 -11.91429138 31.77332687
-3.17948389 -11.80596447 30.80179596
-0.90218902 -12.38992119 30.37947273
-4.39363623 -11.21991825 27.88310242
-2.24896598 -11.88096619 27.46158600
0.18166900 -12.11337662 26.84985733
-5.49843502 -10.30439281 25.22698593
-3.53413892 -11.00436783 24.74187469
-1.22180796 -11.31727409 24.07973480
1.18778598 -11.15382862 23.28935623
6.24981689 -11.31902504 27.96618080
4.89413500 -11.14079285 25.13109970
6.64001322 -10.16534615 24.23810959
3.47815394 -10.54987144 22.38428879
5.35038090 -9.62188053 21.48209381
6.77290678 -8.64262962 20.75327301
2.67156410 -11.87650490 26.06260681
4.14784384 -12.16363239 28.90630341
1.65280795 -12.55507755 29.74584961
-3.59689498 1.54482603 4.03811598
-4.40443420 0.23489401 5.15339279
-5.40420818 1.63917804 6.23103809
-5.22672701 -1.39699996 7.24670219
-5.98784208 -3.10542107 10.11564064
-7.04212713 -1.43766499 10.09061432
-6.24697924 0.19075499 7.77928591
-7.08558702 1.51636899 9.12489986
-7.86957502 0.04472300 10.88360214
-8.54635429 1.29081202 12.31980515
-6.63582182 -4.71605110 13.40657806
-7.07482195 -6.10753393 16.75296211
-8.24822235 -4.61446190 16.13031769
-7.40641403 -7.24987984 19.80051041
-7.47782421 -8.24495029 22.65423965
-8.60140610 -6.91552782 22.15627289
-8.51377773 -5.81532812 19.16820335
-9.51139832 -4.32355309 18.83810997
-9.57827854 -5.47041082 21.81695175
-10.46912956 -3.94761801 21.65134239
-9.22576141 -0.08999700 14.08902168
-9.78193378 1.13261402 15.46635246
-9.78207397 -1.43777800 16.29967117
-10.38554192 -0.07905000 17.13612938
-10.81678772 1.13141096 18.40861511
-10.24940872 -2.74009204 18.87824631
-10.89525223 -1.26673400 19.25734901
-11.19919682 -2.38775897 21.68521881
-11.75579071 -0.90285498 22.01402283
-11.41361141 0.10178800 19.99540710
-11.66716766 1.24296701 21.15799141
-12.19509983 0.47328299 22.65932465
-12.32047367 1.49021101 23.30064011
-9.09645939 -2.95546293 15.90255165
-8.54256344 -1.48600101 13.21037102
-7.72545290 -3.07456398 12.94210434
-7.05945587 -9.26451778 25.31314850
-6.14511299 -10.22467518 28.05199051
-7.55958891 -8.99646091 27.97327805
-5.04176378 -10.91700554 31.00026321
-3.88548207 -11.26201916 34.09091187
-5.46056795 -10.26791382 34.12724686
-6.53386307 -9.79380989 30.99545479
-7.76676083 -8.53943157 30.86461258
-6.72744083 -9.12942123 34.03735733
-7.75696802 -7.88771200 33.92290497
-2.66061807 -11.32495213 37.23366165
-1.35322499 -11.09805775 40.31432343
-3.16515398 -10.50720406 40.41973114
0.01132600 -10.72845078 42.90603638
1.47125995 -10.28186417 44.55739594
-0.53855002 -10.22772980 44.95278931
-1.91352797 -10.39203453 43.11910248
-3.56802797 -9.81211090 43.05856705
-2.34508705 -9.88580894 45.01351547
-3.92034101 -9.32080269 44.89286423
-6.80758476 -8.32757282 37.12257385
-7.63119984 -7.16414595 37.05461884
-5.90856314 -8.67204094 40.20130920
-6.79547024 -7.64433908 40.09680939
-7.44132710 -6.52423286 40.08782196
-4.96696377 -9.02408791 42.89896393
-6.02553082 -8.10607338 42.76442719
-5.21415091 -8.55444908 44.74817657
-6.20077610 -7.64416122 44.76578522
-6.75937605 -7.09642792 42.78866959
-7.22355604 -5.91457701 42.94277191
-6.81211376 -6.53735209 44.86091995
-7.26627588 -5.28429794 45.03927994
-4.67977619 -9.67792606 40.34178925
-5.72457695 -9.45841789 37.23936462
-4.35129213 -10.48114395 37.31097412
-7.68489695 -4.49551010 43.15948868
-8.53496361 -3.69936800 40.35201263
-7.99873018 -5.22742701 40.20410919
-9.57173538 -2.87858605 37.27611160
-8.96984863 -4.47243309 37.16909027
-10.82534885 -1.88315201 34.02489471
-10.17454433 -3.56871700 33.95274353
-9.42547226 -5.10316896 33.90101624
-8.32595253 -5.88446188 37.08116531
-8.62710571 -6.54205513 33.88357544
-11.79780960 -0.80805302 30.82600975
-11.30941105 -2.45068192 30.73162460
-12.35659027 0.18498600 27.81089973
-12.05859661 -1.38495600 27.64299011
-11.43975353 -3.00701189 27.56720161
-12.52130127 0.98387098 25.18345642
-12.31460571 -0.38468599 24.89191437
-11.86677647 -1.88729596 24.64178848
-11.15996361 -3.48591900 24.55385590
-8.79830170 -7.19070196 30.73254395
-9.74960136 -6.22088814 27.61705780
-8.72796822 -7.66244984 27.78380775
-10.32153511 -5.11294508 24.59484863
-9.38018799 -6.60891199 24.78558540
-8.30001926 -8.00586224 25.06335831
-10.63648415 -4.63659906 27.55408096
-9.73332405 -5.69870520 30.67576218
-10.63886547 -4.12192678 30.66801453
-4.44633818 2.65662503 5.67717600
-6.17811489 2.72964811 8.15206528
-7.69572878 2.55212593 11.15368271
-6.63346577 3.47768903 10.78095055
-5.05552721 3.44837308 8.19322109
-5.38894701 3.92380905 11.34670258
-8.97387886 2.29652905 14.33598137
-10.07698154 2.17210603 17.36294365
-9.07283592 3.12224793 16.83818436
-10.98032188 2.16441703 20.22158432
-11.76169300 2.18601799 22.93621826
-10.91169834 3.06730700 22.67548943
-10.04684925 3.06809807 19.77438164
-8.85784912 3.85142899 19.72888756
-9.75781631 3.88698506 22.69299698
-8.36777020 4.58422184 22.88251495
-5.48409224 4.22198009 14.84126759
-6.62529993 4.32257414 17.32535744
-5.43483305 4.55960894 18.38713074
-7.58327723 4.42316484 20.06205368
-6.33320189 4.76639318 20.74827194
-7.05825615 5.02977085 23.37356377
-5.86946583 5.26152802 24.02445030
-5.22573709 4.94369602 21.74085617
-4.87209082 5.35207176 24.78975296
-7.88577080 3.86542392 16.79634094
-6.75077677 3.93716502 13.92206192
-7.94952393 3.29009509 13.77825546
-12.30181599 2.16628098 25.29560471
-12.17315578 1.66723502 28.02242661
-11.69340324 2.99165106 28.14902687
-11.84417343 0.86748701 30.97218895
-11.16585541 -0.10450200 34.10575104
-11.23174953 1.61427104 34.22110367
-11.61094856 2.43786097 31.11222839
-10.97777653 3.83450508 31.28751373
-10.88586617 3.21768689 34.38314819
-10.11122990 4.66641808 34.62468719
-10.23311710 -1.06444001 37.32184601
-9.18363953 -2.09191489 40.44791412
-9.79393768 -0.23511700 40.49064636
-8.37183475 -2.91377306 43.14714050
-7.67926788 -3.85642791 45.27406693
-8.13617516 -2.25076509 45.53520966
-8.96031094 -1.23632205 43.28413773
-9.46573734 0.68293202 43.36291504
-8.63672066 -0.49531201 45.65828705
-9.04170036 1.48675501 45.75551605
-10.08402157 4.06597090 37.72530365
-9.19159889 5.51580811 38.02303696
-9.91515541 3.35176301 40.74620819
-9.33802986 4.98296499 41.00809479
-8.28419685 6.34936094 41.32254791
-9.58838654 2.51834106 43.47665405
-9.32052040 4.26683187 43.70869446
-9.02244473 3.25623894 45.84433746
-8.55143166 4.87139511 46.09148407
-8.55276680 5.78806114 43.98813629
-7.38638306 6.97003889 44.22361374
-7.65926695 6.19680786 46.31340027
-10.06221008 1.57819700 40.56639862
-10.54861641 2.42844391 37.52139282
-10.57339954 0.68382800 37.38307190
-6.87932301 7.29504395 41.64146042
-6.46598816 7.31454515 38.74963760
-6.19634199 7.08396482 35.71074677
-7.56909990 6.66055012 35.34393311
-7.88420010 6.63086510 38.39639282
-8.94308186 5.83911324 34.96043777
-5.95488024 6.62897682 32.67549133
-5.64718294 6.12969494 29.82712555
-6.89816618 6.00168324 29.37919617
-5.29332113 5.68514490 27.20962715
-6.42562294 5.60317183 26.68620872
-7.71009207 5.29877377 26.17356491
-9.95324707 5.00358391 31.54851532
-9.59884357 4.98971415 28.58784866
-10.80252838 4.10539579 28.31348228
-9.06113911 4.78214502 25.76382828
-10.34449005 4.03935719 25.49943542
-11.40742397 3.14289403 25.40206528
-8.24556255 5.62735319 28.94631577
-8.65571117 5.87577677 31.89174461
-7.27336884 6.40688419 32.27592087
0.15171400 0.02123600 46.29072952
-0.76026303 2.09877801 47.31493378
-0.93612200 1.93846905 47.36808395
-1.10969996 3.01049995 47.80072403
-1.36525202 2.78195405 47.89180374
-1.37229395 3.87344909 48.22593689
-1.69700599 3.58882499 48.36597443
-1.60018504 4.66221619 48.59906006
-1.98931396 4.34124804 48.79308319
-1.89694595 5.36976814 48.91533661
-2.36790800 5.03095388 49.15829086
-0.56677002 2.21537209 47.23160553
-0.83612299 3.17183304 47.66320801
-1.03213501 4.06236601 48.02500153
-1.19830596 4.86131096 48.33540344
-1.41701496 5.55682182 48.60052490
-0.35169199 2.28006196 47.11802673
-0.54153001 3.25766397 47.48242950
-0.67677999 4.14739418 47.77257538
-0.78945601 4.92855310 48.01762009
-0.94128001 5.59268999 48.23423004
-0.11030500 2.28526711 46.97500229
-0.22125700 3.26034403 47.26353455
-0.30201000 4.12510920 47.47969055
-0.37346900 4.85834312 47.66036606
-0.48137999 5.47182703 47.83052826
0.15847500 2.23002410 46.80499268
0.12901600 3.17959189 47.01249695
0.10268700 3.99303102 47.15679169
0.06508300 4.66323280 47.27795410
-0.01575300 5.20223379 47.40367508
0.43972600 2.12879896 46.61167145
0.50544202 3.03520799 46.73350906
0.53976500 3.78411698 46.80802155
0.54904902 4.36140108 46.87029266
0.48506701 4.85171080 46.95607758
0.71758300 1.99540102 46.39551544
0.89600301 2.83767295 46.41851425
1.02417600 3.48764992 46.41018677
1.07737803 4.01815605 46.41849518
1.04776204 4.45822096 46.45636749
1.01911902 1.81730998 46.15097046
1.31585300 2.60206795 46.06789398
1.55268300 3.17445397 45.96684265
1.68501794 3.63285303 45.89897156
1.71532404 4.02117920 45.87361145
1.35442495 1.58499706 45.89006424
1.81349802 2.29714799 45.69331741
2.18909001 2.81594491 45.48707962
2.43370199 3.21825600 45.31851196
2.54705596 3.55833101 45.21536255
1.72172201 1.30631304 45.63117218
2.38153696 1.91153300 45.30564499
2.93879700 2.38550806 44.99051285
3.34234691 2.75554109 44.70568466
3.57568598 3.07260108 44.49010468
2.08316708 1.00189400 45.38630676
2.96020603 1.49626005 44.94255066
3.73355508 1.90610504 44.49067688
4.33363104 2.24266601 44.08066559
4.73954582 2.53528190 43.75279999
2.40690589 0.66706097 45.16702271
3.49868989 1.04542196 44.60535812
4.50102806 1.37343395 44.03454971
5.32011700 1.65814996 43.50350952
5.91494894 1.90722096 43.06948853
2.67561007 0.29923999 44.99629211
3.95675492 0.53765500 44.32508087
5.17198896 0.75122797 43.65463257
6.21078014 0.94251400 43.02774048
7.00238323 1.12412095 42.49950790
2.85562396 -0.08052800 44.86746979
4.30364799 -0.02440300 44.12196732
5.70366478 0.02475000 43.37754822
6.92461205 0.08971000 42.68502808
7.91610909 0.14792401 42.07946014
2.94844794 -0.48990601 44.79426575
4.51512480 -0.61090302 44.00527954
6.12772417 -0.78106898 43.21316147
7.50019789 -0.84496498 42.46408463
8.59061527 -0.85632700 41.83124161
2.94271994 -0.90474898 44.78585815
4.62879419 -1.26071405 43.98063660
6.26256990 -1.57551205 43.18774414
7.70819616 -1.76910198 42.44384766
8.87568188 -1.89354706 41.80497742
2.79744697 -1.20460904 44.85347748
4.52593422 -1.86105704 44.04405975
6.18378401 -2.34557509 43.29469681
7.65518713 -2.68505692 42.59371185
8.83336258 -2.91673112 41.98562622
2.58532095 -1.62815106 44.93303680
4.25852680 -2.42263389 44.19693756
5.90949488 -3.00739694 43.49625778
7.39206886 -3.48377609 42.85433960
8.51306152 -3.91546988 42.34955597
2.28999996 -1.96615398 45.06369400
3.84827900 -2.93940902 44.42185211
5.40873194 -3.70083189 43.83330917
6.84937716 -4.32966423 43.29096985
8.00661755 -4.79919195 42.82596588
1.91046202 -2.25207901 45.22815323
3.30869889 -3.39500809 44.68862534
4.73036909 -4.31467819 44.23579407
6.05057192 -5.08666801 43.83164215
7.14915514 -5.66630697 43.46043396
1.46071196 -2.47557402 45.39356613
2.65070009 -3.77068901 44.96702576
3.88902402 -4.84013700 44.65404510
5.07996607 -5.73366404 44.40486526
6.08017921 -6.41349983 44.15663910
0.97375602 -2.63105202 45.54707718
1.90188301 -4.04986382 45.22248840
2.91243601 -5.23634911 45.05048370
3.92788792 -6.25119019 44.95912933
4.83560991 -7.02436113 44.85113525
0.54248202 -2.73344588 45.74638367
1.11790705 -4.20394707 45.46652985
1.83887601 -5.48854780 45.38130951
2.64931011 -6.61053514 45.42185211
3.28465104 -7.44992399 45.44654465
0.06873600 -2.73516297 45.90121841
0.34853199 -4.14866400 45.67968750
0.77100098 -5.58137321 45.62942505
1.25954700 -6.77460098 45.72854614
1.67334402 -7.68504715 45.81925201
-0.42020199 -2.63749504 46.00215149
-0.40930301 -4.07214403 45.83215714
-0.23857400 -5.51345778 45.80763245
-0.05078200 -6.74754906 45.89764404
0.11133000 -7.70031500 45.99800873
-0.84785199 -2.45586801 46.10132217
-1.11798000 -3.85592294 45.94107819
-1.26322103 -5.19834089 45.87930298
-1.32214797 -6.50418282 45.94006729
-1.36115205 -7.48440886 46.04249573
-1.18552899 -2.21042800 46.21260452
-1.65271401 -3.51513505 46.04235840
-2.10087109 -4.83304214 45.96026611
-2.47548604 -6.02891016 45.95921326
-2.73444104 -7.06861496 46.03681183
-1.43880701 -1.91546798 46.34038162
-2.08668494 -3.10278702 46.19423676
-2.72483301 -4.33177423 46.08618164
-3.30026889 -5.47113609 46.02845764
-3.76519608 -6.46313095 46.04800415
-1.60856497 -1.57521403 46.48286438
-2.38259411 -2.60903502 46.38290405
-3.15986800 -3.70730209 46.27352905
-3.86140490 -4.75202179 46.18278885
-4.49808979 -5.69128180 46.13498688
-1.71144199 -1.21144295 46.63839340
-2.55674100 -2.05421805 46.60173798
-3.40154099 -2.99052596 46.52600479
-4.20073414 -3.90354490 46.43193054
-4.91245317 -4.74465179 46.37726212
-1.76376605 -0.83724600 46.79365540
-2.67114210 -1.49113703 46.84703827
-3.49112105 -2.20903397 46.83142853
-4.30546999 -2.94745994 46.78834534
-5.08904600 -3.66375494 46.75267410
-1.77240801 -0.35600099 46.92891312
-2.68124390 -0.90480399 47.08334351
-3.48760104 -1.39716005 47.16507721
-4.28253794 -1.93516898 47.20375061
-5.07980299 -2.48641801 47.22761154
-1.74021494 0.03627200 47.06918335
-2.62767792 -0.33194399 47.30903625
-3.40254593 -0.59243798 47.48046875
-4.17104006 -0.90896797 47.63050842
-4.97576189 -1.26415598 47.73735809
-1.67760003 0.39420500 47.19292831
-2.52945995 0.35885799 47.53347778
-3.28455210 0.15674600 47.78465271
-3.98180389 0.08147000 48.01479340
-4.77622795 -0.08753600 48.23190689
-1.56417799 0.67452598 47.25337982
-2.39444089 0.89317298 47.71368408
-3.10050201 1.02451098 48.06477356
-3.75745296 1.13572896 48.36064529
-4.51160288 1.15698099 48.63581848
-1.46622396 0.96486700 47.31524658
-2.20479012 1.32473397 47.80819702
-2.84788799 1.65800905 48.24983978
-3.47712898 1.98209405 48.65769196
-4.13951683 2.22508788 48.97896576
-1.35830700 1.24955595 47.36184311
-2.02600408 1.75824702 47.89076996
-2.58413005 2.24091101 48.38098907
-3.13079309 2.69611502 48.82810974
-3.77938509 3.11471605 49.20484924
-1.23491299 1.51020098 47.38826370
-1.82993901 2.15429902 47.93538284
-2.30186605 2.77242994 48.44669342
-2.75387096 3.35462809 48.92128754
-3.32405496 3.90234900 49.33179474
-1.09423995 1.74205995 47.39213562
-1.60216606 2.49459291 47.93556976
-2.00530791 3.22087908 48.44024658
-2.36889410 3.90556693 48.90486908
-2.83376408 4.53708076 49.30805206
-2.40276790 6.04908180 49.12504959
-2.98916006 5.68309593 49.39283752
-3.06396604 6.69335699 49.11572647
-3.83530688 6.32688713 49.36226273
-3.82428288 7.28207016 48.74198914
-4.80797005 6.85110712 48.89386749
-4.55947685 7.67310905 47.89960480
-5.70403814 7.16673994 47.93068695
-1.80492496 6.22369003 48.79223633
-2.30365396 6.85512495 48.81505585
-2.87953806 7.45323801 48.54611588
-3.46740389 7.88060617 47.82114029
-1.22726798 6.22200823 48.41461182
-1.59198797 6.81017923 48.47367096
-2.01587296 7.38139200 48.29220581
-2.48070192 7.82309914 47.69055939
-0.68881798 6.05623102 48.00410843
-0.95843798 6.58716393 48.09586334
-1.27338696 7.10889578 47.97754669
-1.63582599 7.51757193 47.45731354
-0.17564300 5.74860001 47.56650543
-0.37943700 6.20920610 47.67026901
-0.61973703 6.66527700 47.58943558
-0.90821302 7.03560400 47.13280106
0.36809799 5.32707596 47.09084320
0.19796000 5.75592422 47.19208145
0.00975300 6.14924812 47.12155533
-0.22420600 6.47610998 46.71257019
0.98198998 4.86318588 46.55201340
0.85102898 5.25009680 46.62989044
0.70676500 5.59871912 46.54764175
0.51846403 5.87608719 46.15414429
1.73752701 4.35696220 45.91065598
1.68046999 4.69229507 45.93630219
1.59370506 5.00403404 45.82355499
1.44595098 5.23675203 45.43062592
2.68105602 3.83296800 45.17504883
2.73708105 4.11396599 45.13258743
2.73438311 4.37290192 44.96999741
2.62501907 4.59030294 44.57217789
3.82373500 3.29036498 44.35553741
3.99678206 3.52252197 44.23170090
4.09256792 3.74628305 44.01494598
4.04632187 3.92070198 43.58787918
5.10568905 2.70239401 43.51778030
5.38481712 2.88201094 43.30284882
5.57720804 3.05768609 43.01241302
5.60522509 3.21079803 42.54930878
6.38870192 2.01184511 42.74339676
6.75681400 2.13627195 42.44090652
7.03897905 2.25842690 42.06825256
7.15645885 2.37393808 41.54106140
7.56307220 1.16284800 42.10158539
7.99122286 1.21635997 41.72058487
8.34212971 1.29466105 41.27994919
8.54759312 1.39096797 40.67238617
8.61450958 0.16778600 41.60332870
9.06830788 0.16086200 41.18875122
9.40667152 0.14897300 40.68053436
9.69656944 0.20970500 40.01412582
9.25078106 -0.89218098 41.33916473
9.73229504 -0.94212002 40.88141251
10.10650635 -1.02406502 40.33246613
10.45201206 -1.02564394 39.59432220
9.55711365 -2.01415801 41.29747009
10.04871178 -2.11186194 40.81588745
10.47066689 -2.21587610 40.25527191
10.84571648 -2.25476289 39.49399567
9.51942730 -3.11800003 41.48258209
10.01959801 -3.28691506 40.99044800
10.44742584 -3.42821097 40.40860748
10.85280323 -3.52233291 39.60317230
9.19463253 -4.17944479 41.87718201
9.68519497 -4.41174507 41.39499664
10.10929489 -4.58952904 40.80353546
10.54167366 -4.71631908 39.95194244
8.63522911 -5.08989477 42.42498016
9.09401512 -5.42591095 41.99710464
9.51002121 -5.65603781 41.41494370
9.95365524 -5.82577085 40.54210663
7.80405998 -6.02523184 43.13222504
8.23117733 -6.33204985 42.75432205
8.64715385 -6.58273697 42.21435547
9.08997726 -6.76349115 41.40624237
6.71642494 -6.85514307 43.92405319
7.12973404 -7.20981789 43.60952377
7.52150202 -7.50289297 43.11662292
8.00216103 -7.70583916 42.31768036
5.35182714 -7.54430819 44.73469543
5.76874399 -7.97782898 44.50952148
6.14360094 -8.30655289 44.07956696
6.58801889 -8.55552864 43.28700638
3.76957202 -8.08061409 45.44539642
4.17374277 -8.56777191 45.34338379
4.52965879 -8.95244026 45.02817535
4.92442179 -9.23151779 44.28407669
2.05230308 -8.39412308 45.93788910
2.38443089 -8.92499924 45.95295715
2.70468903 -9.36345673 45.77256775
3.04977894 -9.71270943 45.16967773
0.31416401 -8.46018982 46.18634796
0.53209400 -9.03077126 46.28828049
0.77689201 -9.49831963 46.20732880
1.06513906 -9.90805817 45.74718475
-1.31887698 -8.27884674 46.25195312
-1.23664796 -8.88908577 46.41199493
-1.08278298 -9.38020134 46.38943481
-0.85843498 -9.80736732 46.00409698
-2.80594802 -7.86264992 46.22902298
-2.82893491 -8.51575661 46.40139008
-2.76328492 -9.02328491 46.40023041
-2.59614611 -9.45963287 46.01811218
-4.07598019 -7.29393578 46.19906998
-4.23668909 -7.98736811 46.36071014
-4.20445681 -8.48083305 46.31420517
-4.10641718 -8.89942741 45.90887451
-4.97530413 -6.49325895 46.22592163
-5.25384378 -7.23520994 46.33409882
-5.38874006 -7.77538681 46.29442596
-5.38718796 -8.15903664 45.87692261
-5.51202393 -5.53650093 46.41763687
-5.96263123 -6.27628517 46.46382904
-6.18792295 -6.83080912 46.34934998
-6.22917080 -7.25799608 45.83177948
-5.76341200 -4.40974188 46.78347015
-6.35476780 -5.15235519 46.76652527
-6.69469404 -5.70937920 46.53773117
-6.81070614 -6.13514900 45.97350311
-5.86242485 -3.10901308 47.27402115
-6.52167702 -3.81747198 47.21147537
-7.00346899 -4.41265678 46.87897491
-7.21320200 -4.86038589 46.21645737
-5.84410810 -1.75299096 47.81021118
-6.61521101 -2.37128401 47.74211502
-7.21894693 -2.93473196 47.31883621
-7.54813194 -3.40340996 46.53941345
-5.72288799 -0.40342900 48.35081863
-6.60558796 -0.86252201 48.26621246
-7.34758711 -1.31750906 47.84461212
-7.88503790 -1.76034904 46.89557648
-5.49882412 1.02015305 48.77952957
-6.53673983 0.76100498 48.60757446
-7.48421907 0.34557700 48.19009399
-8.24518394 0.02705200 47.24060059
-5.07408094 2.28762388 49.15767670
-6.24947405 2.19477296 48.86763000
-7.45714712 2.08704805 48.22064590
-8.43464661 1.94099402 47.23435211
-4.68409491 3.43417001 49.40462494
-5.87114811 3.62124395 49.18976212
-7.13492680 3.63511992 48.40434647
-8.24290085 3.60758591 47.33463669
-4.18787098 4.41566515 49.58479309
-5.34830189 4.83936501 49.43553162
-6.59692907 5.07301283 48.77692413
-7.67462301 5.10450697 47.65457916
-3.58368993 5.15088320 49.56636429
-4.62093019 5.72681379 49.51412964
-5.78732920 6.14893913 48.94390106
-6.79488420 6.32429695 47.86023712
