-2.45223904 1.51767898 2.43004799
-3.01206589 2.33613205 3.48318100
-1.25718796 1.73491597 2.67097712
-3.62641001 3.03904104 5.77406216
-1.75287497 2.54523206 4.43239021
0.08048800 1.82156503 3.99677706
-4.16431904 3.51621890 8.85523415
-2.36137605 3.12548804 7.17974806
-4.57587004 3.82004690 12.37185860
-2.94808197 3.49279809 10.58104324
-1.20755696 3.02247190 9.33895779
-0.51156902 2.53544688 6.26208878
1.28190005 1.78144705 6.24266577
0.55982399 2.40945697 8.81842136
2.24839592 1.66016400 9.06300831
-4.85161304 4.09213877 15.96528244
-3.44232011 3.74902511 14.28061295
-4.97745800 4.44796896 19.38675690
-3.80855608 4.05596018 17.88282776
-2.46314812 3.63718295 16.64928246
-4.92563677 4.92247295 22.44051170
-3.99700999 4.50651121 21.18087387
-4.78294277 5.30722618 24.93653679
-4.07430601 5.01927900 24.08923340
-3.11766911 4.54471397 23.29273605
-2.85899806 4.03649902 20.11647034
-1.56875503 3.53346992 19.17883682
-1.99030495 3.97324109 22.50382423
-0.73259699 3.37792993 21.72055054
1.42224896 2.22885895 11.76852608
2.97126102 1.49154103 12.06654263
0.57702202 2.62250805 14.98566246
2.11279392 2.03698802 14.70864964
3.52526999 1.39643896 14.91563416
-0.17280599 2.99336910 18.36723328
1.28801203 2.45457292 17.75526047
0.61826098 2.78327799 20.97043037
2.00248909 2.20078802 20.34142113
2.70971489 1.88651204 17.45099258
3.97029400 1.26546204 17.56311417
3.31100297 1.56409895 20.01703644
4.31184292 0.97723901 19.77058983
-0.98648399 3.17691398 15.66351509
-0.23630001 2.84065104 12.07549000
-1.88557899 3.34332299 12.94776154
-5.06402588 5.82603979 26.80709076
-4.17119122 5.55202913 26.79040146
-5.34486818 6.48783112 29.22503281
-4.34143591 6.22502899 29.32855797
-3.41214299 5.75484514 29.15156555
-5.59867620 7.17443085 31.89399529
-4.51637316 6.96910906 32.03189850
-5.84364796 7.81905890 34.68770218
-4.69997787 7.70050192 34.83100128
-3.66798711 7.31904316 34.82165146
-3.53781605 6.51888180 31.96838188
-2.58815193 5.81132078 31.69772530
-2.71258712 6.66874695 34.64017868
-1.77320600 5.84144402 34.28948975
-6.08740807 8.24185276 37.49874878
-4.92076588 8.32078171 37.63351059
-6.34506083 8.39288044 40.25061798
-5.20120907 8.72432899 40.34869385
-4.08840609 8.63255024 40.34493256
-6.62068701 8.17721653 42.74996948
-5.54332399 8.81600380 42.82038498
-6.82034683 7.49027777 44.72472000
-5.87876320 8.42698860 44.79650879
-4.83331299 8.94758415 44.78875732
-4.43411493 9.00984764 42.80696106
-3.36333203 8.83060741 42.71387100
-3.75756097 9.07684898 44.71848297
-2.72997403 8.82966805 44.55005264
-1.92678404 6.75634384 37.25052643
-0.99667501 5.86776781 36.83113861
-2.10098600 7.58464098 40.02757645
-1.19655895 6.78289318 39.69643402
-0.25405300 5.85481501 39.21933746
-2.36687589 8.30874252 42.50758362
-1.43861794 7.57931280 42.22352600
-1.77819502 8.24433899 44.26708984
-0.88804501 7.50615692 43.93182373
-0.53929299 6.74785805 41.84049988
0.43356699 5.82146311 41.29014587
-0.00151200 6.67345381 43.46438599
0.99838698 5.78151083 42.82730103
-3.05311608 8.23421288 40.24544525
-2.85050392 7.50864077 37.51933289
-3.83602095 8.03650570 37.63964081
1.60006499 4.88098907 40.58765411
2.14467502 3.88476491 37.84053802
0.84035301 4.85134983 38.59909058
2.61353207 2.91295600 34.77169037
1.23987901 3.85638809 35.58942413
3.01380396 2.11181211 31.53664398
1.62106597 3.00505590 32.41205597
0.34825400 3.95563412 33.16456223
0.03551400 4.87433386 36.27503586
-0.77596003 4.92553377 33.79129410
3.36670899 1.55814099 28.24885178
1.98518395 2.39558196 29.16400909
3.69402599 1.25308895 25.03715706
2.35459709 2.02772093 25.92750549
1.01530695 2.77177405 26.76372719
4.02240276 1.09136903 22.07833290
2.78009796 1.80560303 22.82001877
1.43862402 2.45566297 23.57854462
0.10464600 3.10129690 24.34805298
-1.60414398 4.97900820 31.25663757
-1.41104102 4.28537989 28.19092941
-2.45445395 5.06090117 28.74680138
-1.14712799 3.76256704 25.08802223
-2.28264308 4.45406389 25.77009392
-3.28536010 5.09773684 26.36339569
-0.25361899 3.52019691 27.52319145
-0.52921301 4.11343098 30.67640305
0.67114002 3.24201608 29.97721481
-1.12238002 0.67794001 2.35908699
0.42641699 0.85315698 2.86570692
0.45168900 -0.38262600 3.24965405
1.79619205 0.93425202 4.57543516
2.91234207 0.91687500 7.09338903
3.31399107 -0.01644800 6.10827398
2.02659106 -0.15680100 4.16420698
1.98521698 -1.44335604 5.15479612
3.43784809 -1.13404095 6.32514381
3.33679891 -2.37938595 7.66398191
3.73243904 0.79862797 10.05129337
4.32147789 0.73125398 12.93670273
4.96052980 -0.02945100 11.51734924
4.75203323 0.66387701 15.72454929
5.06708002 0.55598402 18.40707397
5.82990408 -0.24490300 17.11069107
5.44150400 -0.09057100 14.29487419
5.93815422 -0.91820300 13.35844040
6.40851593 -1.10388601 16.14775085
6.77196121 -1.97463298 15.53016090
4.58728886 -2.02041101 8.91397572
4.41331100 -3.22607899 10.37942314
5.49004698 -1.88011706 10.83669186
5.43489218 -2.92025709 11.56111336
5.28876495 -4.00282812 12.87717628
6.17908716 -1.85227501 13.03751945
6.20989799 -2.80929494 13.24629211
6.88166714 -2.89294600 15.38776970
6.81722212 -3.79369211 15.64073944
6.15141582 -3.78157806 14.01392365
5.99787998 -4.77954817 15.19148254
6.65276909 -4.68569899 16.26204491
6.45630121 -5.50405312 17.12102127
5.35933924 -0.89399600 10.78096104
4.56257820 -0.94099098 8.32907295
4.28936100 0.02022700 8.70494747
5.10598278 0.29372200 21.12891960
4.95425701 0.39620900 24.07175827
6.06395006 -0.53413600 23.01133728
4.73650599 0.68805498 27.26163101
4.46310711 1.22104597 30.56215858
5.84985399 0.31255701 29.54556274
5.98851109 -0.21861200 26.23551178
7.04142284 -1.16917098 25.24144173
7.05707312 -0.61791098 28.55695915
8.01242065 -1.62467504 27.68634415
4.10171795 2.02618289 33.83504486
3.62521100 3.00309205 36.94841003
5.18770504 2.11878800 35.95882416
2.99555397 4.00425005 39.74526596
2.21641803 4.90990782 42.04640579
3.66056800 4.07368994 41.13223267
4.55100393 3.15389609 38.78036118
6.12384176 2.23492193 37.74524689
5.22476006 3.20777106 40.11169434
6.73005295 2.26396894 39.06685638
8.07162762 -0.79459602 30.93801880
8.88050938 -1.87679601 30.21416283
7.95538521 0.19791500 34.01031113
8.90251541 -0.84423202 33.22348022
9.54301262 -2.01609612 32.67289734
7.53835583 1.26039195 36.75109100
8.64534760 0.24149500 35.88987732
7.99814081 1.27581203 38.11732483
8.93012810 0.21324500 37.35055542
9.43089008 -0.89378500 35.25040436
9.85867500 -1.95680106 34.93495941
9.50660706 -0.91308802 36.84039688
9.67883873 -1.98628902 36.58554459
6.68707609 1.17205906 34.94873810
6.96777487 0.17265201 31.83951187
5.60254383 1.11339903 32.83207703
9.90792370 -3.08723593 34.82175064
9.82061768 -4.25117397 32.42971802
9.88156986 -3.15352201 32.43985748
9.51485825 -5.25126410 29.71403694
9.60532665 -4.20788717 29.57619858
9.00574875 -5.93795013 26.79389763
9.15960503 -4.96431398 26.55929947
9.10147095 -3.91580510 26.61965942
9.48461819 -3.11284399 29.75063705
8.75098419 -2.81935096 27.00616837
8.37309933 -6.21990919 23.85047913
8.58097553 -5.29712486 23.52713013
7.68213606 -6.12485981 21.08970642
7.93694878 -5.21964788 20.65667343
8.03345394 -4.29397297 20.51086044
7.01123190 -5.80157804 18.74173355
7.28328800 -4.92617416 18.16331100
7.43331480 -4.02701187 17.83855057
7.43162298 -3.11338997 17.84442329
7.85829115 -2.23219204 24.39548111
7.59431410 -2.36861300 21.18026352
6.94399595 -1.43894100 22.00582886
7.21859884 -2.19162607 18.20382118
6.72905111 -1.30530202 18.96584892
6.01797199 -0.43981099 19.94894409
7.94046021 -3.34046698 20.67835617
8.40332031 -3.30219603 23.76549530
8.60760403 -4.32530403 23.49243546
-2.87666893 0.61881602 2.92865109
-1.38672495 -0.58613098 3.43371511
-3.40573907 -0.67771101 4.59751415
0.21196599 -1.77195597 4.94790602
1.74597394 -2.82300806 7.22376490
-0.16686501 -3.23096395 7.63933182
-1.80197597 -2.02795100 5.67054701
-3.87859702 -2.16363096 7.31873608
-2.23028803 -3.50474596 8.80315876
-4.24845982 -3.62117410 10.68022633
3.05837011 -3.74005198 9.93668556
4.18880606 -4.51594400 12.47409630
2.71613193 -5.14594221 12.68502617
5.16416121 -5.22595882 14.87637901
5.87531900 -5.96816778 17.13852119
4.91892719 -6.59924603 17.49488258
3.96283293 -5.92801809 15.16116905
2.34720111 -6.63176012 15.85146713
3.54505301 -7.37481213 18.23208618
1.77301705 -8.08640671 19.18560219
-2.64326096 -4.91725492 12.41124535
-4.59352112 -4.95693302 14.22078896
-1.06608796 -6.16023111 14.57301044
-3.09883404 -6.29735613 15.93106079
-4.99736404 -6.19415712 17.55684662
0.41232601 -7.17002392 16.80178070
-1.64815998 -7.47103024 17.91478157
-0.25864199 -8.55510521 20.19890404
-2.34756804 -8.66441441 21.17532349
-3.65428305 -7.44927788 19.12938881
-5.40384388 -7.18498516 20.48851776
-4.26821518 -8.38563347 22.07378960
-5.67837095 -7.92918015 22.83622742
0.90508401 -5.69731998 13.37810516
-0.61126500 -4.68552303 11.03701591
1.34886396 -4.26719713 10.17179775
6.54378510 -6.58722401 19.33074951
7.25413990 -6.99220705 21.71051025
6.57374287 -7.81501293 22.44192696
7.98901796 -7.10557890 24.41578102
8.67227554 -6.84470415 27.28964996
8.13993359 -7.71121597 27.99061966
7.38398695 -7.96078587 25.15103912
6.47223616 -8.80463696 26.01543427
7.34097481 -8.56832218 28.84278488
6.19362688 -9.42177391 29.80319977
9.22571754 -6.20670414 30.13125229
9.59313774 -5.25514984 32.75090027
9.16344547 -6.18630314 33.32400131
9.74659061 -4.13842201 35.02153778
9.63420200 -3.00124192 36.69906616
9.36636734 -3.98193312 37.01978683
9.39599323 -5.08973694 35.50518799
8.83266068 -6.00741482 36.15095520
8.94360161 -4.91926718 37.60715485
8.33152103 -5.71736717 38.54049301
7.08185196 -8.81716919 32.59904099
5.71195078 -9.65732479 33.62380600
7.72080994 -7.93424082 35.13247681
6.55573320 -8.82664108 36.18483734
4.98840189 -9.59084129 37.22716522
8.11137009 -6.88336277 37.11853409
7.14425516 -7.81774902 38.18547058
7.55982494 -6.70502615 39.45061493
6.50684023 -7.67771006 40.50192261
5.84214878 -8.69737053 39.27313995
4.14423418 -9.35634613 40.28005219
5.12277508 -8.51604843 41.56374359
3.42107201 -9.11052895 42.54617310
8.55202293 -7.07004881 34.12944031
8.05865383 -7.95646095 31.62412262
8.74973488 -7.09748602 30.78256607
2.15960193 -9.68434906 41.12755966
0.88950199 -10.11933041 38.82843018
3.01625609 -10.04967594 38.13784409
-0.35364300 -10.43148518 35.99064636
1.79523098 -10.58065510 35.43579865
-1.57154596 -10.53100395 32.99545288
0.52794403 -10.86319447 32.52042770
2.71361589 -10.74201107 31.77128792
3.92053699 -10.29983711 34.61586761
4.65992498 -10.20120335 30.81823540
-2.77551508 -10.33475971 30.06757736
-0.74519598 -10.77830029 29.62319183
-3.93369699 -9.78587532 27.30285645
-1.98066998 -10.32078075 26.86326027
0.15973300 -10.43017769 26.17104340
-4.96287107 -8.89048100 24.78866196
-3.15714312 -9.49828339 24.30002975
-1.08522403 -9.70425797 23.57437897
1.03890896 -9.46452332 22.67325592
5.18914795 -9.63191032 26.97793961
4.11419487 -9.42968464 24.25390244
5.54673100 -8.62707329 23.29034424
2.99088812 -8.86390686 21.66744614
4.58574915 -8.06763840 20.69278336
5.75735092 -7.31562519 19.92100716
2.27107906 -10.10267353 25.26917648
3.49446797 -10.37188721 27.99328995
1.42996299 -10.80303001 28.91684914
-4.03284121 1.72563398 3.48994303
-4.79150677 0.64837700 4.58546591
-5.85614109 1.77971601 5.71671915
-5.40776396 -0.72784901 6.73777914
-5.81632423 -2.21898603 9.70464897
-7.19610786 -0.81007898 9.58298683
-6.63602686 0.57747000 7.23523378
-7.55404902 1.67451799 8.65279388
-8.25081635 0.43403101 10.36277103
-9.01486206 1.50181794 11.84434795
-6.09255219 -3.64193702 13.11166000
-6.36341095 -4.92011499 16.47477531
-7.74275589 -3.62066507 15.81166267
-6.63210392 -5.96711779 19.47540474
-6.74813700 -6.93294287 22.25929451
-7.92546797 -5.73327494 21.70011139
-7.88467693 -4.70873213 18.79567719
-9.14482689 -3.42660308 18.39302444
-9.09890747 -4.48200321 21.28378487
-10.26652241 -3.19054794 21.03756905
-9.61376953 0.30238199 13.56351089
-10.24023819 1.37482405 14.94095802
-10.00422478 -0.90889198 15.75048065
-10.76732826 0.28029999 16.55085373
-11.25448990 1.35930002 17.79170799
-10.24807167 -2.09964800 18.32622337
-11.14133930 -0.83468699 18.63241959
-11.24215031 -1.86041605 20.99721909
-11.98343182 -0.57948798 21.25810242
-11.79423714 0.38110900 19.31051254
-12.08818245 1.41513205 20.42219543
-12.53448105 0.65869099 21.85723495
-12.71149635 1.61069798 22.44281769
-8.97081566 -2.19594407 15.44724178
-8.71591282 -0.89685100 12.70448208
-7.51227999 -2.24229908 12.54710293
-6.45056915 -7.93017578 24.84236526
-5.59979200 -8.89947891 27.45491409
-7.00696516 -7.77832603 27.34021759
-4.51551485 -9.58517838 30.25559425
-3.38128209 -9.90373421 33.20814514
-4.86170578 -9.09607697 33.21485138
-5.96363401 -8.61491871 30.22444534
-7.20048714 -7.50307989 30.05832863
-6.07095194 -8.14411640 33.09450150
-7.08467293 -7.07663679 32.94811249
-2.24102592 -9.95224571 36.25146866
-1.06898797 -9.84419918 39.20888901
-2.70451903 -9.32989025 39.27918243
0.16820000 -9.65901089 41.71397018
1.52677798 -9.37610626 43.32707214
-0.32446799 -9.26890182 43.72909164
-1.57993102 -9.32200623 41.90373230
-3.05910802 -8.77595711 41.81580353
-1.95388806 -8.88367271 43.77625275
-3.35298991 -8.31180000 43.64374542
-6.04528809 -7.52685404 36.02169037
-6.84183407 -6.52370691 35.93167877
-5.15724087 -7.79755688 38.99399567
-5.97736883 -6.90668917 38.87207031
-6.59543419 -5.92405081 38.85249329
-4.29588795 -8.06269264 41.63471985
-5.25311518 -7.23693514 41.48180008
-4.51398087 -7.57881021 43.47896576
-5.41192484 -6.76011086 43.47088623
-5.92488098 -6.34671402 41.49887848
-6.33424711 -5.31697702 41.65656281
-5.95132399 -5.80019379 43.52023697
-6.34669399 -4.78334188 43.60441971
-4.05400801 -8.64086723 39.16230774
-5.03639221 -8.46478653 36.16605759
-3.78442407 -9.28270626 36.27864075
-6.76438093 -4.17994308 41.79596710
-7.71108294 -3.47315407 39.08067322
-7.14851522 -4.80389214 38.94507599
-8.92493820 -2.70717192 36.08381653
-8.22906494 -4.15200996 35.98573303
-10.44541264 -1.74527895 32.87538147
-9.63197517 -3.28616095 32.83787537
-8.79432106 -4.65996504 32.82178879
-7.54341221 -5.40256023 35.91938019
-7.96062803 -5.92687798 32.85211182
-11.69405556 -0.69613802 29.71759987
-11.04285717 -2.19485402 29.66407204
-12.48921299 0.26684099 26.76790237
-12.03806686 -1.17680502 26.64751244
-11.28079224 -2.61689806 26.64042664
-12.82106781 1.06650698 24.23425293
-12.51423740 -0.19343600 23.99192047
-11.92873287 -1.52967501 23.81489944
-11.04524994 -2.91486192 23.79404259
-8.26444340 -6.31660986 29.87473297
-9.29781818 -5.32155704 26.85873413
-8.20682335 -6.57488012 27.09326172
-9.95088959 -4.25777292 23.92173958
-8.84358025 -5.53484201 24.18224716
-7.68274117 -6.76974106 24.53476906
-10.30646610 -3.99994397 26.71400452
-9.23821831 -5.04781103 29.74573135
-10.23572445 -3.68960500 29.66154480
-4.84319592 2.62595510 5.21833897
-6.60706615 2.67045403 7.76413822
-8.16366196 2.55198693 10.78230000
-7.06792784 3.31123090 10.51240444
-5.43601513 3.28311992 7.85496092
-5.82377291 3.71452093 11.07916832
-9.47492218 2.39046693 13.92063046
-10.56277275 2.30525494 16.84713364
-9.62418842 3.14024997 16.43994904
-11.43982887 2.30126810 19.55864906
-12.18237400 2.28506899 22.14086533
-11.42221355 3.13382506 21.95115280
-10.58249187 3.13244605 19.21459389
-9.50158787 3.84596896 19.24982834
-10.39501667 3.92173100 22.03215408
-9.11495781 4.61616707 22.23974419
-6.02428579 4.02744389 14.58695030
-7.26606894 4.18541479 17.06077385
-6.07110786 4.38156700 18.04035950
-8.30737400 4.37842417 19.64110565
-7.08236790 4.69239187 20.31017303
-7.88077688 5.07002592 22.73890686
-6.68172789 5.30930424 23.37944603
-5.92564011 4.83280516 21.23702431
-5.60793209 5.38321114 24.11136055
-8.49105644 3.78215003 16.51405716
-7.26884604 3.76465106 13.72157574
-8.46126175 3.21789408 13.49652672
-12.69673824 2.19228792 24.34265900
-12.42619038 1.66017497 26.97586060
-12.08013535 2.94613600 27.12196922
-11.89812946 0.89141703 29.84868050
-10.95080471 -0.03641300 32.93548584
-11.21347046 1.62716699 33.03353882
-11.84941864 2.40778899 29.98653603
-11.37951756 3.80179405 30.17742157
-11.06082344 3.21635294 33.18926239
-10.46760654 4.70143890 33.42680359
-9.70533752 -0.98042101 36.12405396
-8.39273834 -2.02781105 39.17098999
-9.08472347 -0.25183699 39.19857025
-7.45709896 -2.79475808 41.74321747
-6.70961809 -3.61146402 43.78230286
-7.11155701 -2.26631403 43.99170685
-8.03417492 -1.30749500 41.86155701
-8.56357765 0.47845101 41.90908813
-7.58361578 -0.74550098 44.04095459
-8.03662872 1.10887098 44.08938599
-10.12532997 4.07534599 36.45008469
-9.43063831 5.59450817 36.71290588
-9.54887390 3.22944999 39.38324356
-9.19979477 4.93317223 39.60853195
-8.43753242 6.43292809 39.86932755
-8.82196999 2.21635389 41.97813416
-8.79358101 4.01138878 42.18369293
-8.18612957 2.85136604 44.14190292
-8.05826759 4.60937691 44.36517334
-8.36525917 5.69934511 42.42813873
-7.59298515 7.11109495 42.61959076
-7.58100796 6.20455408 44.58801270
-9.48126602 1.46486104 39.23021698
-10.37961960 2.40926194 36.26540375
-10.20408154 0.69633102 36.15288162
-7.44827318 7.61566401 40.08654785
-7.27953196 7.74740124 37.27262115
-7.07284498 7.56814718 34.41589737
-8.32344341 6.95799017 34.08020782
-8.42063522 6.84809780 37.00259399
-9.50613594 5.98104191 33.73440552
-6.80012512 7.11572409 31.60240936
-6.48648977 6.53587389 28.90693092
-7.73004484 6.28664112 28.48108482
-6.10146904 5.92757082 26.42233658
-7.27858782 5.79377508 25.91418839
-8.52953053 5.42370796 25.40111732
-10.51196003 5.03121090 30.45963097
-10.24889088 5.02966309 27.64031219
-11.32208824 4.08449793 27.32415199
-9.77503395 4.83411980 24.96758652
-10.91991615 4.06310987 24.66465569
-11.85693836 3.15058589 24.51434898
-9.01477337 5.77517796 28.03805161
-9.36334610 6.02688789 30.82243538
-8.08082390 6.71724796 31.22076797
0.15617500 0.45636699 44.62243652
-0.78834701 2.48968911 45.48984909
-0.92020601 2.30874300 45.53728867
-1.21708298 3.42194200 45.90061951
-1.40068698 3.13799500 45.96833801
-1.56299603 4.33327103 46.27515411
-1.78858602 3.94992995 46.36881256
-1.88736105 5.19782305 46.61763000
-2.15329504 4.73053694 46.73968887
-2.28485203 5.99865198 46.91344452
-2.61130905 5.46618986 47.06064987
-0.63759702 2.62870407 45.41799927
-1.00803804 3.64100599 45.79666138
-1.30345094 4.62099314 46.13423157
-1.57490897 5.53862810 46.44182587
-1.89769304 6.36473083 46.71059418
-0.46133900 2.71531701 45.32164383
-0.76538599 3.77996993 45.65740204
-1.00255799 4.79089403 45.94905090
-1.21286500 5.72066498 46.21599579
-1.45374203 6.54031801 46.45797729
-0.25226700 2.73858500 45.20079803
-0.48011500 3.82230902 45.48419189
-0.65248698 4.82430601 45.72266388
-0.79911298 5.71399498 45.94140625
-0.96715802 6.48989296 46.15174484
-0.00724900 2.69478202 45.05638123
-0.14286900 3.75812292 45.27832413
-0.23759000 4.70291281 45.45754242
-0.31749600 5.51353121 45.62255096
-0.41831100 6.19128609 45.78966141
0.26035601 2.59527802 44.88846970
0.24215600 3.59295297 45.03650665
0.24576600 4.44077921 45.15009689
0.25177699 5.13001299 45.25599670
0.21169101 5.71780014 45.37614822
0.53242201 2.45428991 44.69285583
0.64681202 3.36094999 44.75321960
0.77962101 4.06641006 44.78356934
0.88467300 4.64286423 44.82565308
0.92883003 5.12489891 44.89040375
0.82094300 2.26919198 44.47276306
1.07632101 3.08409691 44.43124390
1.35588598 3.65607095 44.36312103
1.58294499 4.09767914 44.31775284
1.73217106 4.46771812 44.31043243
1.14548194 2.02432609 44.23641968
1.58192003 2.72791696 44.08158875
2.02815700 3.19400191 43.90077972
2.39733791 3.51872301 43.74732971
2.65645194 3.78547907 43.64375305
1.50394404 1.73301697 43.99949265
2.14888501 2.28729606 43.71509171
2.78157210 2.66836405 43.41208267
3.31556010 2.91203499 43.13771820
3.70667911 3.10183001 42.92427826
1.85108602 1.42233300 43.77759171
2.69992495 1.83851194 43.36603546
3.53351212 2.11572790 42.93038177
4.24047089 2.28989792 42.52745819
4.78063107 2.41777396 42.19930267
2.15085697 1.09048104 43.58274078
3.18178296 1.37380600 43.05532074
4.19971991 1.55068600 42.49790192
5.07371283 1.65228498 41.97149658
5.75124311 1.71276999 41.53159714
2.37802911 0.74117702 43.42812347
3.55533600 0.87895799 42.80446243
4.71874523 0.94026202 42.14817047
5.73625278 0.94766200 41.51949310
6.53636980 0.94237900 40.98101044
2.51999307 0.38814700 43.32263947
3.80433106 0.35656899 42.63121033
5.07394600 0.26842299 41.90466309
6.18028307 0.17061800 41.20710754
7.10018015 0.05639100 40.58248520
2.58323503 0.01023300 43.27756500
3.92675591 -0.16598301 42.54863739
5.34633017 -0.44817200 41.77333069
6.51747322 -0.63231802 41.01318359
7.44119310 -0.77250701 40.35903168
2.56004095 -0.36778101 43.29841614
3.98909712 -0.74782199 42.55861664
5.35827303 -1.12221706 41.78287506
6.53348112 -1.38377798 41.02620316
7.46262693 -1.58818102 40.36242676
2.40667200 -0.60756099 43.39765167
3.86294699 -1.26761794 42.65417480
5.22970200 -1.76228905 41.92359161
6.40373087 -2.11961389 41.20727158
7.31155300 -2.37912202 40.57138062
2.21302104 -1.00565004 43.49761200
3.61604500 -1.75370395 42.83782196
4.98884296 -2.29019189 42.15116882
6.18945885 -2.73571205 41.48780060
7.04865599 -3.17315698 40.96038818
1.95685506 -1.31485200 43.64704132
3.26812005 -2.21198297 43.09081268
4.58375216 -2.89805388 42.51952744
5.78287077 -3.46543908 41.95424652
6.70950890 -3.89264107 41.45635986
1.63118804 -1.58062398 43.82762909
2.82226706 -2.63087702 43.38183594
4.04777479 -3.46636605 42.95245361
5.19129276 -4.16452789 42.52600861
6.11308002 -4.68893814 42.12559891
1.24564099 -1.79404294 44.00798035
2.27536607 -2.99009109 43.68020630
3.37627912 -3.97688293 43.39448547
4.44049883 -4.81608391 43.14178467
5.31790018 -5.45312500 42.87270355
0.83059502 -1.95113802 44.18667603
1.64394903 -3.26709008 43.95312500
2.56365705 -4.38248301 43.82314301
3.50635505 -5.36743402 43.74659348
4.35200024 -6.12298203 43.63153458
0.48617601 -2.06605005 44.39738464
0.97994900 -3.42322493 44.21780396
1.64389801 -4.64264488 44.18766785
2.42671108 -5.75085592 44.26460266
3.02074504 -6.58849907 44.29995728
0.08509000 -2.08179903 44.54101181
0.32682800 -3.35568404 44.45243835
0.72549802 -4.73315811 44.47071075
1.20243597 -5.90674019 44.62423706
1.59816206 -6.81684303 44.74073029
-0.34315199 -2.00566101 44.61354828
-0.32454801 -3.29754400 44.59662247
-0.13866800 -4.66266108 44.67255783
0.05575600 -5.85538912 44.83633423
0.21241000 -6.78710604 44.98076630
-0.71465498 -1.85382497 44.67598343
-0.93933201 -3.11262107 44.66950989
-1.04854798 -4.34350204 44.72459030
-1.07214499 -5.59670401 44.88302994
-1.09165096 -6.53090286 45.05622864
-1.00188696 -1.64680505 44.74461365
-1.37878597 -2.81808305 44.71474075
-1.77317500 -4.02320719 44.75960922
-2.10007095 -5.13287020 44.86865997
-2.31475592 -6.12129402 45.03528595
-1.21474600 -1.39700699 44.82578278
-1.73875105 -2.47404695 44.80123138
-2.29117203 -3.59964800 44.81484222
-2.79114008 -4.64785004 44.87104797
-3.18892193 -5.57391405 44.98713303
-1.35481405 -1.10332894 44.91992188
-1.97714603 -2.05973792 44.91414642
-2.62818193 -3.08106589 44.91069031
-3.23677301 -4.04686689 44.92308044
-3.78840804 -4.91167307 44.97092438
-1.44100904 -0.78505898 45.02870941
-2.11513305 -1.58793795 45.05162811
-2.81022596 -2.48243093 45.05407333
-3.47799301 -3.33929396 45.04843140
-4.08800507 -4.13990402 45.07079697
-1.49053097 -0.45169100 45.13990784
-2.22399998 -1.10885406 45.21750641
-2.88104701 -1.81857705 45.24440002
-3.54659700 -2.54527497 45.25613785
-4.20252800 -3.24688506 45.27391052
-1.50819898 0.01923900 45.23342896
-2.24377108 -0.59184098 45.37763214
-2.88279295 -1.11276197 45.46670532
-3.52012610 -1.67806602 45.52550125
-4.17548704 -2.25351000 45.57092667
-1.49344897 0.39328000 45.34166718
-2.21788001 -0.07249100 45.53747559
-2.83370090 -0.39409399 45.67878723
-3.44887900 -0.77243000 45.81598663
-4.11148214 -1.18490601 45.91205597
-1.45439100 0.73793602 45.43947601
-2.16247511 0.61310601 45.71232605
-2.78286791 0.29060200 45.89967346
-3.33717895 0.13365600 46.08100510
-3.99339199 -0.11964800 46.26231766
-1.36287904 1.00047696 45.47015381
-2.08113503 1.13319004 45.85196686
-2.68005204 1.16018498 46.11934662
-3.22218609 1.17116702 46.33631897
-3.85457706 1.09351504 46.54840469
-1.29708695 1.28657496 45.51198578
-1.94612098 1.55279696 45.90665436
-2.51599503 1.78664005 46.25456238
-3.07288694 2.01593995 46.57591248
-3.64618397 2.16283989 46.81305313
-1.22477305 1.57644701 45.54436111
-1.83402801 1.99789798 45.96573257
-2.35250592 2.39186692 46.35657501
-2.86332512 2.76105499 46.70937347
-3.47095609 3.09600592 46.99512863
-1.13871896 1.84776700 45.56140137
-1.70791101 2.42009711 45.99838257
-2.17696905 2.97402406 46.41234589
-2.63042092 3.49883103 46.79837036
-3.20548701 3.99567604 47.12736893
-1.03725898 2.09444594 45.56084824
-1.56379998 2.80162191 46.00015259
-1.98959804 3.49361992 46.41477203
-2.39202499 4.16079903 46.80335236
-2.90331411 4.78833199 47.14186859
-2.84433293 6.75320196 47.12593842
-3.27012110 6.16020012 47.28450012
-3.56185889 7.44970322 47.17060852
-4.14057922 6.81707621 47.31210327
-4.35512877 8.01428032 46.89694214
-5.10755587 7.28472090 46.97640228
-5.13857079 8.34568405 46.14559937
-6.02069807 7.52887297 46.14681244
-2.34002495 7.12790298 46.91504288
-2.90140009 7.84000206 46.98001099
-3.52046990 8.43352318 46.77349472
-4.16306782 8.81220245 46.09008408
-1.78245294 7.27112818 46.65396118
-2.19588304 7.94533205 46.73372650
-2.65215898 8.51611900 46.57238388
-3.16054106 8.91556740 45.97043991
-1.19838595 7.16567612 46.33571625
-1.49226701 7.76695299 46.42116165
-1.82143497 8.28067970 46.28510284
-2.20917201 8.64121819 45.72986221
-0.58442402 6.81103277 45.95219040
-0.78874803 7.31636190 46.02542114
-1.02976799 7.75253296 45.90314484
-1.33372295 8.07067299 45.39086914
0.10191300 6.24396515 45.49954224
-0.05759000 6.70093298 45.55548096
-0.24635001 7.06805992 45.43572617
-0.49934801 7.34412622 44.97279358
0.87925798 5.56783485 44.96607208
0.76017499 5.96813202 44.98989868
0.60111898 6.29328680 44.86168289
0.36950001 6.53150892 44.42718506
1.77618396 4.82235909 44.32629395
1.71975803 5.16746902 44.30619812
1.59501505 5.47065878 44.16001892
1.37846303 5.68040705 43.74428177
2.80993605 4.06070900 43.58164597
2.85548997 4.35383415 43.50745392
2.80105996 4.61651611 43.32545853
2.60923290 4.83326912 42.91663361
3.97098804 3.31204605 42.76607132
4.13048077 3.55660391 42.61856842
4.17468405 3.79467010 42.39456558
4.04813004 3.97929406 41.95989227
5.16420221 2.57123899 41.94059753
5.43429899 2.75943398 41.70204926
5.58865595 2.94876289 41.40719986
5.55457211 3.11672807 40.93750763
6.24310589 1.79838800 41.17923355
6.60834408 1.92691398 40.85313034
6.86830711 2.05767608 40.46870422
6.94934893 2.18324995 39.92910767
7.10876513 0.95896000 40.55065155
7.54112720 1.00902700 40.14908981
7.88262701 1.09203100 39.68754959
8.07547569 1.19521499 39.05516052
7.81714010 0.06407200 40.06593704
8.27050495 0.05104300 39.63212585
8.59825039 0.03184100 39.10443878
8.89277172 0.09548600 38.39709091
8.09284401 -0.81470299 39.82567215
8.56826210 -0.86609298 39.34317780
8.93293953 -0.95821202 38.76799774
9.29076195 -0.96161503 37.97764969
8.12570763 -1.71316302 39.80984497
8.60212898 -1.80523896 39.30051804
9.01444054 -1.90890300 38.71104431
9.39610195 -1.94330597 37.89055252
7.96759605 -2.58047104 40.02227402
8.44283390 -2.73793602 39.50165558
8.84697533 -2.86891389 38.88792419
9.24774837 -2.95319200 38.01514435
7.68386698 -3.42707610 40.44705963
8.13592339 -3.62659311 39.93598938
8.52320480 -3.78075409 39.31397247
8.92973709 -3.88810492 38.40802383
7.30302000 -4.14842987 41.01979828
7.69892788 -4.46393585 40.57532501
8.06628036 -4.66206884 39.96786499
8.47005272 -4.80195808 39.04872894
6.71970415 -5.01282310 41.76681519
7.08118200 -5.27800798 41.37552643
7.44783211 -5.48927307 40.81737137
7.83992481 -5.61954308 39.98309708
5.92015123 -5.86606979 42.61097717
6.27703285 -6.18111801 42.28222275
6.61827898 -6.43233919 41.77136230
7.06002808 -6.58082104 40.94738770
4.83265018 -6.62613106 43.48587036
5.21248913 -7.04215813 43.24201202
5.54874802 -7.33777380 42.78954315
5.95562792 -7.53537416 41.96497345
3.49148607 -7.22338915 44.26684952
3.88015890 -7.71731186 44.14052200
4.21465492 -8.09503746 43.79928207
4.58319187 -8.33544922 43.01452255
1.97017097 -7.54204798 44.82746887
2.29427600 -8.09563446 44.80756378
2.60858798 -8.55059147 44.59477234
2.94267797 -8.88635635 43.95201874
0.40087399 -7.56052589 45.13699341
0.60419899 -8.15317154 45.19074249
0.84324998 -8.64354897 45.06104660
1.12749696 -9.05677986 44.55659485
-1.06455100 -7.32140493 45.24364853
-1.00712895 -7.93533278 45.35369873
-0.86694002 -8.44577408 45.26594925
-0.64539802 -8.88695908 44.81678772
-2.38757205 -6.88138199 45.21986389
-2.43299294 -7.50733805 45.35646057
-2.38281798 -8.01975441 45.29079437
-2.21373296 -8.47829437 44.83094025
-3.50583100 -6.35404015 45.14427185
-3.68806410 -6.98131609 45.29244995
-3.66087794 -7.45592499 45.19271088
-3.55977798 -7.89424515 44.71665955
-4.26129293 -5.64367294 45.08068848
-4.54590797 -6.29427004 45.19520187
-4.71166992 -6.79577112 45.13594818
-4.72263813 -7.18520498 44.67395782
-4.67921591 -4.84548807 45.13467407
-5.13063288 -5.47119522 45.21770477
-5.38525486 -5.95739698 45.10993958
-5.45079803 -6.38015604 44.56734848
-4.82350111 -3.92751694 45.33712006
-5.39624405 -4.54884100 45.37056351
-5.77169800 -5.01764107 45.17206573
-5.94760609 -5.41695595 44.64200592
-4.87989902 -2.83048201 45.64338303
-5.47749710 -3.44262290 45.64488220
-5.99914217 -3.95620894 45.38227463
-6.27369881 -4.36920500 44.78257751
-4.87650585 -1.66495895 45.99421310
-5.53825188 -2.23695397 45.99795532
-6.14897394 -2.74257302 45.68435669
-6.54356194 -3.17398596 45.02016449
-4.81732702 -0.46421400 46.37316895
-5.55440807 -0.93611902 46.35778046
-6.24553204 -1.37786102 46.09081268
-6.82327795 -1.79879200 45.29239655
-4.65385580 0.87922901 46.66686630
-5.56062984 0.57004499 46.58654785
-6.41572618 0.09004800 46.32956696
-7.15754986 -0.24607299 45.51350403
-4.44141388 2.14879608 46.95679092
-5.47900105 2.01552606 46.82548904
-6.54388618 1.82685995 46.38625336
-7.41433287 1.56990802 45.53398895
-4.27695990 3.35399795 47.14918518
-5.34281301 3.49867606 47.10148621
-6.44947290 3.39818192 46.51784515
-7.41968679 3.23199105 45.60386276
-4.02042198 4.46401405 47.33059692
-5.07840204 4.81085396 47.26900482
-6.21887112 4.94855309 46.78463745
-7.21746111 4.89379692 45.84149933
-3.65758109 5.40935707 47.37519073
-4.65509987 5.94533014 47.38144684
-5.76428413 6.28287077 46.97060776
-6.74267817 6.37549591 46.05624390
