0.00000000 0.00000000 -2.23550797
-0.48614699 1.66265202 -1.49100900
1.74064100 0.82490301 -1.84930897
-1.11839902 3.36228991 0.83642900
1.21304500 2.70749998 -0.21540800
3.55004191 1.69282699 -0.24884599
-1.67606902 4.72712421 4.28369713
0.36381999 4.25651598 2.83547902
-2.03055310 5.73213005 8.27057362
-0.46142799 5.41190004 6.68066502
1.45850301 4.89667702 5.67828417
2.66182399 3.55490899 2.11459994
4.91765213 2.43012094 2.47952509
3.64721799 4.13763905 5.34097385
5.82692194 2.97654104 5.87274885
-2.17935610 6.46661186 12.27451229
-1.04423296 6.27557802 10.70255756
-2.21385789 6.99421978 16.01868439
-1.37370002 6.92380524 14.48869705
-0.29271999 6.69457102 13.44502544
-2.19655204 7.33727312 19.48496628
-1.55418503 7.35952520 18.01148987
-2.17617202 7.43134117 22.36764908
-1.69512403 7.57502699 21.39765549
-0.99278301 7.59201717 20.53781319
-0.70408201 7.26285124 17.00783157
0.46384001 6.99250507 16.31943703
-0.05115000 7.55948496 19.84266663
1.30558705 7.18884182 19.38106346
4.38134480 4.50389290 8.88278389
6.51621914 3.36199999 9.36881161
2.99793911 5.69109488 12.32146072
5.10830212 4.75204802 12.26622200
7.16982698 3.63600993 12.73180199
1.99614203 6.55475616 15.82696533
3.82855296 5.88622713 15.58137512
3.00481796 6.64288807 18.98932648
4.92760801 5.88396883 18.68109512
5.89048290 4.96100998 15.41564178
7.87636900 3.83246207 15.91536713
6.89669180 4.91697311 18.51273346
8.56140614 3.95223498 18.59922791
1.13429594 6.33681583 12.73034859
2.23924303 5.39568710 8.97610378
0.40837300 5.92129898 9.61866474
-2.50310493 7.39746094 24.89041138
-1.85942900 7.50547886 24.76601219
-3.00033307 7.42080402 28.02863693
-2.15861297 7.46853924 28.08387566
-1.41869605 7.47474718 27.79910278
-3.59220409 7.52910709 31.33467484
-2.56042910 7.54637718 31.45582199
-4.39751577 7.61600494 34.95336533
-3.17491508 7.71070099 35.08090973
-2.14249992 7.67648411 35.06758118
-1.70502698 7.48868704 31.34112167
-0.84843200 7.39917898 30.99966049
-1.18626404 7.56678915 34.89232635
-0.15597500 7.40215683 34.54228973
-3.81641793 7.84056902 37.47113419
-4.46316099 7.79772186 37.77675629
-5.15237093 7.64987898 37.34623337
-5.56354713 7.68236017 39.37104416
-4.86604023 7.84374905 39.41947174
-4.21261215 7.94936323 39.45892715
-3.60516906 8.00798416 39.48787689
0.48794699 7.37565708 36.82337189
-0.11852000 7.52999401 37.43443298
-0.66523200 7.61604309 37.23484802
-0.97016901 7.83894110 39.36188507
-0.42642000 7.73524094 39.24954987
0.16607200 7.60204887 39.07374191
0.82686901 7.42704201 38.79832458
-1.67032897 7.77496004 37.43863678
-1.17911100 7.72831011 37.71757507
-2.67929411 7.86172915 37.50990295
-3.23110509 7.89488983 37.85725021
-2.16986704 7.85507488 37.84389496
-3.03851700 8.02816963 39.50346375
-2.50394392 8.01696968 39.50078964
-1.99110603 7.97948980 39.47824860
-1.48526096 7.91943884 39.43467712
2.71398211 6.92411280 39.12923431
2.32701993 7.19015408 40.95135498
3.00633407 6.91586399 40.50102615
4.19742393 6.38041019 38.17384338
5.14858913 6.02379513 35.60574341
3.31605911 6.64338207 36.42224121
6.10445118 5.80264282 31.96884155
4.21814823 6.41439819 32.49798965
2.53953910 6.84140491 33.05879211
1.98707294 6.99648380 36.13739014
1.09098399 7.16245317 33.97940063
1.17631602 7.22131300 36.87391281
1.55808306 7.21035719 38.40632629
2.29979801 6.98237705 38.01308441
3.39392495 6.68544722 38.89004135
6.95947695 5.51981306 28.50479126
4.99890423 6.27256680 28.94420433
7.68771219 5.12793922 25.01572418
5.72344303 6.11286402 25.42046165
3.76948595 6.69026995 25.79160500
8.23682785 4.56524277 21.52126884
6.27957296 5.62610102 21.87232208
4.30759478 6.47617579 22.17870140
2.47330308 7.07767677 22.52934837
0.18577600 7.28503609 30.50616455
0.54834998 7.36909294 26.71866989
-0.57219601 7.45656776 27.27933884
0.88186097 7.46551418 22.93885803
-0.36107600 7.66750383 23.44725990
-1.22900605 7.59859085 24.13568878
2.01881409 7.12438822 26.22348785
1.51645398 7.10002422 29.95713425
3.14874792 6.77720118 29.42470169
1.55361998 -1.24094796 -1.88973105
3.83254695 -0.44794199 -1.17931104
3.37278700 -2.73655295 -0.42569500
5.67848492 0.36786100 0.78550202
6.94054508 1.08074605 3.74565506
7.41349888 -1.05683398 2.93808889
5.70437002 -1.88911295 0.69513601
5.05955410 -4.15716791 2.15662909
7.22053814 -3.23883796 3.56777310
6.43645477 -5.28848505 5.52881479
7.78309011 1.64104700 7.17759895
8.43025017 2.07078290 10.66356754
9.36727810 0.25984901 9.36661911
9.06610680 2.43240905 14.04235840
9.59736729 2.80703092 17.43072891
10.64945507 1.28914702 16.33462334
10.08508015 0.75972199 12.79554558
10.67185974 -1.04772604 12.21241093
11.38661194 -0.42841101 15.64569092
11.66771603 -2.16930199 15.55030441
8.35041046 -4.33596611 7.05835295
7.55085421 -6.13929510 9.16062927
9.72074604 -3.51088810 9.40266609
9.22419167 -5.19241285 10.71281815
8.51897430 -6.82970715 12.75562477
10.81297207 -2.83727694 12.28681564
10.54325676 -4.44739199 13.02775478
11.59242535 -3.80712891 15.98925781
11.28818703 -5.41926622 16.93134308
10.01246071 -5.92166424 14.32711029
9.48538780 -7.52159595 16.23782730
10.81861210 -6.87480497 18.04602814
10.35024261 -8.14698792 19.18894005
9.78997898 -1.65755200 8.94515991
8.72772884 -2.38684511 5.95154715
8.55819893 -0.33412200 5.98188305
9.79406643 3.31180000 20.92972946
9.60650826 3.96543789 24.51262283
11.18337822 2.60100889 23.88497543
8.91493702 4.51690102 28.06631088
8.05742073 4.96495008 31.50772858
9.97768402 3.89697289 31.09687042
10.83331013 3.33447599 27.61914635
12.32041264 1.86867905 27.14587212
11.70973492 2.57283401 30.72892380
13.26562691 1.04503095 30.49464035
6.99831581 5.27957916 34.73972321
6.09134483 5.60246801 37.41542053
5.07305479 6.04216290 38.10677719
7.55579281 4.86076403 37.58564758
3.72110200 6.63176012 40.13401031
4.52065420 6.30067015 39.81188965
8.38097954 4.23852921 38.95795822
7.39408588 4.83420610 39.57984161
6.62888622 5.27811003 39.84213638
6.00730610 5.58128309 41.32669067
6.74812794 5.14192390 40.92696762
7.58091116 4.62650394 40.50266266
8.40811920 4.07791185 40.14241409
6.29342794 5.48111582 38.97634506
5.41317081 5.90338421 39.39766693
12.45256233 1.78207397 33.75276566
13.78730965 0.04419500 33.65147018
11.32003593 2.50229812 36.62148666
12.80967712 0.94547302 36.47356796
13.98187065 -0.89528400 36.49871445
9.66034317 3.25138688 39.09101105
11.34425068 1.79159105 38.59256744
10.14151382 2.52089190 40.17851639
9.25615597 3.27325702 40.59701538
11.08842468 1.33871698 40.36549377
12.78800583 0.18271101 38.72723770
13.66897964 -1.66492999 38.80094528
12.31031513 -0.38556200 40.16593552
13.10509586 -2.13616300 40.45084000
8.58201981 3.82390594 40.78411865
9.47773743 3.74721599 36.77735138
10.79352570 3.21327090 33.99998093
8.95291901 4.39250994 34.36448669
14.00044060 -3.54953694 38.92842865
14.61396790 -4.91560221 36.84538651
14.61034012 -2.95278001 36.63546371
14.85568047 -6.13395214 34.33995819
15.03534698 -4.16889620 33.97621918
14.57020664 -7.02556610 31.46608353
15.08897305 -5.26842213 31.04068756
15.01026344 -3.07432389 30.68497086
14.94717598 -2.01336002 33.79992676
14.37825203 -0.89449400 30.46560287
13.96923828 -7.68420792 28.37160110
14.34220982 -5.89862108 27.72305679
12.79741383 -7.93559694 24.99960327
13.28166676 -6.29696083 24.28129959
13.47452068 -4.51701498 23.62472916
11.49731827 -8.05971336 21.74261665
12.07021713 -6.57344103 20.93649673
12.41886711 -4.98329401 20.12963867
12.51852989 -3.22668910 19.48477936
13.41822815 0.16280700 26.84904671
13.04612923 -0.69275099 23.03877640
12.33528328 1.05831599 23.30254745
12.38472366 -1.46966600 19.24753189
11.89767742 0.27656800 19.46888733
11.00243282 1.89767003 20.11895370
13.40387154 -2.56671906 23.15223312
14.11202908 -1.79301202 26.88338470
14.36415291 -3.91216207 27.19594955
-0.92178601 -1.72596395 -1.54445100
0.65587699 -3.46658492 -0.49508700
-2.17572308 -3.97087598 0.44068199
2.34508109 -5.04370117 1.71684802
3.92988801 -6.30266094 4.82961512
1.01098394 -7.25126505 4.86419821
-0.61603099 -5.78761578 2.14065695
-3.55175996 -6.29873323 3.50985909
-2.03639889 -7.96356583 5.64612293
-4.88859177 -8.38580227 7.20699120
5.33972692 -7.23865700 8.40729046
6.63269520 -7.98274708 12.00361347
4.22216606 -9.17012310 11.75332546
7.90523577 -8.59604740 15.45298386
9.18278027 -9.11512184 18.78511429
7.44861794 -10.37286377 18.62802315
5.83491182 -9.85523129 15.24214745
3.22014689 -10.98819828 15.22397232
5.16331816 -11.65933800 18.69673920
2.37843204 -12.75910378 18.89626122
-3.38057399 -9.82601547 9.49458408
-6.00152111 -10.03698921 11.02243710
-1.61261904 -10.97073364 12.36098957
-4.42246723 -11.31349373 13.27860832
-6.73543310 -11.25339413 14.74065781
0.30385199 -11.90685368 15.48631096
-2.62181807 -12.41981316 16.01111221
-0.64213997 -13.47151566 19.21318817
-3.49733901 -13.66522408 19.68395615
-5.30151320 -12.56297016 16.87455750
-7.29776621 -12.19494057 18.12659454
-5.84756994 -13.35996246 20.31502724
-7.37629318 -12.78414345 21.04226112
1.38342595 -10.22281456 11.86991119
-0.39077801 -9.24972153 8.57247639
2.62428498 -8.34269524 8.22403431
10.55212021 -9.42664909 22.15966988
11.95650864 -9.45633888 25.56536102
10.47126961 -10.78904533 25.84232140
12.98456764 -9.15733719 28.86342621
13.81758595 -8.63799477 31.99155045
12.59820938 -10.04312325 32.45195389
11.71370792 -10.57378578 29.29029465
9.93080139 -11.85047722 29.59726715
10.95625687 -11.31372070 32.88099289
8.67926788 -12.20553207 33.18581390
14.19248581 -7.78138208 34.76914978
14.16696453 -6.64199400 37.16316605
13.07798386 -7.97285891 37.37070084
13.62220383 -5.16905308 38.88003159
12.98552895 -3.81836700 40.40045166
12.81096458 -5.26544905 40.33854675
12.83667564 -6.67715502 39.41595840
12.12825775 -8.02363396 39.33874130
11.94728184 -6.64476395 40.91913223
12.35197639 -5.98206615 40.73995209
11.98503208 -7.35001278 40.35812378
11.39784431 -7.94177580 40.64746475
9.37369156 -11.34922600 36.52400208
7.54850721 -12.25583267 36.23142242
8.33011627 -11.17174721 39.15343094
9.29521561 -10.79771805 38.83642578
7.84860611 -11.72804546 38.10246277
6.66401386 -12.04116344 38.49916840
10.36785412 -10.35247421 38.09267807
10.46311378 -9.75458431 39.44375229
9.57819176 -10.19351578 39.85456085
10.68552780 -9.12538147 40.16818237
10.68852234 -8.43946075 41.04426575
9.90758419 -8.82963467 41.49696732
8.58326626 -10.52726555 40.38268280
7.54330301 -10.75197887 40.94356537
11.65496445 -9.23755836 38.16340637
11.36692905 -8.61166286 39.90142059
11.40826416 -10.30739117 35.57279205
13.12708664 -9.22606564 35.24096298
-0.22968300 -13.41449165 37.22880554
-1.58790898 -13.84052467 34.69101715
0.94862801 -13.97924137 34.56874847
2.26943803 -13.37140274 37.10920715
3.62115002 -13.69395256 34.34484863
1.00824404 -13.36243153 37.56266785
4.85240889 -12.97282410 36.82023621
6.27533197 -13.05442047 33.94558716
6.16015577 -12.60706711 36.93553925
3.53999209 -13.13779163 37.38341522
5.34394121 -12.27856159 38.92266083
4.05800486 -12.51480293 39.13888168
2.82986689 -12.69158268 39.26099777
1.62225604 -12.79238701 39.32927704
-3.24191999 -14.47544861 30.82398987
-0.64882803 -14.83138084 30.68075180
-4.79682302 -14.29125023 27.21702194
-2.38134789 -14.85622215 27.03351974
0.47279501 -14.86646748 26.76641083
-6.31789923 -13.71161079 23.75310135
-4.21420908 -14.43620777 23.45088196
-1.51668298 -14.63567543 23.07236862
1.54175699 -14.24860287 22.73888016
7.72365379 -13.02920055 29.88813400
6.29060793 -13.34789085 26.23438263
8.62852859 -12.11588192 26.02957535
4.56191015 -13.34620094 22.47125435
7.13150787 -12.11548519 22.28917313
9.12071991 -10.75983906 22.20832253
3.48681498 -14.32557106 26.48776245
5.11343193 -14.01890469 30.18363571
2.23095298 -14.66354656 30.45637894
-2.08371806 0.15901899 -1.52677202
-3.51195407 -1.92965198 -0.12028600
-4.50868177 0.22664800 0.36001799
-4.89724207 -4.29704618 2.38982296
-6.17487383 -6.59794807 5.75486422
-7.27404690 -4.51625681 5.12940311
-6.02654886 -2.08867311 2.17668009
-6.77296686 0.13692699 3.15226293
-8.17075539 -2.28079796 5.31659603
-8.68107700 -0.06301100 6.58093309
-7.26230001 -8.52657509 9.49261093
-7.98457479 -9.90511036 13.25000858
-9.04263115 -8.36795712 12.30685616
-8.50333405 -10.94075775 16.83477974
-8.49407959 -11.69317341 20.22826004
-9.48215389 -10.33601570 19.57478714
-9.38044357 -9.47235012 15.96965408
-10.21951675 -7.89534807 15.48625755
-10.22255325 -8.84782791 19.19158745
-10.85099030 -7.19669199 19.00938034
-9.84392738 -2.41152596 8.90824890
-10.19078255 -0.18866301 10.24639320
-10.50974464 -4.48186588 11.99992180
-11.04465008 -2.28161693 12.57956409
-11.28497314 -0.07414600 13.89691925
-10.85340214 -6.06022120 15.38386154
-11.37743187 -3.98896408 15.60900307
-11.48583126 -5.32696819 18.98479080
-11.96311760 -3.22097492 19.21026039
-11.78621101 -1.79690802 16.22797775
-11.94316006 0.27826899 17.42317963
-12.29948616 -1.05028498 19.67259216
-12.37491703 0.68699700 20.30200386
-9.84968567 -6.55006313 11.91240120
-9.15436268 -4.62230206 8.44401932
-8.29688454 -6.70392895 8.64023399
-7.87253094 -12.57273102 23.64620399
-6.68722916 -13.26524544 27.20104599
-8.11604595 -11.92198372 26.96641159
-5.38692999 -13.64353943 30.83471298
-3.83402896 -13.27535820 34.72777176
-5.70761919 -12.34408379 34.67163086
-7.07126999 -12.44813347 30.69382858
-8.37596703 -11.00407505 30.45896149
-7.21236420 -11.12579536 34.54096222
-8.40701103 -9.68240356 34.38134003
-2.53628397 -13.05572510 37.27568054
-1.39642894 -13.20461082 37.63187408
0.43991700 -12.81005192 39.35934448
-0.71048999 -12.73463821 39.37050629
-1.80647397 -12.56007385 39.38074875
-2.84459996 -12.28927231 39.39004517
-8.59016037 -8.55255318 36.95216751
-8.03848076 -9.26155472 37.38634872
-7.52469301 -10.03142071 37.06288147
-6.87553787 -9.89763832 39.22955322
-7.45515823 -9.24664021 39.18929672
-7.97489023 -8.54215431 39.15970612
-8.45253468 -7.78847504 39.12863922
-6.19611979 -11.30015564 37.17832947
-6.85523415 -10.62793922 37.49721909
-4.54083395 -12.32748795 37.25938797
-3.55074501 -12.65308380 37.64852905
-5.37428379 -11.77311039 37.59708405
-3.81040597 -11.94070244 39.38164520
-4.69847393 -11.52264404 39.35404205
-5.50114202 -11.03778458 39.31976700
-6.22673607 -10.49272537 39.27785110
-10.84718132 -3.14497209 36.73262405
-11.35810184 -2.33928108 33.97394562
-10.83364868 -4.33628798 34.03440094
-10.21839333 -5.07457399 36.78859329
-10.16530800 -6.25781679 34.11861420
-10.50509834 -4.08898687 37.15592957
-9.47093582 -6.89114094 36.85830688
-9.36881924 -8.05072784 34.23420334
-9.00183105 -7.69715500 37.28892136
-9.81154060 -5.96219683 37.21411133
-8.89170265 -6.99451208 39.09990311
-9.29560947 -6.15502214 39.08267975
-9.67086601 -5.27898598 39.06982040
-10.02228165 -4.36676502 39.05458069
-11.91775894 -1.55784702 29.79916000
-11.49730778 -3.63683605 29.83973312
-12.20871353 -0.73734301 26.21619987
-11.91692924 -2.83041811 26.17812920
-11.41080284 -4.92449808 26.17315674
-12.43907547 0.07509300 22.88188744
-12.24370861 -2.00807190 22.70537186
-11.83550453 -4.16872406 22.54666138
-11.23745060 -6.19412899 22.52362823
-9.39981842 -9.37776566 30.22135544
-10.08609962 -8.70327187 26.39455414
-9.21628761 -10.38244629 26.65155411
-10.62976456 -7.99053907 22.61002731
-9.91687202 -9.62973785 22.84009933
-9.01096153 -11.16589546 23.22106934
-10.79728317 -6.88960123 26.23861694
-10.22477341 -7.59581709 30.03693008
-10.91527367 -5.67387819 29.91383743
-2.82210398 2.07326794 -0.07906800
-5.06226206 2.20885801 2.26913595
-7.05443382 2.11204410 5.35684013
-5.19071484 3.81063390 5.32155704
-3.27101207 3.72017097 2.70752406
-3.42582989 4.96878099 6.38733101
-8.75045395 1.91066897 8.89387321
-10.13573265 1.81304300 12.50656796
-8.41457558 3.53532696 12.00283718
-11.12036514 1.86428797 16.12254715
-11.90356827 2.01933408 19.51274490
-10.74682808 3.47020888 19.06364822
-9.70227814 3.46649194 15.52956009
-7.78961611 4.79251099 15.62042236
-9.01825333 4.74546814 19.09462357
-7.04053783 5.72577286 19.50536728
-3.34627700 5.86489487 10.44863796
-4.57299089 5.85509396 13.13609409
-3.16243410 6.51105881 14.40856934
-5.81726599 5.77914906 16.19322014
-4.16122484 6.46762419 17.05972672
-5.19766521 6.41283798 20.14998436
-3.75638604 6.88370895 20.89609528
-2.98203993 6.95842314 18.13244820
-2.76963902 7.22004414 21.66457748
-6.42027378 4.89488316 12.26821327
-4.97324991 4.99611187 9.11738586
-6.89640284 3.69207001 8.53264999
-12.24356842 1.88206697 22.78276443
-12.17869759 1.22121096 26.20261383
-11.68673706 2.94916701 26.12577438
-12.06728840 0.45659700 29.76942444
-11.66738701 -0.34910700 33.92158508
-11.65122604 1.53377998 33.89226532
-11.82865143 2.31130099 29.74322319
-11.10182190 3.92872405 29.77048874
-11.20541954 3.23973989 33.93077087
-10.29725838 4.71444416 34.03531647
-11.30991173 -1.16159105 36.68434906
-11.06575966 -2.12804294 37.10913849
-10.34616375 -3.42704201 39.03916931
-10.63685322 -2.46419001 39.02363586
-10.88098145 -1.48845994 39.01125336
-11.07284546 -0.49178401 38.99187469
-9.61628723 5.47803020 36.81811523
-10.18680668 4.86396694 37.17487335
-10.68502617 4.12437820 36.73052216
-10.65932655 3.79628301 39.03487396
-10.23361778 4.57183123 39.10061646
-9.73996162 5.26288223 39.07021332
-9.15856075 5.85886812 39.07498932
-11.33985138 2.52708507 36.60383224
-11.05730724 3.36610603 37.05780029
-11.52277946 0.76174200 36.59633636
-11.42792130 -0.15426999 37.03545761
-11.46637535 1.68774796 36.97800446
-11.22920513 0.45362499 38.84177399
-11.25845337 1.33822095 38.81758881
-11.18362999 2.19242406 38.82246399
-10.99960518 2.99979901 38.86040497
-5.84438181 7.32172298 34.72634125
-6.66480207 7.22169781 37.16355133
-7.43581295 6.76215506 34.45554352
-5.89601517 7.49546194 37.62818909
-8.21957016 6.50673723 36.96616745
-8.99046898 5.89686012 34.20741653
-8.94681454 6.05788422 37.26883698
-7.44963121 6.92768002 37.44077301
-8.49978828 6.37156105 39.11484528
-7.78701878 6.80681610 39.17401505
-7.04354715 7.16805220 39.24327087
-6.29531384 7.45880604 39.31031799
-4.91507292 7.36591005 31.03322220
-4.11648607 7.28091002 27.69952583
-5.58488894 6.97633982 27.22931671
-3.36862898 7.22069502 24.50880051
-4.62066317 6.93715382 23.94173813
-6.28636503 6.47613478 23.33299637
-9.87195778 5.25890493 29.92758942
-9.11760139 5.56454182 26.33541679
-10.64586353 4.40371895 26.12753296
-8.20181656 5.74620724 22.80839920
-10.04088688 4.72026491 22.50481033
-11.45680428 3.42469096 22.51519775
-7.32986116 6.42113304 26.73541641
-8.26394844 6.27578211 30.23529053
-6.52441216 6.97071600 30.63545609
7.72293615 4.41277122 41.30490494
7.83308887 4.19804096 41.91319275
9.98992729 2.11371589 41.52644348
9.22955513 2.81431794 41.89484787
9.21075916 2.58043003 42.34786987
9.25681019 3.04438710 41.29495239
10.82854652 0.28038099 42.09978485
10.26219654 1.03278899 42.33656311
10.15698814 0.78615302 42.67919922
11.21338272 0.60680598 41.17029190
10.52705002 1.47599006 41.41280365
10.39502239 1.26067400 41.90797806
9.96922302 2.38079309 41.05557251
11.48485184 -1.10808098 41.97174072
11.13728523 -0.33902901 42.06652069
10.85206890 -0.48800701 42.49089432
11.71400642 -0.61251098 41.38576508
10.92296314 0.52930403 41.76371765
11.61769485 -2.39230609 42.17381287
11.56679916 -1.75459504 42.10151672
11.15359688 -1.80623603 42.57702637
12.16104889 -2.32263899 41.47163773
11.40487862 -3.00962305 42.45512772
11.89422703 -3.02925992 41.92454147
12.25425529 -3.65525103 41.47602463
11.90987110 -4.44441509 41.79987335
12.48478317 -4.50799417 41.08610535
11.70008087 -5.89905500 41.61149597
11.32139778 -7.22902489 41.33741379
11.17058659 -6.49717522 41.93523788
12.16089153 -5.23178291 41.30736923
11.66307926 -3.69091392 42.16571808
11.09670830 -2.40016294 42.73720932
11.06398201 -1.16240799 42.50056458
10.54567528 0.17021100 42.54528809
9.79117298 1.97071803 42.11779022
8.51185989 3.66765904 41.60244751
7.12441587 -11.40755653 39.87204742
9.76779747 -9.52177906 40.76853943
5.73293686 5.74779892 40.50581741
1.93844903 7.21114922 39.83610535
-8.44588947 0.05333800 45.38546371
-8.13677883 -1.03249097 45.49664307
-7.53048086 -0.14715301 46.27177811
-7.02363014 -1.23798800 46.55377960
-6.62339878 -0.12104300 47.09262848
-7.71950722 -1.99120402 45.67743301
-7.00529385 -2.28571796 46.31316757
-5.92484379 -0.96206599 47.59288788
-7.51488400 -2.95760608 45.53068161
-6.55870295 -3.12706208 46.44649887
-6.22182322 -2.13896799 47.09442520
-7.11522293 -4.06179380 45.41963196
-6.02825594 -4.11812687 46.54564285
-5.49969721 -3.25078201 47.46762848
-5.32870817 -2.00089598 47.95404816
-5.21218109 -0.16882700 48.26978302
-5.12437820 -1.12359905 48.26720428
-6.42085600 -5.07097912 45.58007431
-5.31258488 -5.07808685 46.76658630
-5.31805801 -4.19735479 47.28707886
-4.46497822 -4.39320612 48.20970154
-4.60747099 -2.83902097 48.48946762
-4.58365917 -1.71259296 48.66332245
-5.81021976 -6.03785419 45.56457520
-5.31848192 -6.87947083 45.39024734
-4.82443523 -6.24892521 46.40812683
-4.41737223 -7.41304016 45.74787140
-3.76454210 -6.61942816 47.22378159
-4.40068579 -5.59848118 47.43090820
-3.68712592 -5.73781109 48.35631561
-3.63171911 -5.13341379 49.26340103
-2.92369699 -6.63941908 48.37112427
-2.97459292 -6.11305809 49.49719238
-3.27635098 -5.51513577 50.05249405
-3.74008107 -8.21889305 45.47816086
-3.30193710 -7.63176107 46.48931122
-2.86754107 -7.20522022 47.48196411
-2.85189295 -8.55015659 45.71757507
-2.22802496 -7.92282581 46.99297714
-2.16187310 -7.30631590 48.16242981
-2.12342811 -6.93049717 49.37051392
-1.50082600 -7.76502419 47.84100342
-1.36198401 -7.45703077 48.77810669
-1.18313503 -8.29566097 47.04793549
-1.77999997 -8.84256458 45.94113922
-0.88130200 -8.87632847 46.25775146
-0.59533101 -7.91838121 48.09572601
-0.47922701 -7.57658291 49.39656830
-1.33065796 -7.30039501 49.71493149
-0.14538200 -8.55716705 46.94783783
-0.25153399 -9.28897953 45.81282043
0.19553500 -7.78224802 48.64381409
-3.93718100 -3.46074390 49.23465347
-3.82625699 -2.24171090 49.29381561
-4.54508591 -0.77977300 48.76338196
-3.83448410 -4.32780695 49.36178589
-4.03975916 -1.29905903 49.12563705
-3.85572290 -0.51324397 49.27534866
-3.56762195 -4.74512386 50.03172302
-3.57658601 -3.92546105 50.01765060
-3.31051993 -3.05574393 49.96913147
-3.35455990 -1.24838102 49.58601379
-2.92284894 -2.08347297 49.92569351
-2.36991310 -1.06699896 50.08788300
-2.01599598 -2.14507794 50.30788422
-1.35500097 -1.35843897 50.38247681
-1.03396702 -2.23009109 50.46247864
-0.57788002 -1.56785405 50.47563934
-0.07223300 -2.10664797 50.49067688
-0.60404199 -0.79278398 50.52335358
-7.85284424 0.69030100 46.04093170
-7.09309292 0.76179802 46.73107910
-6.23819780 0.80808198 47.46053696
-5.91911983 0.04360700 47.71167755
-8.54898643 1.18474603 45.31253815
-7.64033413 1.58667004 46.19316864
-6.66915512 1.73979795 47.03863144
-7.25221300 2.52291298 46.41105652
-8.41648102 2.58414507 45.26216125
-7.27326393 3.68250394 46.08520889
-5.57406616 0.65717202 48.00969696
-6.24958420 2.97520995 47.19385529
-5.53037405 1.75702906 47.98581696
-7.61309385 5.00575876 45.17852020
-6.67279100 4.65093899 46.30192947
-6.30441284 4.04829502 46.87255096
-6.37542820 5.52146387 46.08379745
-4.94032907 0.84161800 48.51267624
-5.15501881 3.05791497 48.12551117
-4.70364285 2.34555602 48.63607788
-5.53975916 3.96486402 47.55841827
-4.69543219 4.05026102 48.27028275
-5.03998184 4.70111799 47.70928955
-5.76609087 4.90584898 46.98744965
-5.54596376 5.77606297 46.67771149
-4.41033602 0.13780101 48.90576935
-4.19872284 1.05157006 49.09577942
-4.67153120 1.61231995 48.71925354
-4.18170691 3.23032403 48.97764206
-4.83637094 5.57016802 47.39151764
-3.66128707 0.39660600 49.45262527
-3.94957209 2.06230402 49.29991150
-3.89389610 4.35070992 48.94117355
-3.07758594 -0.28412399 49.77062988
-2.86749506 0.73125702 49.99820328
-3.51337600 1.25906503 49.62770081
-3.36151290 3.85162401 49.77059937
-3.47793007 2.87941098 49.72375488
-3.20644689 4.75229502 49.58433151
-4.33002520 4.96321201 48.19632721
-3.56010294 5.23149586 48.78389740
-2.85836005 2.05463004 50.26121140
-3.01914501 3.19526792 50.28332138
-2.89446497 5.44811010 49.41320801
-2.31920600 -0.00069800 50.19182968
-1.74376702 0.96450001 50.65892029
-0.68454301 0.18267500 50.69727325
-0.66807503 0.94470698 50.99526978
-5.75901318 6.38612604 45.96422577
-4.94594193 7.08476496 45.88659668
-5.81913424 7.10328388 45.02229309
-4.93379688 6.38233805 46.68984985
-3.91278911 5.81865597 47.96126556
-4.25325918 6.32018995 47.26379013
-4.15871382 6.98080015 46.62630844
-3.99547696 7.70035601 45.66237640
-4.86405420 7.71117020 44.90509415
-3.08820295 6.00611496 48.53105927
-3.34666491 6.71641779 47.44909668
-2.87470007 8.05288601 45.50878143
-3.34086895 7.44602013 46.46812439
-2.35437202 6.68472910 48.23033142
-2.20381594 7.53204393 46.80398178
-2.41174698 6.04231596 49.24378586
-2.00484300 8.10752010 45.61407471
-1.65593696 6.52804089 49.18195343
-1.35905600 7.12888384 48.03248215
-0.67880303 6.87378693 49.04717255
-0.29669499 7.28482103 47.88573456
-0.91024297 7.67106485 46.89054871
-1.28993404 8.04049110 45.85765457
0.10993900 7.67853498 46.73514557
-0.34812099 8.03723621 45.77676392
0.28444800 -8.08441734 47.86567688
0.70230901 -9.15270233 46.08629608
0.88274598 -8.40618324 47.22221756
1.07361400 -7.82786894 48.30333328
1.58759999 -9.48372746 45.55914307
1.61782205 -8.78045082 46.51307678
1.75446796 -8.13851738 47.42743683
1.41846895 -7.28012609 49.88622284
1.63275099 -7.35288715 49.12371063
2.07771492 -6.95179510 49.80361176
2.48470998 -9.15958405 45.78146362
2.29266310 -8.46039963 46.75246429
2.58685303 -7.89952898 47.36993408
2.07416105 -7.55991793 48.22889328
2.46672392 -6.98308182 48.97814178
2.81977510 -6.36976099 49.80892181
3.02523994 -8.42514133 46.47654724
3.30452609 -8.98357487 45.70104599
2.93510509 -7.22744083 48.05934906
3.45202208 -7.68923998 47.09505844
4.04972076 -8.47552299 45.90535736
4.08926582 -5.85496092 48.40754700
3.26634908 -6.47538519 48.78014374
3.78008604 -6.82975721 47.77908325
4.36504698 -7.37917089 46.77760315
5.00228119 -7.98607111 45.84177017
5.35918617 -6.96785593 46.40544891
4.60594797 -6.42869520 47.40596771
5.31462288 -5.97105408 47.09970474
0.18136001 -1.34988594 50.51258087
0.33626199 -0.31524900 50.63525391
0.92737001 -2.16098189 50.47980499
1.08220696 -1.15392005 50.46237183
1.25448298 -0.31433401 50.51185608
1.87647200 -1.94535899 50.34674835
1.91648602 -0.83516800 50.27666855
1.90401495 0.15352900 50.38106155
2.72598910 -2.51346588 50.20986938
2.70122790 -1.41874194 49.98648834
2.67484689 -0.32839999 49.95317078
3.38587904 -3.02678990 50.01399994
3.53578591 -2.02984810 49.60737991
3.46914506 -0.85558200 49.50064087
3.52074790 -5.62878704 49.57015991
3.77625489 -3.80316210 49.86317062
4.01251793 -2.87156510 49.38581467
4.25728798 -2.15070009 49.07027817
4.18667793 -1.36564398 49.04427338
3.46300411 0.40133500 49.45686340
4.04655409 -5.09922409 49.07309723
4.23641300 -4.36146688 49.11766052
4.64871502 -4.92149591 48.34408569
4.76535797 -4.08474207 48.51477051
3.74775791 -4.74453402 49.87850952
4.44204283 -3.52467108 48.97959900
4.67209291 -2.69049501 48.73957825
4.24022388 -0.38677600 48.91340637
5.32211494 -4.28894901 47.86387634
5.32922697 -5.14403677 47.53183746
5.19401121 -3.33913898 48.19761658
4.87140894 -1.79097497 48.52915955
4.73316813 -0.97368300 48.58768463
6.54006100 -7.03804302 45.52832413
5.86425686 -7.84897280 45.43159103
5.94193411 -6.25016117 46.43144226
6.65194178 -5.89575005 46.05945969
7.52179718 -6.42045689 45.16029739
5.95574284 -5.47371578 46.82217407
6.02678013 -3.66124201 47.35155487
5.90383816 -2.67430997 47.60334015
5.25538397 -2.46431708 48.20465088
5.64573717 -1.82965100 47.86748886
5.34462500 -1.05849802 48.09490967
5.01404190 -0.26358601 48.29074097
7.51401901 -5.24831295 45.63767242
6.60088015 -5.05983496 46.45156479
6.98518991 -4.14418507 46.39415741
6.01972294 -4.61754608 47.10522079
6.53470516 -1.82830799 47.08319092
5.98143387 -1.16901600 47.56207275
5.82355404 -0.32758400 47.62177658
7.83810377 -3.25475311 45.82648468
8.23258209 -4.30664587 45.31616974
7.63636398 -2.13310003 46.10116959
6.80767012 -2.94232392 46.76288605
7.24573994 -1.26909304 46.44956207
6.57656193 -0.81436199 47.01617432
6.54272699 0.06003300 46.93693161
7.36961603 -0.39178801 46.24790955
8.15461826 -1.22154903 45.61466980
8.15363216 -0.38106900 45.50511932
0.09621600 0.64247799 50.93497086
1.03148401 0.58165401 50.79234314
1.95580006 1.23215306 50.64614868
2.58493400 0.58868098 50.08780670
2.43899298 1.93238699 50.56839752
2.91916609 1.48739195 49.97926331
2.86327195 2.47308493 50.26121521
3.34119797 2.21794701 49.62519073
3.14230299 3.93777704 49.75679016
3.30340910 2.99672294 49.66067886
3.67809200 3.48175406 48.99387360
3.44073796 4.33313990 48.90290833
3.95939898 3.92568994 48.35227966
3.77643299 1.56670105 49.17401886
3.83626509 2.56211400 49.01567078
4.38614702 3.10619402 48.19515228
4.50081205 3.99722004 47.55621338
4.56244087 0.73853302 48.53272247
4.52791309 1.98479795 48.37009811
5.28873396 4.00809622 46.56927109
4.46385098 4.92140388 46.77045441
0.25218800 6.95396900 48.83370590
0.84325898 7.18253279 47.61544037
1.09386504 6.73784781 48.85850525
1.04708803 7.62724209 46.16437531
0.37335101 7.93486786 45.83201599
1.73851502 6.32415009 49.23227310
2.06681895 6.54375696 47.81328583
1.66067803 7.18139887 46.80620575
2.35034299 6.93807793 46.52765274
2.95504689 6.94388390 45.50006866
2.02356696 7.37710619 45.70359421
3.08267808 6.40583086 46.57855606
3.18323398 5.05638885 48.64447403
3.80138206 4.65820408 48.00473022
3.28542900 5.61326790 47.63519287
2.51436210 5.72043514 49.00780487
2.88533401 4.89255095 49.57367706
3.96673989 6.34006023 45.31578827
3.92891908 5.80050802 46.38552094
5.60851812 4.63547897 45.56628418
4.90540409 5.52441216 45.37329102
5.07479191 2.47244191 47.66856003
5.80424595 2.52806902 46.86601257
5.14102316 3.25374103 47.24991608
6.25093985 3.77317309 45.58377075
5.37543011 0.42059499 47.89203644
5.53547001 1.42957497 47.51863861
6.54396391 1.79991400 46.40958405
6.74748182 2.79197407 45.69415665
5.83479214 3.29838991 46.43423462
5.94756222 0.50498098 47.38284302
6.48034716 0.90347898 46.79738617
7.09661913 0.42602301 46.34893799
7.25993490 1.11141896 45.96948242
7.49543524 1.89863396 45.38130188
7.87305689 0.36269999 45.59723282
-2.63911390 -2.74251699 50.28527069
-1.51549995 -0.34570700 50.42604065
-6.83220577 6.25994205 44.98947906
0.68609202 -7.55042124 49.48597717
4.78850412 -5.65378380 47.78255463
2.95318389 3.29916310 50.27094269
0.00000000 1.48386300 51.17419815
0.00000000 1.20429206 51.24910736
0.50818998 1.53220904 51.16124344
0.56465602 1.25801003 51.23471451
0.99685103 1.67539203 51.12287521
1.10761201 1.41710305 51.19208527
1.44720304 1.90790796 51.06057358
1.60800397 1.67545402 51.12285995
1.84194005 2.22082210 50.97673035
2.04660010 2.02313590 51.02969742
2.16589189 2.60210800 50.87456512
2.40654707 2.44678712 50.91618347
2.40661097 3.03711605 50.75800323
2.67401195 2.93012905 50.78667068
2.55484509 3.50912595 50.63153076
2.83871603 3.45458388 50.64614487
2.60489702 4.00000000 50.50000000
2.89433002 4.00000000 50.50000000
2.83871603 4.54541588 50.35385513
2.55484509 4.49087381 50.36846924
2.67401195 5.06987190 50.21332932
2.40661097 4.96288395 50.24199677
2.40654802 5.55321217 50.08381653
2.16589308 5.39789104 50.12543488
2.04660106 5.97686386 49.97030258
1.84194100 5.77917814 50.02326965
1.60800397 6.32454586 49.87714005
1.44720304 6.09209204 49.93942642
1.10761201 6.58289814 49.80791473
0.99685103 6.32460785 49.87712479
0.56465602 6.74199009 49.76528549
0.50818998 6.46779108 49.83875656
0.00000000 6.79570818 49.75089264
0.00000000 6.51613712 49.82580185
-0.50818998 1.53220904 51.16124344
-0.56465602 1.25801003 51.23471451
-0.99685103 1.67539203 51.12287521
-1.10761201 1.41710305 51.19208527
-1.44720304 1.90790796 51.06057358
-1.60800397 1.67545402 51.12285995
-1.84194005 2.22082210 50.97673035
-2.04660010 2.02313590 51.02969742
-2.16589189 2.60210800 50.87456512
-2.40654707 2.44678712 50.91618347
-2.40661097 3.03711605 50.75800323
-2.67401195 2.93012905 50.78667068
-2.55484509 3.50912595 50.63153076
-2.83871603 3.45458388 50.64614487
-2.60489702 4.00000000 50.50000000
-2.89433002 4.00000000 50.50000000
-2.83871603 4.54541588 50.35385513
-2.55484509 4.49087381 50.36846924
-2.67401195 5.06987190 50.21332932
-2.40661097 4.96288395 50.24199677
-2.40654802 5.55321217 50.08381653
-2.16589308 5.39789104 50.12543488
-2.04660106 5.97686386 49.97030258
-1.84194100 5.77917814 50.02326965
-1.60800397 6.32454586 49.87714005
-1.44720304 6.09209204 49.93942642
-1.10761201 6.58289814 49.80791473
-0.99685103 6.32460785 49.87712479
-0.56465602 6.74199009 49.76528549
-0.50818998 6.46779108 49.83875656
0.57886600 4.96846199 50.24050140
0.00000000 5.11828279 50.20035553
0.00000000 4.69892693 50.31272125
0.51165003 4.49421597 50.36757660
1.00262499 4.55914211 50.35017776
0.72358298 4.00000000 50.50000000
1.15773201 4.00000000 50.50000000
1.00262499 3.44085789 50.64982224
0.51165003 3.50578403 50.63242340
0.57886600 3.03153801 50.75949860
0.00000000 3.30107307 50.68727875
0.00000000 2.88171697 50.79964447
0.00000000 2.32257509 50.94946289
0.66456699 2.45026207 50.91525269
1.22795999 2.81388092 50.81781769
1.60440695 3.35807705 50.67200089
1.73659801 4.00000000 50.50000000
1.60440695 4.64192295 50.32799911
1.22795999 5.18611908 50.18218231
0.66456699 5.54973888 50.08474731
0.00000000 5.67742491 50.05053711
0.00000000 6.09678078 49.93816757
0.83070898 5.93717289 49.98093414
1.53495097 5.48264790 50.10272598
2.00550890 4.80240393 50.28499603
2.17074800 4.00000000 50.50000000
2.00550890 3.19759607 50.71500397
1.53495002 2.51735210 50.89727402
0.83070898 2.06282711 51.01906586
0.00000000 1.90321898 51.06183243
-0.57886600 4.96846199 50.24050140
-0.51165003 4.49421597 50.36757660
-1.00262499 4.55914211 50.35017776
-0.72358298 4.00000000 50.50000000
-1.15773201 4.00000000 50.50000000
-1.00262499 3.44085789 50.64982224
-0.51165003 3.50578403 50.63242340
-0.57886600 3.03153801 50.75949860
-0.66456699 2.45026207 50.91525269
-1.22795999 2.81388092 50.81781769
-1.60440695 3.35807705 50.67200089
-1.73659801 4.00000000 50.50000000
-1.60440695 4.64192295 50.32799911
-1.22795999 5.18611908 50.18218231
-0.66456699 5.54973888 50.08474731
-0.83070898 5.93717289 49.98093414
-1.53495097 5.48264790 50.10272598
-2.00550890 4.80240393 50.28499603
-2.17074800 4.00000000 50.50000000
-2.00550890 3.19759607 50.71500397
-1.53495002 2.51735210 50.89727402
-0.83070898 2.06282711 51.01906586
0.00000000 3.72042894 50.57490921
0.28943300 4.00000000 50.50000000
0.00000000 4.00000000 50.50000000
-0.28943300 4.00000000 50.50000000
0.00000000 4.27957106 50.42509079
0.00000000 -6.95830488 50.50000000
-0.00000200 -7.61095619 50.50000000
0.49988401 -6.93274784 50.50000000
0.95789599 -7.45392513 50.50000000
0.98437202 -6.84255123 50.50000000
1.73755503 -7.10293293 50.50000000
1.51913702 -6.67446899 50.50000000
2.01829696 -6.42265987 50.50000000
2.39211702 -6.63687611 50.50000000
2.45092392 -6.05639601 50.50000000
2.80525088 -6.23410797 50.50000000
2.79179001 -5.71896887 50.50000000
3.21320510 -5.69464302 50.50000000
3.01775193 -5.36455917 50.50000000
3.47028899 -5.18120193 50.50000000
3.18573689 -5.02515793 50.50000000
3.57184911 -4.80017805 50.50000000
3.27013302 -4.65823698 50.50000000
3.61493611 -4.34319115 50.50000000
3.26870894 -4.37479305 50.50000000
3.26124907 -4.12673998 50.50000000
3.48112607 -3.92839599 50.50000000
3.22025704 -3.95435810 50.50000000
3.28822708 -3.62482500 50.50000000
3.12448096 -3.76941299 50.50000000
2.99232411 -3.58684111 50.50000000
2.97207093 -3.31531596 50.50000000
2.82253194 -3.44931102 50.50000000
2.58417892 -3.30219293 50.50000000
2.55100298 -3.03992009 50.50000000
2.25031400 -3.13970304 50.50000000
2.05455589 -2.81540704 50.50000000
1.85079801 -2.97983098 50.50000000
1.72398996 -2.71719003 50.50000000
1.52555096 -2.87808990 50.50000000
1.39342403 -2.61897206 50.50000000
1.23650599 -2.79502010 50.50000000
1.06289303 -2.56286907 50.50000000
0.77706599 -2.72589588 50.50000000
0.73236197 -2.50676489 50.50000000
0.31762701 -2.71296597 50.50000000
0.36618000 -2.48588705 50.50000000
-0.00000200 -2.46500897 50.50000000
0.00000000 -2.71784902 50.50000000
-0.49988401 -6.93274784 50.50000000
-0.95789599 -7.45392513 50.50000000
-0.98437202 -6.84255123 50.50000000
-1.73755503 -7.10293293 50.50000000
-1.51913702 -6.67446899 50.50000000
-2.01829696 -6.42265987 50.50000000
-2.39211702 -6.63687611 50.50000000
-2.45092392 -6.05639601 50.50000000
-2.80525088 -6.23410797 50.50000000
-2.79179001 -5.71896887 50.50000000
-3.21320510 -5.69464302 50.50000000
-3.01775193 -5.36455917 50.50000000
-3.47028899 -5.18120193 50.50000000
-3.18573689 -5.02515793 50.50000000
-3.57184911 -4.80017805 50.50000000
-3.27013302 -4.65823698 50.50000000
-3.61493611 -4.34319115 50.50000000
-3.26870894 -4.37479305 50.50000000
-3.26124907 -4.12673998 50.50000000
-3.48112607 -3.92839599 50.50000000
-3.22025704 -3.95435810 50.50000000
-3.28822708 -3.62482500 50.50000000
-3.12448096 -3.76941299 50.50000000
-2.99232411 -3.58684111 50.50000000
-2.97207093 -3.31531596 50.50000000
-2.82253194 -3.44931102 50.50000000
-2.58417892 -3.30219293 50.50000000
-2.55100298 -3.03992009 50.50000000
-2.25031400 -3.13970304 50.50000000
-2.05455589 -2.81540704 50.50000000
-1.85079801 -2.97983098 50.50000000
-1.72398996 -2.71719003 50.50000000
-1.52555096 -2.87808990 50.50000000
-1.39342403 -2.61897206 50.50000000
-1.23650599 -2.79502010 50.50000000
-1.06289303 -2.56286907 50.50000000
-0.77706599 -2.72589588 50.50000000
-0.73236197 -2.50676489 50.50000000
-0.31762701 -2.71296597 50.50000000
-0.36618000 -2.48588705 50.50000000
3.02915597 -3.96753502 50.50000000
3.06106305 -4.11556292 50.50000000
3.01142001 -4.34270191 50.50000000
2.89420104 -4.56114006 50.50000000
2.80458498 -3.99209809 50.50000000
2.91072392 -3.89559293 50.50000000
2.82684708 -3.71384311 50.50000000
2.57130504 -3.77538610 50.50000000
2.51210594 -4.21804285 50.50000000
2.70619798 -4.34240198 50.50000000
2.51358294 -4.69188690 50.50000000
2.23442292 -4.56310606 50.50000000
2.22912693 -5.03757381 50.50000000
2.23972011 -4.08863783 50.50000000
2.24501705 -3.61417103 50.50000000
1.84237099 -4.70964098 50.50000000
1.83956206 -5.28624296 50.50000000
1.84518003 -4.13303804 50.50000000
1.84798896 -3.55643392 50.50000000
1.43902397 -4.82082081 50.50000000
1.41018200 -5.46839809 50.50000000
1.46786702 -4.17324400 50.50000000
1.49670899 -3.52566695 50.50000000
1.02512598 -4.89515305 50.50000000
0.95466602 -5.59519720 50.50000000
1.09558594 -4.19510794 50.50000000
1.16604602 -3.49506402 50.50000000
0.51727200 -3.38905191 50.50000000
0.50512302 -4.14953995 50.50000000
0.49297500 -4.91002893 50.50000000
0.48082599 -5.67051792 50.50000000
0.00000000 -4.95090008 50.50000000
0.00000000 -5.69525003 50.50000000
0.00000000 -4.20655012 50.50000000
0.00000000 -3.46219993 50.50000000
2.91666102 -4.99723005 50.50000000
2.68604207 -4.96520376 50.50000000
2.71968699 -5.34413481 50.50000000
2.35562611 -5.67839718 50.50000000
2.29473805 -5.30208588 50.50000000
1.94548595 -6.01983786 50.50000000
1.87267399 -5.61701584 50.50000000
1.45595396 -5.84258413 50.50000000
1.48754501 -6.25852680 50.50000000
0.95311999 -6.39876080 50.50000000
0.92186898 -5.95497084 50.50000000
0.44811800 -6.46671581 50.50000000
0.39635101 -6.00068283 50.50000000
0.00000000 -6.01178885 50.50000000
0.00000000 -6.48504686 50.50000000
2.99937606 -3.79428005 50.50000000
-3.02915597 -3.96753502 50.50000000
-3.06106305 -4.11556292 50.50000000
-3.01142001 -4.34270191 50.50000000
-2.89420104 -4.56114006 50.50000000
-2.80458498 -3.99209809 50.50000000
-2.82684708 -3.71384311 50.50000000
-2.91072392 -3.89559293 50.50000000
-2.57130504 -3.77538610 50.50000000
-2.51210594 -4.21804285 50.50000000
-2.70619798 -4.34240198 50.50000000
-2.51358294 -4.69188690 50.50000000
-2.23442292 -4.56310606 50.50000000
-2.22912693 -5.03757381 50.50000000
-2.23972011 -4.08863783 50.50000000
-2.24501705 -3.61417103 50.50000000
-1.84237099 -4.70964098 50.50000000
-1.83956206 -5.28624296 50.50000000
-1.84518003 -4.13303804 50.50000000
-1.84798896 -3.55643392 50.50000000
-1.43902397 -4.82082081 50.50000000
-1.41018200 -5.46839809 50.50000000
-1.46786702 -4.17324400 50.50000000
-1.49670899 -3.52566695 50.50000000
-1.02512598 -4.89515305 50.50000000
-0.95466602 -5.59519720 50.50000000
-1.09558594 -4.19510794 50.50000000
-1.16604602 -3.49506402 50.50000000
-0.51727200 -3.38905191 50.50000000
-0.50512302 -4.14953995 50.50000000
-0.49297500 -4.91002893 50.50000000
-0.48082599 -5.67051792 50.50000000
-2.91666102 -4.99723005 50.50000000
-2.68604207 -4.96520376 50.50000000
-2.71968699 -5.34413481 50.50000000
-2.35562611 -5.67839718 50.50000000
-2.29473805 -5.30208588 50.50000000
-1.94548595 -6.01983786 50.50000000
-1.87267399 -5.61701584 50.50000000
-1.45595396 -5.84258413 50.50000000
-1.48754501 -6.25852680 50.50000000
-0.95311999 -6.39876080 50.50000000
-0.92186898 -5.95497084 50.50000000
-0.44811800 -6.46671581 50.50000000
-0.39635101 -6.00068283 50.50000000
-2.99937606 -3.79428005 50.50000000
2.92039299 -4.10927677 50.50047684
-2.92039299 -4.10927677 50.50047684
8.37406254 3.49865294 42.41354370
7.76085806 4.06535721 42.57427979
7.30420494 4.45205021 42.73348999
7.13007498 4.67783403 42.41524506
6.80287600 5.00323582 41.96188354
6.09499216 5.48356390 42.16245270
5.58388281 5.80771494 42.35448456
5.29326200 5.98316479 41.93325043
4.79267311 6.23087597 41.28832626
3.95963597 6.61846018 41.46059799
3.26075602 6.92166281 41.68166733
3.43433905 6.93805695 42.79151535
2.83167410 7.20554495 42.93640900
2.62969303 7.18602896 41.94483185
2.26322603 7.44021511 43.08554077
2.10234690 7.40440702 42.22182465
1.71374202 7.63304090 43.11623383
1.88030195 7.64057922 44.06192780
1.28518105 7.83366203 44.13458252
1.52161098 7.71300220 45.03685379
2.08530903 7.54465103 44.75859070
2.59440899 7.31013107 44.77951050
2.43558788 7.42738724 43.96202087
2.98687410 7.18554211 43.85688019
3.12768793 7.07937622 44.56756592
3.53928399 6.91927195 43.77641296
4.06170797 6.64135885 42.70458221
4.06878901 6.64434719 43.75491333
4.62604189 6.35478210 42.80592346
5.06820297 6.09980583 43.02930450
5.49489689 5.81705618 43.11192322
4.93811607 6.10589123 43.88188171
4.53139305 6.38241386 43.79355621
4.45373678 6.32050800 44.47986221
4.11208487 6.54288816 44.45768738
4.79845381 6.00460577 44.64116287
5.36027098 5.79243088 43.90950012
5.97945309 5.46943378 43.07266998
6.41217899 5.11376190 43.14576721
5.76592207 5.46777105 43.91711807
5.26079798 5.68146992 44.53583527
5.55025482 5.41383600 44.56941986
6.10484886 5.13625908 44.00526047
6.73884678 4.78933287 43.31776428
7.08140421 4.43844891 43.38084030
6.44101095 4.77623892 44.08385468
5.78796005 5.06228590 44.76599121
6.20420122 4.65678978 44.71805573
6.46057081 4.24271297 44.85279465
6.85631704 3.81827688 44.76522446
7.06187916 3.37026095 44.90582657
7.43198395 2.93079710 44.80319214
7.72680616 3.13159704 44.21096039
8.02732658 2.69427705 44.20015717
7.66323519 2.47518611 44.85514069
8.03163242 2.06143904 44.69542694
8.17479897 1.68567300 44.74403381
8.55545902 1.81147695 44.18863678
8.70320129 1.34344995 44.27973938
8.12721157 1.13448405 45.04981995
8.52793503 0.52271199 44.86426544
8.89735126 0.80296701 44.31608582
9.12278843 0.21761400 44.29884338
9.55706882 0.43717799 43.67188644
9.32143879 0.98184597 43.68862152
9.92302132 0.60728300 43.10840607
10.20751095 0.01479700 43.05298233
10.44252968 -0.62719399 43.03791046
9.78466225 -0.17062400 43.65542984
9.29695129 -0.40138099 44.30655289
9.96527004 -0.80584699 43.65941238
10.59792137 -1.27492905 43.06585312
10.65367126 -1.88715196 43.14049911
10.07674885 -1.43642199 43.68920135
9.44238377 -1.02725899 44.30413055
8.77244854 -0.70555198 44.94657135
8.62467575 -0.04116800 44.94419098
8.94808960 -1.26624095 44.86334991
9.50180435 -1.63535595 44.33754730
10.11600018 -2.04537606 43.73791885
10.61400986 -2.38226509 43.24916077
10.80893898 -2.90179706 43.07122421
10.17066860 -2.66349101 43.71746826
9.48019028 -2.28263402 44.39731216
8.84117699 -1.80428100 45.01116180
8.63309288 -2.55246305 45.19298553
8.31066704 -1.91905200 45.51496887
8.82250023 -3.50155902 44.94449234
9.52123642 -3.01532888 44.34513092
9.65789986 -3.75796604 44.16065598
10.29233742 -3.33659601 43.58303833
11.00506210 -3.56931710 42.85538483
11.19328117 -4.32181406 42.57991028
10.42515087 -4.07183218 43.38436890
9.75051403 -4.46135092 43.97295380
10.52113247 -4.92806101 43.13394928
11.43073559 -5.11757088 42.16566467
10.90903282 -5.74666214 42.51889038
10.39736652 -6.29844189 42.82484818
10.56703186 -7.00408602 42.30315018
9.82116985 -6.71347809 43.17764664
9.72685242 -6.11028004 43.53356171
10.08984566 -5.62624788 43.36506653
9.72584724 -5.07099009 43.86411285
9.06337929 -4.77597713 44.52299881
9.09593773 -4.15557384 44.62032318
8.44977760 -5.14238214 44.93524933
8.34733772 -5.88499594 44.76231384
9.20543385 -5.55855417 44.17755508
9.10727406 -6.33200407 43.97292328
9.17610741 -7.05369616 43.56774139
9.91438961 -7.41672897 42.69296646
9.25252247 -7.74759007 43.08020020
8.56649208 -7.39101219 43.88126373
8.68566704 -7.97892380 43.39728546
7.98184204 -7.77747488 44.06920624
8.43919468 -8.49535370 43.15627670
7.72794294 -8.40763092 43.76645660
8.00971413 -9.18014908 42.80084991
7.06504297 -8.67774582 43.99663544
7.15571690 -9.51002216 43.10850525
6.60153580 -9.14560413 43.89813232
6.52085686 -9.64014339 43.40527344
6.02799606 -9.22613811 44.14315033
5.92182398 -9.99492264 43.24448395
5.33810520 -9.30176544 44.41830826
5.07441902 -9.89188766 43.82429504
5.16845417 -10.70006943 42.52339172
4.36647606 -10.05622482 43.91330338
4.10162497 -10.75268555 42.95107651
4.42209196 -11.60132408 41.16027832
3.08773589 -11.09011745 42.73555756
3.31166792 -12.01390553 40.80683899
2.13850689 -11.92956161 41.33033752
1.03316498 -12.20557690 40.89774704
1.02585602 -11.28996658 42.75586319
2.03951597 -11.12572575 42.98957062
1.62397099 -10.72451591 43.76904297
2.31177998 -10.47562885 44.03581238
1.62281704 -10.15484333 44.64176941
2.15104008 -9.83103371 45.00539017
0.94205397 -9.91573524 45.01495361
0.26951200 -9.75602341 45.21566772
0.34958300 -10.47591400 44.13850021
1.11363399 -10.51791286 44.12234116
-0.03220700 -11.15763760 42.95651245
-0.05931700 -11.97649765 41.31961823
-0.99415100 -11.27169228 42.51727676
-1.14419198 -12.08177376 40.85847473
-2.09859610 -11.65132618 41.31468201
-1.85777903 -10.86411572 42.93549347
-1.25039101 -10.32365131 44.03715515
-0.46846601 -10.65694141 43.74052429
-0.40281099 -9.99482536 44.76458359
-1.06892800 -9.48705673 45.31904221
-1.86141300 -9.66185760 44.79050064
-2.07848310 -10.28424072 43.79187012
-2.82265806 -10.68756676 42.70150375
-2.57117891 -9.84524155 44.19687653
-2.41972804 -9.22676754 45.12052917
-3.04548001 -9.30130291 44.67049408
-3.17627311 -9.91494370 43.74357605
-3.76030707 -9.48252201 43.93250275
-3.49056506 -8.84979153 44.94409180
-4.06775808 -8.77934742 44.60663605
-4.40028095 -9.26641655 43.71485138
-4.45391512 -10.04019547 42.49074554
-5.01513481 -9.31618309 43.02712250
-4.66338015 -8.71745300 44.17841339
-4.35490513 -8.22662735 44.99400330
-4.91117811 -8.10492611 44.62545776
-5.21303511 -8.66595554 43.68994141
-5.81053495 -9.06558132 42.42328262
-5.62877083 -8.13683319 43.84196472
-5.20489407 -7.56310415 44.88601685
-5.78243685 -7.37554407 44.47582245
-5.94110107 -6.77154779 44.85546875
-6.43127680 -7.17304802 43.90364838
-6.19482422 -7.81092691 43.54483032
-6.84408522 -7.96536493 42.39245987
-6.25490379 -8.40617371 42.74408340
-6.72073889 -9.00169373 41.14282990
-7.37140703 -8.51329422 40.69276428
-7.71602106 -7.67332697 41.14980316
-7.09851503 -7.08582783 43.02552032
-6.74029684 -6.75876522 43.93281937
-7.01994705 -6.31426382 43.92518234
-6.40675879 -6.47654200 44.58655548
-6.53407097 -5.87444019 44.90795135
-7.05517721 -5.53634977 44.53320694
-7.16485214 -4.88950396 44.87294006
-7.69504595 -5.21477318 43.90446472
-7.52097511 -5.89449883 43.58336639
-8.03029346 -5.80197811 42.79219055
-7.77278185 -6.58825302 42.40080261
-8.58673286 -6.18388700 41.12545013
-8.49921608 -5.07544422 42.57618332
-9.10787487 -5.46213722 40.68621826
-9.32466030 -4.52227116 41.16024780
-9.80638981 -3.70370102 40.69180679
-9.16707897 -3.42335701 42.64086151
-8.76914024 -4.24213505 42.84718323
-8.42220783 -3.75007796 43.89977264
-8.32580566 -4.39415216 43.60192871
-7.99961519 -4.69621992 43.89208603
-7.87987804 -4.18440580 44.44219208
-7.83417416 -3.61267090 44.84363937
-7.56878424 -4.60478210 44.57719421
-8.23173141 -3.12720108 44.58905029
-8.14748096 -2.53046298 44.99133682
-8.76229763 -2.66451812 44.01751709
-8.66213608 -3.24585199 43.85384369
-9.39543247 -2.47103500 42.92323303
-9.97520161 -2.71306801 41.16328049
-9.78914261 -1.60261703 42.60924911
-10.39810371 -1.82679498 40.67484283
-10.47170544 -0.82781702 41.16295624
-9.92752838 -0.69661200 42.86381912
-9.39602089 -0.88080698 43.88702393
-9.32959557 -1.43352401 43.77918243
-8.89886665 -1.31157804 44.50797272
-8.82174683 -0.66898501 44.82241058
-8.47724247 -1.90987206 44.82009888
-9.13201046 -1.90651202 43.84242630
-9.16741180 -0.15208700 44.48911285
-9.66432953 -0.25638300 43.64518738
-9.55449200 0.35426801 43.96944046
-9.02103424 0.50149602 44.78187180
-9.32810688 1.05964696 44.36647034
-9.87133408 0.85860598 43.41685486
-9.77349758 1.64492595 43.58915710
-9.09459496 1.77904201 44.63600159
-9.33582973 2.36906695 44.23497009
-9.89164352 2.33443689 43.29582214
-9.59938145 2.95788693 43.64532852
-9.11610031 2.82166100 44.46945953
-9.04032898 3.30392098 44.40016556
-9.44729996 3.47695208 43.73152924
-9.17307472 3.97715902 43.86409760
-8.36505318 3.88307691 44.93587875
-8.58438683 4.61754608 44.35536194
-9.13920212 4.56468391 43.52979660
-8.76735306 5.07893276 43.66650009
-8.31181908 5.03995800 44.46490479
-8.20269394 5.34734201 44.32015228
-8.43579102 5.64639807 43.50027847
-9.06059361 5.36927605 42.38756561
-9.42286110 4.77145481 42.51494598
-9.67348671 4.99646282 40.94638824
-10.04661942 4.21183300 41.21822739
-9.57120705 4.24630213 42.84352493
-9.85114098 3.57912397 42.68543243
-10.50734425 3.34022999 40.80309296
-10.29916668 2.68154001 42.10274887
-10.27939034 1.93711305 42.46985626
-10.41326046 1.09897494 42.09932709
-10.80104446 1.85526502 40.81621552
-10.82101059 2.63374996 40.37572479
-9.19672489 5.62605381 40.86405182
-8.60990047 5.92731619 42.31048965
-8.63506126 6.16994619 40.84819031
-8.08861923 6.41978884 42.28489304
-8.01937199 6.15567398 43.42602921
-7.78297091 5.82190084 44.35316467
-7.48228598 6.33278513 44.15631104
-7.11828184 6.66398287 44.14662170
-7.56560898 6.59773779 43.38475037
-7.04291821 6.97137499 43.41313934
-7.51235580 6.84458923 42.29553223
-8.00773430 6.63872814 40.86894608
-7.33536911 7.03731394 40.90894318
-6.64022398 7.37048292 40.95362091
-5.94501686 7.64092779 40.99197388
-6.25754499 7.52477217 42.34856796
-5.62442017 7.78384304 42.35739899
-5.26920986 7.85009480 41.01864624
-5.01303482 7.98509884 42.34730911
-4.62757921 8.00094032 41.03550720
-4.44017982 8.12814140 42.32855225
-4.02626085 8.09987354 41.05661774
-3.90361595 8.22112846 42.37372589
-3.45832491 8.15691471 41.08071518
-3.36892509 8.28308296 42.40681076
-3.85020709 8.26985741 43.57110214
-4.30303001 8.19688416 43.23374176
-4.49966812 8.09209633 44.06846619
-4.77862501 8.07385159 43.34653473
-5.01942682 7.92427683 44.10097885
-5.32360411 7.87837219 43.41046906
-5.52226400 7.64497709 44.27737045
-5.89622402 7.62512684 43.43673325
-6.07842398 7.37462521 44.19361877
-6.47512817 7.31817484 43.43524933
-6.57947922 6.98532915 44.29835510
-4.05797720 8.09659004 44.67127991
-3.45508194 8.32190704 44.24221802
-3.51971102 8.15926647 45.03147125
-3.06378794 8.31904316 44.64791870
-2.83055711 8.39030647 43.64493561
-3.27705002 8.36100292 43.34786606
-2.84457994 8.31589031 42.42580414
-2.91477299 8.18023491 41.09333801
-2.38996100 8.17286777 41.09262085
-1.87387002 8.13728237 41.07976913
-1.35167098 8.07627106 41.05017090
-1.80533397 8.28033257 42.45007324
-2.32700801 8.31304359 42.43821335
-2.26011205 8.38787460 43.41968536
-2.51317692 8.36123085 44.38976288
-2.14006901 8.29787445 44.87007904
-1.79879296 8.35595226 43.76159668
-1.25944996 8.21918964 42.44506073
-0.80581200 7.98977995 40.99289703
-0.21770100 7.87231684 40.89388275
0.43795201 7.71121407 40.73117065
-0.03637000 8.00612831 42.35874939
-0.67362499 8.13130665 42.41384888
-1.14959097 8.29148865 43.50133133
-1.40555596 8.28334045 44.70162964
-0.58621001 8.22372818 43.79924393
-0.76540601 8.21814537 45.01221466
-0.13118500 8.17319298 44.60652924
0.25872099 8.08176994 45.12976074
0.60236597 8.01305294 44.05189514
0.10794600 8.09503174 43.49947357
0.71850699 7.82920885 42.34641266
1.17818296 7.79772377 43.13824463
1.58935595 7.51810598 41.77298737
1.17316604 7.48608780 40.39332581
0.84143800 7.92698288 45.10857773
-6.89423990 7.21063805 42.32448578
-10.95112419 1.00343204 40.36463165
-10.76497364 0.22734800 40.77343369
-10.13426590 0.10884300 42.64265442
-8.31392288 -7.07017183 40.66609192
-6.24854612 -9.74018383 40.74691772
-5.46688509 -10.09353733 41.23845673
-4.83673906 -10.77116585 40.82145691
-3.93392611 -10.99567127 41.29772568
-3.12167192 -11.55014992 40.89588928
-3.64331198 -10.23878765 42.90036392
2.74456811 -9.92789459 44.72630310
3.16020012 -9.52314758 45.11415482
3.45477295 -10.17785358 44.11229706
2.90135098 -10.42648697 43.96291351
3.81766391 -9.41628838 44.97232819
4.58609295 -9.31261921 44.76351166
4.89740992 -8.72923660 45.23638153
5.55485678 -8.60802746 44.99833298
6.26770782 -8.58381939 44.60980225
6.56795120 -7.99141407 44.88264084
7.19639111 -7.84736395 44.56825256
7.41379118 -7.22147083 44.82960510
7.95786095 -7.08927393 44.51940155
8.42584610 -6.68666315 44.36420441
5.86101913 -11.53064823 40.51068115
6.42350006 -10.81250763 41.64252853
6.90338802 -10.17213440 42.41623688
7.83913708 -10.04342175 41.87757874
8.81085300 -9.81095314 41.33726501
9.03245354 -9.08247852 42.06409454
9.21660900 -8.40772057 42.59038544
9.95225143 -8.12791634 42.13567734
10.66045570 -7.72668600 41.72140503
9.64693260 1.06945801 43.19544601
9.14460373 1.44122899 43.63697052
8.98401546 1.86875296 43.53377533
9.63072586 1.36587000 42.99540710
9.54698753 1.78730500 42.73446655
9.04374123 2.42553806 42.86417389
8.65127754 2.86124992 42.99963379
8.36919975 2.81201291 43.55111694
8.09201431 3.21052098 43.51994324
7.44168377 3.55043197 44.17712402
7.13627577 3.96769190 44.13481903
6.79179811 4.38239622 44.11548615
7.49051905 4.01759911 43.35021973
7.84197807 3.59111810 43.40059280
8.56174278 3.12143898 42.75775146
8.71072006 2.34192300 43.50778961
8.32085991 2.24695110 44.17709732
3.61502910 6.79366112 44.62522125
