-2.26136303 1.30016398 3.57448912
-2.81895494 2.35203099 4.72893095
-0.91939098 1.79759896 4.15573597
-3.38690996 3.19594407 7.13708115
-1.47502995 2.80179501 5.92297697
0.36866799 2.05624795 5.93225384
-3.89631510 3.72349811 10.31543159
-2.10987997 3.43377995 8.61478233
-4.33129883 4.04143381 13.93853283
-2.72254705 3.74725008 11.97346783
-1.08466804 3.28060102 10.89471817
-0.34144801 2.85968900 8.07044411
1.34952700 1.98721194 8.65642166
0.50609899 2.57329297 10.96419144
2.03666306 1.69272900 11.86729908
-4.68067598 4.34830999 17.69309425
-3.27282810 3.93903494 15.76078224
-4.92156506 4.79874897 21.31952286
-3.71708202 4.28216505 19.58007240
-2.35750294 3.70735598 18.14343262
-4.99931383 5.44574404 24.58056259
-4.01751423 4.87080479 23.16650391
-4.94668722 6.08865404 27.19705391
-4.18746281 5.61744118 26.31098557
-3.10902500 4.87776518 25.33384323
-2.78804898 4.18009090 21.86261749
-1.44167399 3.47814989 20.76594162
-1.83377802 4.04305696 24.30895424
-0.52010202 3.26339102 23.41867065
1.11555004 2.12263608 14.23114204
2.56302094 1.40860999 15.07001781
0.37609801 2.43895197 16.97951508
1.70410395 1.87745798 17.31677818
3.03376007 1.33969903 18.00522995
-0.15162300 2.81694293 20.07269669
1.08694899 2.30825591 19.87412453
0.70039201 2.65577888 22.80198669
1.84863901 2.18827105 22.54345322
2.29240394 1.84914804 20.13345146
3.48504806 1.33371198 20.71732521
2.96893001 1.67272794 22.72545624
3.92426205 1.16366601 22.93336296
-0.96142602 3.08527994 17.18182755
-0.30822799 2.84070706 13.82337284
-1.77340198 3.45508909 14.32882404
-5.27372313 6.91467285 29.05557442
-4.33618879 6.63406181 29.06114960
-5.62959003 7.63589478 31.38584137
-4.56460094 7.48912716 31.48859978
-3.53315711 6.94453001 31.30595016
-6.00193119 8.22374725 33.93346405
-4.86923599 8.23785210 34.04547882
-6.30699301 8.12821770 36.41620636
-5.19114923 8.32010174 36.53704071
-4.09137392 8.17270184 36.55503082
-3.78947997 7.86597395 33.97860718
-2.70567298 7.09111500 33.73636246
-2.98084211 7.67847490 36.44761658
-1.82453406 6.86450100 36.19259262
-5.56735897 8.36781311 38.10869598
-6.07237291 8.24514771 38.28804779
-6.63558197 8.00718212 37.99148560
-6.66827917 7.89005280 39.30126190
-6.17104578 8.14919281 39.34702682
-5.66518784 8.33344746 39.39118195
-5.15271616 8.44042206 39.43315887
-1.02129102 6.64213610 37.75201416
-1.62296104 7.15592289 38.16825104
-2.24820495 7.52399778 38.03476334
-2.42415810 7.82946396 39.47011566
-1.82140195 7.48994589 39.41082764
-1.18929303 7.08251381 39.30807877
-0.52855301 6.61281919 39.14066315
-3.39387298 8.12441540 38.15796661
-2.80949998 7.89441109 38.35212708
-4.49054623 8.40946198 38.17300415
-5.00669003 8.45084000 38.37932205
-3.92592001 8.33327389 38.40968323
-4.63097620 8.46967888 39.46947861
-4.10044479 8.42270756 39.49500275
-3.55834007 8.29879284 39.50596237
-3.00127792 8.10072041 39.50006485
1.26154101 5.47557020 39.48155594
1.13547099 5.92725992 40.84260178
1.69590795 5.47158003 40.48849487
2.41879892 4.44315195 38.69400787
2.84886098 3.51452708 36.69321060
1.48289001 4.71576214 37.47600937
3.14324093 2.40843391 33.80039215
1.80943894 3.45761609 34.55310822
0.57626802 4.63770580 35.00869370
0.33629099 5.51413012 37.28490829
-0.60666698 5.80624485 35.75234222
-0.33855900 6.15704584 37.79151917
0.14165500 6.09318018 38.89598465
0.77259499 5.58141708 38.65018463
1.83058906 5.03122520 39.28704834
3.40216899 1.71135497 30.70401001
2.06810403 2.55686402 31.42404556
3.63248110 1.37726200 27.66255760
2.29926801 2.07445002 28.22906876
1.12753606 2.80732894 28.89064789
3.81792688 1.27781999 24.97391891
2.61038899 1.92800701 25.27682877
1.45557797 2.43855000 25.63521004
0.31382301 2.99741697 26.22069359
-1.57282996 5.98514891 33.33683777
-1.26712406 4.83778191 30.28662109
-2.44355702 5.99956322 30.88181686
-0.90984601 3.85625601 27.02057076
-2.19628811 4.89833117 27.86618233
-3.36395311 5.92226505 28.60612679
-0.05728100 3.70866799 29.59274292
-0.38553500 4.73520422 32.79053497
0.82718301 3.55730891 32.13298035
-0.72114098 0.35955501 3.65023804
0.91651899 0.81403399 4.57122278
1.05700302 -0.80917799 4.72643089
2.15901899 1.05481696 6.79472208
3.00786304 1.01689398 9.76649666
3.77714300 -0.01191600 8.33339310
2.65664601 -0.31406701 6.00741911
2.69444203 -1.92384696 6.79965115
4.12713814 -1.36518705 8.19054127
4.03299618 -2.84203005 9.48315430
3.52562499 0.79098499 13.05274200
3.98268890 0.72516501 16.05931473
4.95436382 -0.00016500 14.24378586
4.37320423 0.74164402 18.94666481
4.73009109 0.73463100 21.71556854
5.73929310 -0.08948400 20.12156296
5.37517500 -0.01356300 17.14941025
6.23618412 -0.86632103 15.65392685
6.65101194 -0.99082899 18.61411667
7.30747080 -1.91781700 17.50320816
5.28197002 -2.26893902 10.76347160
5.05482721 -3.64352107 12.39118004
6.15902519 -1.96764803 12.62472725
6.12784815 -3.15499997 13.48908615
5.88556004 -4.37426090 15.13581085
6.81415796 -1.85530496 14.83431530
6.93562078 -2.90557504 15.04967213
7.56530523 -2.89509511 17.18345261
7.48795605 -3.86970806 17.63936234
6.81452799 -3.98440599 16.13614655
6.54308319 -5.09154320 17.74029541
7.21490383 -4.83162880 18.66343498
6.88698721 -5.70471096 19.92707443
5.77085400 -0.87157297 12.87058830
5.12033319 -1.00203395 10.32835579
4.48309898 0.05213600 11.23277664
4.92751884 0.49847001 24.33833122
4.95613384 0.54500300 27.03198242
6.08946419 -0.37442300 26.14929390
4.76558113 0.85150498 29.97996140
4.51186800 1.45006704 33.02128220
5.79977322 0.49014300 32.23450851
6.07750511 -0.12245600 29.17921066
6.99070692 -1.03168404 28.28948975
6.82440376 -0.44706899 31.43093872
7.57723808 -1.44975102 30.64961243
4.12437820 2.40085196 35.75839996
3.80964303 3.24992800 37.92338562
3.12474108 3.91145205 38.54840088
4.90625620 2.46214890 37.88058090
2.27978396 4.98446321 40.16610718
2.92232800 4.45005178 39.85352325
5.68579102 2.11689711 38.86280823
5.13308382 2.74572706 39.47215271
4.61783123 3.21945596 39.72961807
4.41861582 3.70887494 40.93017960
4.92114401 3.22147298 40.59051132
5.44472408 2.68418407 40.20225525
5.92907715 2.15963697 39.83674240
4.20505905 3.32688689 39.08003235
3.59115195 3.87223601 39.46542358
7.40749311 -0.63169098 33.67733383
7.83038902 -1.63126004 33.04521179
7.17586279 0.27516899 36.38829422
7.77986002 -0.72376198 35.78063965
8.06179905 -1.74173498 35.34419250
6.50696898 1.33097994 38.77964020
7.32624722 0.20638600 37.97880554
6.95831013 0.96029502 39.64418030
6.56124306 1.56948197 40.15673828
7.44674301 0.18222600 39.63501740
8.00704002 -0.79301798 37.63525391
8.19138145 -1.80632305 37.35258865
7.89276409 -0.90092802 39.11228943
8.21323776 -1.86519301 39.01219940
6.18309689 2.03571296 40.38383484
6.07245111 1.30721402 36.92137146
6.59780407 0.33739999 34.39910126
5.49378920 1.32254100 35.17848206
8.20264626 -2.82632494 37.28842163
8.09499645 -3.81165099 35.11941528
8.08418179 -2.76524711 35.10856247
8.02265167 -4.74549723 32.57065964
7.91817522 -3.69473004 32.41967392
8.00508976 -5.46296120 29.74656677
7.83380985 -4.53140402 29.42399216
7.74965096 -3.48146701 29.48764038
7.91558981 -2.69958711 32.61459351
7.76753283 -2.48627305 29.93263054
7.93074179 -5.92678499 26.77659988
8.02950954 -4.98314190 26.28096771
7.64584398 -5.94225883 23.95957184
7.92712021 -5.03505898 23.25010490
8.06919479 -4.10572577 22.90585327
7.26435614 -5.79934502 21.57485580
7.65887594 -4.90394783 20.62990189
7.90439320 -3.97690511 19.96010780
7.90732384 -3.02170300 19.86454010
7.57843113 -2.01816607 27.40387917
7.57276011 -2.17615104 24.00790215
6.92471123 -1.25170195 25.09568024
7.50478220 -2.06437492 20.61068726
6.80087709 -1.13338900 21.83971405
5.90564823 -0.24232100 23.18243790
7.95237923 -3.14507103 23.15154648
7.84070301 -3.01074004 26.59942055
7.93939877 -4.00199795 26.20453453
-2.84369397 0.02549900 3.92588091
-1.06767094 -1.28359795 4.60892296
-3.56154299 -1.62316799 5.60705280
0.74994302 -2.50748897 6.37187386
2.34962392 -3.51101089 8.92259979
0.20348699 -4.11599302 9.20228386
-1.63049102 -3.00134206 6.92762899
-4.20403194 -3.33264399 8.49037933
-2.22796106 -4.56859922 10.26375961
-4.69578123 -4.86204386 12.08329010
3.61373591 -4.32618713 11.96108055
4.68672895 -5.03295994 14.80552101
3.11256194 -5.76942921 14.95587730
5.61187315 -5.66707516 17.52444077
6.25092316 -6.28457117 20.06426239
5.22931910 -7.02021885 20.32531357
4.32100916 -6.46633005 17.72964096
2.60479593 -7.22606421 18.23543167
3.78639507 -7.87031698 20.84844589
1.92107296 -8.62204742 21.58205986
-2.79251695 -5.93602800 14.10574245
-5.09285784 -6.16209507 15.82645512
-1.03898895 -6.95051718 16.51953506
-3.32475090 -7.22581720 17.76573944
-5.47279882 -7.28907824 19.32948112
0.52682298 -7.80461979 18.97745132
-1.70717001 -8.16130638 19.95497131
-0.23636700 -9.10809994 22.43729401
-2.46223497 -9.25492764 23.32245445
-3.91039300 -8.26240253 21.09054947
-5.82575893 -8.14359665 22.41643524
-4.50808096 -9.07483101 24.18728065
-6.02440786 -8.74263382 24.94166565
1.15716195 -6.40562201 15.49006271
-0.42931101 -5.55829382 12.82967091
1.77174604 -5.00669909 12.09182072
6.74207306 -6.64561510 22.37652206
7.24753809 -6.83992720 24.77086449
6.50142813 -7.64434385 25.62546539
7.62675524 -6.74120188 27.52454185
7.91130590 -6.40567112 30.32115936
7.51444483 -7.26831818 31.07085037
7.07832193 -7.59712696 28.32621765
6.14973211 -8.41426086 29.16687202
6.76536703 -8.08887291 31.94225883
5.43477201 -8.60024548 32.67761993
8.02926159 -5.73593616 33.00926590
8.08822155 -4.84430122 35.43597031
7.74720907 -5.71118402 35.82863617
8.01917458 -3.83753204 37.33200073
8.00428200 -2.92254996 39.11068344
7.88208485 -3.83443904 39.01782227
7.78475714 -4.78031492 37.98941040
7.50252295 -5.67568922 37.96397400
7.60587692 -4.76600218 39.68026352
7.74740314 -4.30281210 39.48878479
7.54876804 -5.22424412 39.04852295
7.34448910 -5.64955187 39.36716461
5.94670391 -7.99158382 35.56652069
4.85523701 -8.61868954 35.53836823
5.55616999 -7.92834902 38.07560730
6.08137989 -7.61809397 37.71335983
5.16173601 -8.28897953 37.14951706
4.46402693 -8.56984901 37.59700012
6.58073187 -7.28402090 36.90709686
6.76066685 -6.88376617 38.19035339
6.35180092 -7.22652483 38.64579391
6.96052599 -6.46985817 38.89587402
7.07952499 -6.03610086 39.79091644
6.75962305 -6.37580681 40.25846100
5.85457706 -7.53034210 39.21044159
5.28583384 -7.79378080 39.79543686
7.21646214 -6.52723980 36.82288361
7.24330378 -6.08719587 38.59602737
6.98238277 -7.31654692 34.34534454
7.78957319 -6.66265917 33.68876648
-0.34714800 -9.56622791 37.33864212
-1.39801800 -9.78733063 35.50626755
0.42675900 -9.87664986 35.11601639
1.41763401 -9.51721191 36.96768951
2.25836992 -9.65531254 34.54750061
0.54656899 -9.54327583 37.47183990
3.17285991 -9.19015312 36.38960266
3.98153210 -9.17998886 33.77438354
4.03556108 -8.90693665 36.30895233
2.30889702 -9.35244179 37.02354431
3.63094592 -8.82145023 38.09427643
2.76021695 -9.04517746 38.41093445
1.89996600 -9.20561028 38.64364624
1.04091799 -9.29714680 38.82342529
-2.73385000 -10.25837708 32.68362808
-0.76408100 -10.52206993 32.24918365
-3.99167991 -10.06257057 29.84037781
-2.01702189 -10.48250675 29.41444397
0.10230400 -10.48180771 28.73571777
-5.20323086 -9.54081345 27.14275742
-3.31017590 -10.06729984 26.67050362
-1.14485705 -10.19435883 25.95392609
1.07336497 -9.90571785 25.10826492
4.85002804 -9.21513367 30.00778770
3.99955010 -9.35909653 27.12318802
5.44892311 -8.50822067 26.36548996
3.09852409 -9.24247932 24.28648758
4.74296093 -8.35978508 23.55045128
5.94517899 -7.49269009 22.96638107
2.17335105 -10.07217121 27.92951584
3.19416904 -9.91883087 30.83103943
1.27008700 -10.39356232 31.60131454
-4.14448214 1.37532198 4.49870491
-5.20311880 -0.07045900 5.47763681
-6.30816507 1.34961402 6.70889711
-6.07544518 -1.79673803 7.67402220
-6.62383223 -3.51585388 10.83589935
-8.26784897 -1.91484904 10.53049088
-7.48056602 -0.19476500 8.10237503
-8.29311752 1.24664497 9.69612408
-9.36561775 -0.31638899 11.30444241
-9.94951820 1.14117098 12.99010563
-6.91484308 -5.01309490 14.51806355
-7.10866499 -6.22343922 18.08677483
-8.75328827 -4.99252987 17.26811409
-7.25418901 -7.13793087 21.28836060
-7.23941422 -7.92657614 24.25651932
-8.57118130 -6.85223579 23.60600281
-8.71716881 -5.99328709 20.48929596
-10.16588974 -4.67030287 19.98885727
-9.89399147 -5.60634184 23.12477684
-11.18323517 -4.19568586 22.84333038
-10.87253189 -0.34012499 14.67087078
-11.30399704 1.11638498 16.22571182
-11.33695889 -1.79472196 17.01120377
-12.04185390 -0.22239800 17.86378860
-12.38818741 1.22603595 19.24780464
-11.42754936 -3.10918307 19.85279846
-12.36416245 -1.52736902 20.15377808
-12.25544643 -2.64418697 22.79428291
-13.05953026 -1.06855905 23.05831528
-12.99763966 0.05287000 20.87653351
-13.23264217 1.41332805 22.06255341
-13.64767933 0.47830600 23.65101242
-13.83768654 1.69328105 24.24957275
-10.21918869 -3.42918611 16.76380920
-10.01993275 -1.94727802 13.76395035
-8.64809799 -3.58072209 13.73665142
-6.78298807 -8.65406609 27.10484314
-5.71428204 -9.27960396 29.93672371
-7.18241501 -8.24863243 29.73810959
-4.50890112 -9.63733196 32.85248566
-3.11247706 -9.38611507 35.71789169
-4.64661407 -8.71526814 35.75804901
-6.04014301 -8.74361897 32.78148270
-7.34500313 -7.67694712 32.56618500
-5.97705698 -7.83475685 35.67353058
-7.12092876 -6.79548502 35.53762054
-2.04336095 -9.32030201 37.56060410
-1.18523097 -9.44327545 37.74928284
0.18852299 -9.31845474 38.95573425
-0.65058702 -9.26830673 39.05391312
-1.46430600 -9.14717293 39.13108444
-2.24949694 -8.95804214 39.18830490
-7.14890385 -6.08190680 37.42445755
-6.60216522 -6.61331415 37.74024963
-6.14142084 -7.14954615 37.51574707
-5.52948189 -7.21515322 39.09523773
-6.04541206 -6.73736620 39.05731201
-6.52200890 -6.22018003 39.03189850
-6.96797180 -5.66512012 39.00979996
-4.96680117 -8.06574821 37.60971832
-5.52568579 -7.60109806 37.83520508
-3.59869909 -8.80444527 37.64419556
-2.80907989 -9.05784607 37.89498520
-4.26489305 -8.42824841 37.90834045
-2.99785304 -8.70934010 39.21169281
-3.70267510 -8.40636635 39.20383453
-4.35885620 -8.05282116 39.17893600
-4.96819687 -7.65352678 39.14099884
-9.46070862 -2.04970002 37.32427216
-10.41466522 -1.33437204 35.28034973
-9.77634907 -2.87599397 35.29338837
-8.79920769 -3.52619696 37.33584595
-9.00001812 -4.31392288 35.33241272
-9.05918217 -2.79382706 37.61782837
-8.02810478 -4.87353516 37.36164856
-8.11716747 -5.62116623 35.41354370
-7.53277302 -5.47958183 37.66635895
-8.34772873 -4.20610714 37.62927628
-7.38412523 -5.07577896 38.99435425
-7.77070189 -4.45041084 38.99331284
-8.13104534 -3.78904104 38.99967194
-8.46767998 -3.09074497 39.00547409
-11.89398956 -0.61624801 32.04145432
-11.25425053 -2.24635506 32.02093887
-13.03541374 0.25204000 28.98752403
-12.51159000 -1.35437202 28.90053558
-11.70805836 -2.95629501 28.88228035
-13.86028481 1.09093201 26.19596100
-13.46594048 -0.40709999 25.99212646
-12.77849197 -2.00401807 25.83835983
-11.81050110 -3.60134292 25.81553268
-8.47488403 -6.50120878 32.32732773
-9.62218094 -5.84368992 29.12232971
-8.46117401 -7.09185791 29.40900612
-10.60001183 -5.09835577 25.94598770
-9.39100456 -6.40635395 26.24261475
-8.11779213 -7.58613491 26.67827415
-10.71054840 -4.46925116 28.94934845
-9.48893261 -5.21613693 32.15013123
-10.42489433 -3.79650807 32.05331421
-4.84613991 2.51408792 6.42631817
-6.85063601 2.49685001 9.03840923
-8.63556194 2.41434908 12.13230610
-7.10770416 3.32420993 12.08826828
-5.29756784 3.32408595 9.31549644
-5.61714792 3.85674191 12.72755814
-10.18107224 2.36073494 15.35908604
-11.44044495 2.37899709 18.37871170
-10.16950893 3.33871889 18.12661743
-12.44593811 2.48155904 21.20490646
-13.26980972 2.54567504 23.89778519
-12.33959961 3.49699903 23.71910095
-11.33384132 3.42678404 20.93378067
-9.96696472 4.19070911 21.08135605
-11.06967163 4.33396292 23.85172844
-9.55474186 5.05877781 24.13998604
-5.84869385 4.25828695 16.41397095
-7.24239588 4.47938299 19.03697968
-5.98804808 4.71841002 20.01167870
-8.50264072 4.75629520 21.60087585
-7.15380096 5.12574100 22.35358620
-8.14006329 5.57128382 24.72914505
-6.85235882 5.90848494 25.48447037
-5.97494507 5.33161116 23.34082794
-5.76510906 6.09283113 26.31861877
-8.68131638 4.03115892 18.39073944
-7.21665716 3.92669201 15.54807281
-8.74131393 3.30523205 15.15808773
-13.80086899 2.40279794 26.24867439
-13.17627525 1.77547300 29.09554863
-12.85396576 3.15415192 29.20912361
-12.24455166 1.01719403 32.10794067
-10.85379601 0.25035501 35.28009415
-11.01609612 1.80241799 35.31938934
-12.23192596 2.57720995 32.20927811
-11.80687141 4.00583220 32.36388779
-10.84331131 3.27969408 35.43376160
-10.33783531 4.64996815 35.59142303
-9.97693825 -0.48560101 37.30342102
-9.64960480 -1.26698995 37.60529709
-8.77866840 -2.35806799 39.00758743
-9.06099129 -1.59777904 39.00191498
-9.30635071 -0.81827402 38.98870087
-9.51270866 -0.01577100 38.96254730
-9.42947197 5.33104992 37.56919861
-9.66187477 4.69694090 37.79971313
-9.99351978 3.99996710 37.47028351
-9.55188179 3.62293100 39.04980087
-9.34155178 4.35340691 39.11667633
-9.10491180 5.03737020 39.09680939
-8.81153774 5.65656710 39.09274292
-10.30708885 2.56174111 37.30736542
-10.10397530 3.28830910 37.66018295
-10.29306030 1.07358599 37.25089645
-10.07722282 0.31228101 37.55437469
-10.25350380 1.83087301 37.53592682
-9.69970512 0.75598198 38.83632660
-9.78326988 1.48584402 38.81806946
-9.79395580 2.20574903 38.83720398
-9.72874260 2.90704703 38.89094162
-7.43975115 7.62595177 36.22241211
-7.67915297 7.35645723 37.84095383
-8.54870224 6.85555792 35.99277496
-7.12333488 7.73222113 38.15896606
-8.63859081 6.45585203 37.68621826
-9.54833794 5.85502386 35.77261353
-8.99556446 5.93356895 37.88024139
-8.12322235 6.94998407 38.00998306
-8.46032333 6.21724176 39.11283875
-8.06199265 6.72237778 39.14965057
-7.62254000 7.17133522 39.19884872
-7.15557289 7.56228209 39.25051117
-7.22125816 7.86313820 33.67526245
-6.80287218 7.43693876 31.05633926
-8.10714722 6.96007204 30.60309219
-6.33197689 6.83753586 28.61291885
-7.56574106 6.50885487 27.99584961
-8.94898701 5.99642086 27.37942696
-10.97009468 5.26504278 32.60889435
-10.89791298 5.40280199 29.69758987
-12.05784988 4.36703682 29.39375877
-10.45191574 5.31020689 26.86421585
-11.83075237 4.48962402 26.52231026
-12.94312477 3.50014305 26.36573792
-9.51566887 6.26757002 30.12118149
-9.81999779 6.33758783 32.94417572
-8.51950455 7.21462822 33.32311249
5.71548223 2.60335898 40.88221741
5.93395185 2.49279594 41.43295288
7.16311598 0.81774902 40.97337341
6.83571386 1.36326396 41.39213943
6.93283176 1.21572006 41.87347412
6.71299601 1.47989404 40.79560852
7.60520506 -0.37112299 41.62921906
7.43346500 0.11670400 41.90414047
7.43260384 -0.04291700 42.33472443
7.61616278 -0.20247000 40.44792557
7.39161491 0.36855099 40.80817032
7.42262411 0.25419101 41.37403870
7.04777002 0.96806699 40.49189758
7.76141691 -1.22979105 41.43853760
7.68987703 -0.75888097 41.59051514
7.62436819 -0.85661000 42.12927246
7.80343580 -0.93433601 40.62042999
7.59897518 -0.21935000 41.18544006
7.75939798 -2.01890206 41.64435577
7.76858902 -1.62655103 41.60032272
7.66569710 -1.67237997 42.20449829
7.88987923 -1.97041500 40.63885117
7.68487597 -2.42044592 41.90629196
7.80238295 -2.40573907 41.22346878
7.85818195 -2.79659390 40.53047562
7.74772501 -3.31857109 40.84540558
7.86905193 -3.33694196 39.94369507
7.60970402 -4.29601812 40.49066162
7.40336609 -5.20171881 40.12203217
7.43059301 -4.75266123 40.80442047
7.75995588 -3.81802511 40.17617798
7.72240400 -2.84376693 41.41913605
7.62844992 -2.05012703 42.33459854
7.66370678 -1.27404106 42.13231659
7.54856920 -0.44310999 42.19777679
7.19030285 0.75149000 41.62507629
6.32496786 2.00878096 41.13313293
4.88586092 -8.19113922 38.80564117
6.57469511 -6.80462599 39.52666473
4.03847599 3.80499005 40.28991699
0.64013100 6.02606392 39.97921753
-7.33205080 0.22606599 44.17810059
-7.06675196 -0.73366100 44.35227203
-6.66380310 0.00092700 45.15735626
-6.24671888 -1.01112700 45.52471924
-5.97076321 -0.02015800 46.13824081
-6.73660612 -1.61242795 44.56159592
-6.20774603 -1.95364296 45.25686646
-5.39144993 -0.83374900 46.78476715
-6.55233192 -2.47201300 44.41730499
-5.84136295 -2.74591208 45.42579651
-5.60954523 -1.90105903 46.17858887
-6.20991516 -3.45010090 44.30519485
-5.39874601 -3.67535400 45.54773712
-5.01495790 -2.98798490 46.64715195
-4.89321804 -1.84824097 47.24849701
-4.80773401 -0.11453700 47.64232635
-4.72745991 -1.03009605 47.64570618
-5.63724089 -4.37933207 44.47273636
-4.79370785 -4.59063911 45.81648254
-4.84941578 -3.85858798 46.42596054
-4.16169882 -4.15677214 47.58328247
-4.29277420 -2.69536304 47.93204498
-4.26722002 -1.62131798 48.15491486
-5.10120201 -5.23712301 44.45085907
-4.64027119 -5.93906593 44.26850128
-4.32132196 -5.59370899 45.40490341
-3.87546611 -6.47495985 44.69028473
-3.44453096 -6.08685493 46.39468765
-4.04328108 -5.18453407 46.62042618
-3.47028995 -5.46132421 47.77768326
-3.49610710 -5.00286293 48.92118073
-2.76342201 -6.31969500 47.81321335
-2.89095902 -5.98603201 49.22547150
-3.23256612 -5.46801615 49.92865372
-3.24504399 -7.09747410 44.42090607
-2.95988607 -6.83894300 45.55180359
-2.65158701 -6.68074608 46.72541046
-2.49031591 -7.42664099 44.72644806
-2.03443193 -7.20969915 46.17554855
-2.04262900 -6.90779400 47.57470322
-2.06585312 -6.76024199 49.07772064
-1.41484797 -7.26776886 47.19667816
-1.31622803 -7.16613722 48.34899902
-1.09583700 -7.55418491 46.26128769
-1.57414603 -7.72421885 45.01004791
-0.80442899 -7.84597778 45.36255646
-0.58124202 -7.45866394 47.52015686
-0.47827500 -7.38985586 49.12526321
-1.31141901 -7.17738199 49.51683426
-0.16450100 -7.75584078 46.14953613
-0.25148699 -8.05992126 44.87583160
0.16340300 -7.45124292 48.19174957
-3.75506401 -3.36292195 48.88294220
-3.62266111 -2.17507291 48.95929718
-4.22928381 -0.72192198 48.28263092
-3.69078994 -4.22506094 49.04491806
-3.78993106 -1.24329901 48.74658585
-3.61907506 -0.47849900 48.93263626
-3.51382399 -4.70233107 49.90121460
-3.51151991 -3.88807297 49.88333511
-3.22548509 -3.02271509 49.82133484
-3.17682409 -1.21200597 49.32669067
-2.81385994 -2.05519295 49.76077271
-2.26899791 -1.04977000 49.94809723
-1.97151005 -2.13556600 50.24452209
-1.31005502 -1.35085702 50.31718445
-1.02092600 -2.22761607 50.44245911
-0.55788499 -1.56442595 50.43765259
-0.06682700 -2.10561991 50.47457504
-0.57687902 -0.78895098 50.47033691
-6.93215704 0.75519001 44.85799408
-6.36048079 0.79884303 45.66831970
-5.68120003 0.82595003 46.58182526
-5.40751600 0.10567200 46.91679382
-7.44671583 1.20455396 44.06549454
-6.79521322 1.54450405 45.02384949
-6.04393578 1.68350697 46.03725433
-6.51996183 2.38601089 45.27263641
-7.39413595 2.42347193 44.00711441
-6.57731485 3.43347001 44.88251114
-5.12827301 0.67470402 47.29429626
-5.73062992 2.81921196 46.22123718
-5.10427999 1.70913303 47.25143433
-6.93778706 4.63524389 43.85697937
-6.14904594 4.33047104 45.08849335
-5.81466198 3.79442096 45.78916168
-5.96814823 5.13847923 44.80416107
-4.58540201 0.84543502 47.94641113
-4.81192780 2.93485093 47.41916656
-4.40651321 2.28364992 48.09095764
-5.16757488 3.75036812 46.66297150
-4.43789387 3.87265992 47.60205841
-4.75752592 4.43949604 46.85096359
-5.39846992 4.59087181 45.90944672
-5.26164389 5.38151789 45.49525452
-4.11306477 0.16472600 48.45897293
-3.93813205 1.04947400 48.69281387
-4.36344910 1.58542299 48.20514679
-3.97193003 3.14284801 48.53142929
-4.60992384 5.21636295 46.42617416
-3.44862294 0.41072601 49.14677048
-3.74012804 2.03102994 48.94163513
-3.73985505 4.20911217 48.49572372
-2.91584802 -0.26403400 49.54690552
-2.73512101 0.73773402 49.81270218
-3.33279896 1.25562203 49.35643005
-3.27474999 3.79988003 49.56689835
-3.35008097 2.84177089 49.48166656
-3.14039898 4.66483784 49.35940552
-4.13560200 4.71602392 47.50637054
-3.45063901 5.02430201 48.30784607
-2.77492690 2.04641104 50.12875366
-2.96934199 3.17956400 50.18905640
-2.85177803 5.32023096 49.16784286
-2.21770406 0.01039900 50.05471802
-1.69691205 0.96705002 50.59221649
-0.65839303 0.18520500 50.64758682
-0.65480202 0.94562298 50.97164917
-5.53039312 5.95058298 44.63376617
-4.90171003 6.60104513 44.55412292
-5.76544380 6.68577814 43.59069443
-4.76351404 5.93343687 45.51418686
-3.78297400 5.47708988 47.21001053
-4.12363291 5.88162613 46.27511215
-4.11769390 6.46288109 45.47984314
-4.14601898 7.15341616 44.36522675
-5.05670023 7.28899622 43.49255371
-3.03184009 5.71276808 48.00617981
-3.31951499 6.23749113 46.58819580
-3.18182492 7.40978384 44.33423615
-3.42720890 6.84981298 45.36992645
-2.37346697 6.28844976 47.67378998
-2.35990191 6.87441778 45.91231918
-2.39809203 5.86974621 48.98451996
-2.35195494 7.34429121 44.56644821
-1.67308998 6.33442783 48.95384216
-1.45205998 6.62842178 47.49195862
-0.72473598 6.63167906 48.82127380
-0.44824100 6.67540884 47.36306000
-1.13520002 6.88273907 46.12756348
-1.63541698 7.18434191 44.92209244
-0.17958900 6.75986910 46.00869751
-0.74534398 7.04410601 44.92288208
0.23482700 -7.56717920 47.23684311
0.57123500 -8.02567291 45.15173340
0.76602399 -7.69887495 46.45469666
0.98218203 -7.42310905 47.76538467
1.30769396 -8.14337921 44.53354263
1.38806701 -7.83677006 45.59819412
1.56728399 -7.51490688 46.67656326
1.38807297 -7.18597412 49.73434448
1.55539405 -7.12953186 48.78024673
2.03106189 -6.84866619 49.62862778
2.08694506 -7.93111706 44.74211121
2.00336194 -7.62517118 45.85199738
2.32176089 -7.27793312 46.58659363
1.91737604 -7.15817595 47.65716171
2.34656692 -6.74539185 48.58966064
2.75807190 -6.27387810 49.63112640
2.62581205 -7.49794912 45.51229858
2.78145909 -7.73925304 44.62453461
2.70736289 -6.80405188 47.43185425
3.07589889 -6.99655724 46.23909760
3.44542408 -7.33394718 44.84439468
3.82301497 -5.58046293 47.84829712
3.08987689 -6.22134304 48.33042908
3.45965409 -6.36887407 47.06571960
3.85197997 -6.62390995 45.83048248
4.25435114 -6.87657404 44.72883987
4.65640306 -6.16499186 45.35054398
4.16511202 -5.92965794 46.57770538
4.75176907 -5.47202682 46.17510986
0.18771200 -1.34916401 50.47509384
0.33788300 -0.31688100 50.58782196
0.92395598 -2.16165400 50.46181870
1.06598401 -1.15863895 50.40852356
1.22828901 -0.32435700 50.44332123
1.84780097 -1.95117700 50.29133224
1.86492097 -0.85210198 50.17832184
1.85012901 0.12797900 50.28005981
2.67928290 -2.51737499 50.13351440
2.61284995 -1.44008803 49.84154510
2.57072711 -0.37424099 49.78166580
3.31138802 -3.02055192 49.89431000
3.39166403 -2.04314089 49.38644409
3.30071902 -0.91226298 49.24434662
3.41516900 -5.51730680 49.32634735
3.68314290 -3.77286410 49.70443726
3.83624005 -2.85148406 49.11404419
4.02040911 -2.15646601 48.72605896
3.94136000 -1.41443503 48.69299316
3.28093004 0.28535101 49.17832184
3.86068106 -4.95651913 48.69776154
4.03821087 -4.26028919 48.76164246
4.32938385 -4.71364880 47.77013397
4.44852400 -3.95390105 48.00440979
3.66770601 -4.69170284 49.71855927
4.19992018 -3.45759702 48.60059738
4.37180281 -2.66022301 48.31248474
3.96809697 -0.50617599 48.52872467
4.85361099 -4.08351183 47.17757034
4.82710981 -4.81584311 46.72815704
4.77289677 -3.23988199 47.62727356
4.51807880 -1.82119405 48.06196213
4.39589787 -1.06643105 48.13499451
5.44085884 -5.98089600 44.32443619
4.89233398 -6.62220383 44.24346161
5.15913820 -5.56787109 45.35350800
5.63945818 -5.18198395 44.92997742
6.07753801 -5.38525295 43.93402100
5.24235821 -4.98917103 45.83354187
5.34758615 -3.46672797 46.58342361
5.28289509 -2.61065102 46.92778015
4.82354212 -2.43782091 47.65602875
5.10935116 -1.86277699 47.26123047
4.88436413 -1.16957402 47.53895187
4.61150789 -0.44426799 47.77582169
6.16013002 -4.55260277 44.52592850
5.67149687 -4.56275988 45.42149353
5.91743088 -3.77013898 45.45252228
5.32392216 -4.28672600 46.22465515
5.70817804 -1.86551797 46.36072159
5.35415602 -1.29082799 46.90902328
5.23673487 -0.56324399 46.98505402
6.40202904 -2.96687698 44.95652771
6.55752277 -3.73453307 44.32116699
6.33828783 -2.09313893 45.32277679
5.84899998 -2.79535890 45.95619965
6.15366983 -1.41139603 45.70286560
5.75535393 -1.02057004 46.30286026
5.73779917 -0.30758899 46.22303009
6.24125290 -0.72835499 45.51937866
6.63658094 -1.38007200 44.91053772
6.66421795 -0.76171201 44.82890701
0.10088300 0.64178699 50.90765762
1.01601803 0.57335597 50.74788666
1.91725898 1.20542204 50.57686615
2.48958611 0.53005600 49.92868042
2.39748502 1.89419699 50.49571609
2.81007695 1.39122701 49.79726791
2.79896307 2.39607906 50.14564514
3.19848490 2.04858303 49.37857819
3.05577397 3.76778412 49.57984924
3.18118405 2.81210399 49.43335342
3.48303008 3.13283205 48.62558746
3.26079202 3.93074203 48.53116989
3.69009304 3.38537312 47.84622192
3.55972791 1.35129094 48.83310699
3.61790109 2.26207805 48.64371109
4.05784512 2.57961702 47.65628815
4.10533619 3.23309898 46.90626526
4.22183323 0.48334199 48.06723022
4.18641901 1.59248805 47.86862183
4.69978714 2.98672891 45.80804825
3.98001695 3.88496804 46.02295303
0.16936401 6.61948919 48.56838608
0.62303799 6.43862295 47.06576157
0.99463397 6.38584900 48.59772110
0.65114099 6.53579617 45.41250610
-0.04029400 6.84460592 45.02282715
1.66434002 6.07831907 49.04954529
1.82921302 5.80606604 47.28591919
1.32432103 6.16689205 46.11042023
1.95876396 5.81469679 45.77563477
2.40948009 5.58095217 44.65185547
1.53716302 6.12651300 44.90949249
2.66690612 5.27421808 45.81243134
2.99343109 4.56445694 48.23667908
3.50812006 3.98214698 47.44374847
2.97903895 4.80109882 47.03156281
2.39174604 5.36091089 48.72906113
2.80511594 4.68973589 49.39450455
3.34460592 4.89094400 44.42364120
3.44361901 4.61434078 45.58027649
4.85477495 3.32644200 44.75135040
4.21065903 4.10494709 44.50393677
4.61800480 1.87995100 47.04142761
5.16150618 1.74727094 46.15587234
4.64324617 2.47541904 46.55910110
5.40027285 2.55642700 44.81228638
4.88861322 0.11471300 47.30231476
4.98537302 0.93068200 46.88322830
5.69796419 1.03956997 45.69409180
5.79609203 1.73483396 44.96851349
5.15219784 2.32000089 45.67980194
5.32130003 0.11900100 46.71393204
5.68353796 0.36567101 46.08404922
6.08992481 -0.07979600 45.61937332
6.17495489 0.41363201 45.26042938
6.29858112 0.94821101 44.70465088
6.52684879 -0.20335101 44.91873932
-2.59920812 -2.73103499 50.22364807
-1.45652199 -0.33793700 50.34221649
-6.48008680 5.85059118 43.59186554
0.65369099 -7.38189077 49.23654175
4.38949680 -5.30989885 47.04287720
2.90868497 3.22914100 50.18466568
0.00000000 1.48386300 51.17419815
0.00000000 1.20429206 51.24910736
0.50818998 1.53220904 51.16124344
0.56465602 1.25801003 51.23471451
0.99685103 1.67539203 51.12287521
1.10761201 1.41710305 51.19208527
1.44720304 1.90790796 51.06057358
1.60800397 1.67545402 51.12285995
1.84194005 2.22082210 50.97673035
2.04660010 2.02313590 51.02969742
2.16589189 2.60210800 50.87456512
2.40654707 2.44678712 50.91618347
2.40661097 3.03711605 50.75800323
2.67401195 2.93012905 50.78667068
2.55484509 3.50912595 50.63153076
2.83871603 3.45458388 50.64614487
2.60489702 4.00000000 50.50000000
2.89433002 4.00000000 50.50000000
2.83871603 4.54541588 50.35385513
2.55484509 4.49087381 50.36846924
2.67401195 5.06987190 50.21332932
2.40661097 4.96288395 50.24199677
2.40654802 5.55321217 50.08381653
2.16589308 5.39789104 50.12543488
2.04660106 5.97686386 49.97030258
1.84194100 5.77917814 50.02326965
1.60800397 6.32454586 49.87714005
1.44720304 6.09209204 49.93942642
1.10761201 6.58289814 49.80791473
0.99685103 6.32460785 49.87712479
0.56465602 6.74199009 49.76528549
0.50818998 6.46779108 49.83875656
0.00000000 6.79570818 49.75089264
0.00000000 6.51613712 49.82580185
-0.50818998 1.53220904 51.16124344
-0.56465602 1.25801003 51.23471451
-0.99685103 1.67539203 51.12287521
-1.10761201 1.41710305 51.19208527
-1.44720304 1.90790796 51.06057358
-1.60800397 1.67545402 51.12285995
-1.84194005 2.22082210 50.97673035
-2.04660010 2.02313590 51.02969742
-2.16589189 2.60210800 50.87456512
-2.40654707 2.44678712 50.91618347
-2.40661097 3.03711605 50.75800323
-2.67401195 2.93012905 50.78667068
-2.55484509 3.50912595 50.63153076
-2.83871603 3.45458388 50.64614487
-2.60489702 4.00000000 50.50000000
-2.89433002 4.00000000 50.50000000
-2.83871603 4.54541588 50.35385513
-2.55484509 4.49087381 50.36846924
-2.67401195 5.06987190 50.21332932
-2.40661097 4.96288395 50.24199677
-2.40654802 5.55321217 50.08381653
-2.16589308 5.39789104 50.12543488
-2.04660106 5.97686386 49.97030258
-1.84194100 5.77917814 50.02326965
-1.60800397 6.32454586 49.87714005
-1.44720304 6.09209204 49.93942642
-1.10761201 6.58289814 49.80791473
-0.99685103 6.32460785 49.87712479
-0.56465602 6.74199009 49.76528549
-0.50818998 6.46779108 49.83875656
0.57886600 4.96846199 50.24050140
0.00000000 5.11828279 50.20035553
0.00000000 4.69892693 50.31272125
0.51165003 4.49421597 50.36757660
1.00262499 4.55914211 50.35017776
0.72358298 4.00000000 50.50000000
1.15773201 4.00000000 50.50000000
1.00262499 3.44085789 50.64982224
0.51165003 3.50578403 50.63242340
0.57886600 3.03153801 50.75949860
0.00000000 3.30107307 50.68727875
0.00000000 2.88171697 50.79964447
0.00000000 2.32257509 50.94946289
0.66456699 2.45026207 50.91525269
1.22795999 2.81388092 50.81781769
1.60440695 3.35807705 50.67200089
1.73659801 4.00000000 50.50000000
1.60440695 4.64192295 50.32799911
1.22795999 5.18611908 50.18218231
0.66456699 5.54973888 50.08474731
0.00000000 5.67742491 50.05053711
0.00000000 6.09678078 49.93816757
0.83070898 5.93717289 49.98093414
1.53495097 5.48264790 50.10272598
2.00550890 4.80240393 50.28499603
2.17074800 4.00000000 50.50000000
2.00550890 3.19759607 50.71500397
1.53495002 2.51735210 50.89727402
0.83070898 2.06282711 51.01906586
0.00000000 1.90321898 51.06183243
-0.57886600 4.96846199 50.24050140
-0.51165003 4.49421597 50.36757660
-1.00262499 4.55914211 50.35017776
-0.72358298 4.00000000 50.50000000
-1.15773201 4.00000000 50.50000000
-1.00262499 3.44085789 50.64982224
-0.51165003 3.50578403 50.63242340
-0.57886600 3.03153801 50.75949860
-0.66456699 2.45026207 50.91525269
-1.22795999 2.81388092 50.81781769
-1.60440695 3.35807705 50.67200089
-1.73659801 4.00000000 50.50000000
-1.60440695 4.64192295 50.32799911
-1.22795999 5.18611908 50.18218231
-0.66456699 5.54973888 50.08474731
-0.83070898 5.93717289 49.98093414
-1.53495097 5.48264790 50.10272598
-2.00550890 4.80240393 50.28499603
-2.17074800 4.00000000 50.50000000
-2.00550890 3.19759607 50.71500397
-1.53495002 2.51735210 50.89727402
-0.83070898 2.06282711 51.01906586
0.00000000 3.72042894 50.57490921
0.28943300 4.00000000 50.50000000
0.00000000 4.00000000 50.50000000
-0.28943300 4.00000000 50.50000000
0.00000000 4.27957106 50.42509079
0.00000000 -6.95830488 50.50000000
-0.00000200 -7.61095619 50.50000000
0.49988401 -6.93274784 50.50000000
0.95789599 -7.45392513 50.50000000
0.98437202 -6.84255123 50.50000000
1.73755503 -7.10293293 50.50000000
1.51913702 -6.67446899 50.50000000
2.01829696 -6.42265987 50.50000000
2.39211702 -6.63687611 50.50000000
2.45092392 -6.05639601 50.50000000
2.80525088 -6.23410797 50.50000000
2.79179001 -5.71896887 50.50000000
3.21320510 -5.69464302 50.50000000
3.01775193 -5.36455917 50.50000000
3.47028899 -5.18120193 50.50000000
3.18573689 -5.02515793 50.50000000
3.57184911 -4.80017805 50.50000000
3.27013302 -4.65823698 50.50000000
3.61493611 -4.34319115 50.50000000
3.26870894 -4.37479305 50.50000000
3.26124907 -4.12673998 50.50000000
3.48112607 -3.92839599 50.50000000
3.22025704 -3.95435810 50.50000000
3.28822708 -3.62482500 50.50000000
3.12448096 -3.76941299 50.50000000
2.99232411 -3.58684111 50.50000000
2.97207093 -3.31531596 50.50000000
2.82253194 -3.44931102 50.50000000
2.58417892 -3.30219293 50.50000000
2.55100298 -3.03992009 50.50000000
2.25031400 -3.13970304 50.50000000
2.05455589 -2.81540704 50.50000000
1.85079801 -2.97983098 50.50000000
1.72398996 -2.71719003 50.50000000
1.52555096 -2.87808990 50.50000000
1.39342403 -2.61897206 50.50000000
1.23650599 -2.79502010 50.50000000
1.06289303 -2.56286907 50.50000000
0.77706599 -2.72589588 50.50000000
0.73236197 -2.50676489 50.50000000
0.31762701 -2.71296597 50.50000000
0.36618000 -2.48588705 50.50000000
-0.00000200 -2.46500897 50.50000000
0.00000000 -2.71784902 50.50000000
-0.49988401 -6.93274784 50.50000000
-0.95789599 -7.45392513 50.50000000
-0.98437202 -6.84255123 50.50000000
-1.73755503 -7.10293293 50.50000000
-1.51913702 -6.67446899 50.50000000
-2.01829696 -6.42265987 50.50000000
-2.39211702 -6.63687611 50.50000000
-2.45092392 -6.05639601 50.50000000
-2.80525088 -6.23410797 50.50000000
-2.79179001 -5.71896887 50.50000000
-3.21320510 -5.69464302 50.50000000
-3.01775193 -5.36455917 50.50000000
-3.47028899 -5.18120193 50.50000000
-3.18573689 -5.02515793 50.50000000
-3.57184911 -4.80017805 50.50000000
-3.27013302 -4.65823698 50.50000000
-3.61493611 -4.34319115 50.50000000
-3.26870894 -4.37479305 50.50000000
-3.26124907 -4.12673998 50.50000000
-3.48112607 -3.92839599 50.50000000
-3.22025704 -3.95435810 50.50000000
-3.28822708 -3.62482500 50.50000000
-3.12448096 -3.76941299 50.50000000
-2.99232411 -3.58684111 50.50000000
-2.97207093 -3.31531596 50.50000000
-2.82253194 -3.44931102 50.50000000
-2.58417892 -3.30219293 50.50000000
-2.55100298 -3.03992009 50.50000000
-2.25031400 -3.13970304 50.50000000
-2.05455589 -2.81540704 50.50000000
-1.85079801 -2.97983098 50.50000000
-1.72398996 -2.71719003 50.50000000
-1.52555096 -2.87808990 50.50000000
-1.39342403 -2.61897206 50.50000000
-1.23650599 -2.79502010 50.50000000
-1.06289303 -2.56286907 50.50000000
-0.77706599 -2.72589588 50.50000000
-0.73236197 -2.50676489 50.50000000
-0.31762701 -2.71296597 50.50000000
-0.36618000 -2.48588705 50.50000000
3.02915597 -3.96753502 50.50000000
3.06106305 -4.11556292 50.50000000
3.01142001 -4.34270191 50.50000000
2.89420104 -4.56114006 50.50000000
2.80458498 -3.99209809 50.50000000
2.91072392 -3.89559293 50.50000000
2.82684708 -3.71384311 50.50000000
2.57130504 -3.77538610 50.50000000
2.51210594 -4.21804285 50.50000000
2.70619798 -4.34240198 50.50000000
2.51358294 -4.69188690 50.50000000
2.23442292 -4.56310606 50.50000000
2.22912693 -5.03757381 50.50000000
2.23972011 -4.08863783 50.50000000
2.24501705 -3.61417103 50.50000000
1.84237099 -4.70964098 50.50000000
1.83956206 -5.28624296 50.50000000
1.84518003 -4.13303804 50.50000000
1.84798896 -3.55643392 50.50000000
1.43902397 -4.82082081 50.50000000
1.41018200 -5.46839809 50.50000000
1.46786702 -4.17324400 50.50000000
1.49670899 -3.52566695 50.50000000
1.02512598 -4.89515305 50.50000000
0.95466602 -5.59519720 50.50000000
1.09558594 -4.19510794 50.50000000
1.16604602 -3.49506402 50.50000000
0.51727200 -3.38905191 50.50000000
0.50512302 -4.14953995 50.50000000
0.49297500 -4.91002893 50.50000000
0.48082599 -5.67051792 50.50000000
0.00000000 -4.95090008 50.50000000
0.00000000 -5.69525003 50.50000000
0.00000000 -4.20655012 50.50000000
0.00000000 -3.46219993 50.50000000
2.91666102 -4.99723005 50.50000000
2.68604207 -4.96520376 50.50000000
2.71968699 -5.34413481 50.50000000
2.35562611 -5.67839718 50.50000000
2.29473805 -5.30208588 50.50000000
1.94548595 -6.01983786 50.50000000
1.87267399 -5.61701584 50.50000000
1.45595396 -5.84258413 50.50000000
1.48754501 -6.25852680 50.50000000
0.95311999 -6.39876080 50.50000000
0.92186898 -5.95497084 50.50000000
0.44811800 -6.46671581 50.50000000
0.39635101 -6.00068283 50.50000000
0.00000000 -6.01178885 50.50000000
0.00000000 -6.48504686 50.50000000
2.99937606 -3.79428005 50.50000000
-3.02915597 -3.96753502 50.50000000
-3.06106305 -4.11556292 50.50000000
-3.01142001 -4.34270191 50.50000000
-2.89420104 -4.56114006 50.50000000
-2.80458498 -3.99209809 50.50000000
-2.82684708 -3.71384311 50.50000000
-2.91072392 -3.89559293 50.50000000
-2.57130504 -3.77538610 50.50000000
-2.51210594 -4.21804285 50.50000000
-2.70619798 -4.34240198 50.50000000
-2.51358294 -4.69188690 50.50000000
-2.23442292 -4.56310606 50.50000000
-2.22912693 -5.03757381 50.50000000
-2.23972011 -4.08863783 50.50000000
-2.24501705 -3.61417103 50.50000000
-1.84237099 -4.70964098 50.50000000
-1.83956206 -5.28624296 50.50000000
-1.84518003 -4.13303804 50.50000000
-1.84798896 -3.55643392 50.50000000
-1.43902397 -4.82082081 50.50000000
-1.41018200 -5.46839809 50.50000000
-1.46786702 -4.17324400 50.50000000
-1.49670899 -3.52566695 50.50000000
-1.02512598 -4.89515305 50.50000000
-0.95466602 -5.59519720 50.50000000
-1.09558594 -4.19510794 50.50000000
-1.16604602 -3.49506402 50.50000000
-0.51727200 -3.38905191 50.50000000
-0.50512302 -4.14953995 50.50000000
-0.49297500 -4.91002893 50.50000000
-0.48082599 -5.67051792 50.50000000
-2.91666102 -4.99723005 50.50000000
-2.68604207 -4.96520376 50.50000000
-2.71968699 -5.34413481 50.50000000
-2.35562611 -5.67839718 50.50000000
-2.29473805 -5.30208588 50.50000000
-1.94548595 -6.01983786 50.50000000
-1.87267399 -5.61701584 50.50000000
-1.45595396 -5.84258413 50.50000000
-1.48754501 -6.25852680 50.50000000
-0.95311999 -6.39876080 50.50000000
-0.92186898 -5.95497084 50.50000000
-0.44811800 -6.46671581 50.50000000
-0.39635101 -6.00068283 50.50000000
-2.99937606 -3.79428005 50.50000000
2.92039299 -4.10927677 50.50047684
-2.92039299 -4.10927677 50.50047684
6.41486502 1.95331800 41.90332031
6.03008986 2.44898605 42.04420471
5.73214197 2.80269504 42.17529297
5.52612305 2.96716309 41.87108994
5.17265606 3.20908904 41.45589447
4.65558386 3.68926311 41.61484909
4.27307081 4.03336000 41.76787567
3.94315910 4.18877506 41.43016815
3.39387798 4.43807316 40.94732666
2.69176698 4.97432613 41.13912201
2.09529400 5.43858814 41.36618423
2.43295693 5.40849018 42.22062683
1.89264297 5.79759312 42.38729477
1.55291700 5.85302305 41.60976410
1.37727594 6.14303303 42.54138565
1.09752905 6.18248177 41.83993530
0.85629499 6.43506908 42.57299042
1.15899897 6.35675478 43.37815857
0.59300101 6.63948202 43.44060516
0.95667398 6.46919394 44.27167130
1.46345496 6.21376801 43.98909760
1.95909703 5.91111517 43.97514343
1.67877102 6.05378580 43.26454163
2.18986511 5.71766996 43.12967300
2.44106293 5.59586000 43.73329926
2.70088506 5.36183596 43.01230240
2.99589396 4.99983788 42.10131836
3.19420099 5.01676321 42.95406342
3.52622890 4.64762783 42.15023041
3.96167707 4.37735796 42.32240295
4.34596491 4.09351587 42.39899063
4.00990677 4.43454123 43.04429626
3.62869406 4.71627617 42.96478271
3.67884302 4.70974016 43.57611847
3.35932302 4.94719696 43.56290436
4.01458216 4.42041206 43.74311447
4.38477516 4.12828684 43.08690643
4.74370384 3.75147605 42.38653564
5.11462879 3.42820597 42.48143387
4.73502111 3.82150888 43.12143326
4.41099215 4.09109402 43.66101074
4.66754389 3.84757304 43.71778107
5.03622484 3.52974105 43.23717499
5.41582489 3.15501809 42.66785431
5.69745493 2.85034299 42.75529480
5.32850981 3.21625996 43.34699631
4.90010595 3.56056190 43.93856430
5.24549294 3.18683100 43.93066406
5.47607279 2.83903909 44.09069061
5.78289604 2.44875693 44.04317093
5.95762777 2.08406210 44.20437622
6.21641493 1.69533098 44.14060211
6.34328890 1.79260194 43.60742188
6.54211283 1.43123603 43.62611771
6.37643194 1.32951903 44.21050644
6.60089111 0.97627997 44.09149933
6.68228817 0.69664198 44.15457916
6.85339022 0.74059302 43.67891693
6.92653894 0.40756500 43.78894043
6.65484285 0.32278100 44.43756485
6.85182714 -0.14043599 44.29166412
7.00834417 0.02809800 43.84083176
7.09531403 -0.37990299 43.83395386
7.25327682 -0.24969199 43.31101227
7.17150211 0.12012800 43.31449127
7.37284994 -0.15290099 42.79649734
7.45531702 -0.53950799 42.74258041
7.51100397 -0.94877797 42.72346497
7.32088089 -0.65353000 43.29742050
7.14860201 -0.80190599 43.83949280
7.36275578 -1.06861401 43.29751205
7.53511620 -1.35727298 42.74533081
7.52791691 -1.74646699 42.79885864
7.37606192 -1.47966802 43.31123352
7.18376398 -1.22516799 43.82946014
6.93694019 -1.00895703 44.35448837
6.88834620 -0.53783798 44.35864258
6.99124193 -1.40160894 44.27250671
7.18160582 -1.63933897 43.83202362
7.36361694 -1.88310099 43.31681061
7.49760103 -2.07142901 42.85860062
7.53142500 -2.39993095 42.59078979
7.35469103 -2.29854608 43.21626282
7.14305496 -2.09258103 43.82303619
6.92604017 -1.78984201 44.36133575
6.80031204 -2.35544109 44.44995880
6.69372702 -1.90026498 44.77991104
6.84662724 -3.05025506 44.09994507
7.12735415 -2.61143804 43.67158890
7.15164709 -3.12951493 43.37274551
7.36623192 -2.75030494 42.96270370
7.55910110 -2.82630301 42.21987152
7.57631683 -3.30992103 41.76267242
7.37738085 -3.24247289 42.61699677
7.15653610 -3.61819506 43.06719971
7.36262512 -3.81656909 42.20868301
7.59491205 -3.81188297 41.17995071
7.41892481 -4.30206108 41.48325348
7.23466587 -4.74857903 41.73481750
7.21859217 -5.16713905 41.15092087
7.01865721 -5.12064219 42.03224945
7.04460478 -4.75218821 42.42721176
7.19417191 -4.36307096 42.32786942
7.11763287 -4.05066919 42.86391449
6.89850378 -3.95515609 43.50342560
6.93853521 -3.49989104 43.69680023
6.62434578 -4.32303715 43.83164597
6.52534103 -4.86474800 43.58278656
6.90182114 -4.48081493 43.07876587
6.80444622 -5.01787519 42.80293274
6.75757694 -5.46020412 42.36429214
6.97189713 -5.53537607 41.50901031
6.69919777 -5.85895109 41.86194611
6.47751904 -5.79162693 42.63098145
6.44160604 -6.10764980 42.15367126
6.15230799 -6.14021015 42.79923248
6.23746777 -6.44588614 41.91303635
5.91319418 -6.54516506 42.51007843
5.89043617 -6.90018082 41.57275391
5.50142479 -6.82963324 42.75553131
5.38094187 -7.23487997 41.90123749
5.14587212 -7.17035294 42.68240738
4.98793793 -7.42693090 42.21205902
4.76466894 -7.33013391 42.94284821
4.51871014 -7.71051216 42.07334518
4.27493477 -7.50909996 43.23933029
3.96773100 -7.82831717 42.66227722
3.85568190 -8.15468597 41.40036011
3.42362404 -8.02560616 42.76893234
3.10252690 -8.34312820 41.84683990
3.16632509 -8.63296700 40.16276550
2.30853605 -8.59431839 41.69324493
2.33405995 -8.90844536 39.92161560
1.50501800 -8.95767689 40.48443604
0.66911298 -9.09034348 40.18836212
0.73012000 -8.77890778 41.83775711
1.52213502 -8.69342422 41.98381805
1.24262094 -8.59036064 42.73332977
1.80192602 -8.46564484 42.95363998
1.28624904 -8.40076542 43.57961273
1.74339294 -8.24920464 43.92306519
0.74391901 -8.32802391 43.99726486
0.18854301 -8.26224899 44.23258209
0.23759100 -8.51207542 43.16226196
0.85169703 -8.53685188 43.10241699
-0.08075100 -8.72358322 42.07552719
-0.13158700 -9.00178242 40.63113403
-0.83143699 -8.71409798 41.72133636
-0.95275003 -8.99726105 40.29234695
-1.68016005 -8.76862621 40.71878815
-1.50924397 -8.50295639 42.11000824
-1.05059600 -8.36758232 43.11318207
-0.41769099 -8.54002380 42.81458282
-0.37049401 -8.31619072 43.79788971
-0.93815899 -8.07533836 44.36573029
-1.58011901 -8.06250858 43.82702637
-1.70987105 -8.27369308 42.88027191
-2.27195501 -8.32827854 41.90888214
-2.13467693 -8.04759693 43.24193192
-2.07006502 -7.81436205 44.12975311
-2.56416702 -7.75293922 43.66457367
-2.60456300 -7.98449993 42.80707550
-3.10466290 -7.70481205 42.95593262
-2.96941805 -7.47285509 43.89968872
-3.43041801 -7.32842302 43.54513931
-3.62401605 -7.48396587 42.73228455
-3.58566999 -7.80304384 41.69926834
-4.09068823 -7.36462402 42.12696075
-3.89631104 -7.16821098 43.12771988
-3.72642803 -6.98091078 43.90153885
-4.16861391 -6.78513288 43.53528214
-4.32090187 -7.00665379 42.68177795
-4.72957516 -7.04781485 41.60540009
-4.70618916 -6.61970520 42.80367661
-4.46706390 -6.40244293 43.77033615
-4.92658806 -6.14649105 43.35999298
-5.12382507 -5.72557497 43.71321106
-5.43062496 -5.84856987 42.83452988
-5.17096996 -6.28897905 42.52523041
-5.63893223 -6.18956900 41.55866241
-5.14034700 -6.59547901 41.85374451
-5.44557285 -6.78477907 40.55802917
-6.00152302 -6.35455418 40.19346619
-6.34337091 -5.78314781 40.55929947
-5.92712784 -5.60509396 42.08250809
-5.70674610 -5.50988913 42.85033035
-5.95752001 -5.13878393 42.85858917
-5.49995613 -5.41212177 43.45393753
-5.65626001 -4.96051216 43.77062988
-6.06182480 -4.59292316 43.41789246
-6.19635487 -4.09379292 43.74161530
-6.54177904 -4.21116304 42.85185623
-6.35528088 -4.72396278 42.56369781
-6.72810316 -4.52773523 41.90012360
-6.47379780 -5.10647202 41.57172012
-7.13463116 -4.63641310 40.55479813
-7.12699699 -3.91633701 41.73812866
-7.59352398 -4.03796387 40.22005463
-7.80311394 -3.34169602 40.61531067
-8.22815704 -2.65896606 40.25812531
-7.70241690 -2.56662607 41.82473755
-7.36601877 -3.26127410 41.97403717
-7.14535809 -2.96689892 42.87280273
-7.03954601 -3.47327805 42.59792328
-6.79541683 -3.76974297 42.84127808
-6.74557209 -3.41179299 43.34289551
-6.74676418 -2.96871495 43.72809219
-6.50318623 -3.79529810 43.45828247
-7.04558611 -2.50629091 43.49653625
-7.01591778 -2.02234101 43.87641144
-7.43341112 -2.03912306 42.99098206
-7.33709002 -2.52697206 42.84015656
-7.89817381 -1.78713095 42.05718994
-8.38306618 -1.88775098 40.63813019
-8.22853374 -1.04128397 41.78218079
-8.76720047 -1.14646006 40.24441528
-8.84058952 -0.35138300 40.60606384
-8.35249519 -0.29819801 41.95161438
-7.94909286 -0.49273100 42.82102585
-7.87752295 -0.95493698 42.75180817
-7.58279991 -0.89851600 43.39656067
-7.56061792 -0.36406401 43.65565491
-7.26842880 -1.45097601 43.70955658
-7.72154903 -1.36759901 42.82608795
-7.82219124 0.09471600 43.31314850
-8.16554546 0.04012000 42.57686996
-8.11664295 0.53709197 42.82543182
-7.75173903 0.63511801 43.55154037
-7.98855114 1.11608696 43.15201569
-8.37065697 0.97038800 42.33930206
-8.33513546 1.62243605 42.46553040
-7.85255003 1.72177899 43.38635254
-8.04688835 2.22745490 43.01134109
-8.45668507 2.20943093 42.20806122
-8.27603245 2.74299002 42.50015259
-7.90935516 2.61588192 43.21511459
-7.87990379 3.04462004 43.15293121
-8.19202995 3.19891405 42.56738663
-8.02805519 3.65567207 42.68427277
-7.41978884 3.58332896 43.65784454
-7.63993502 4.24828005 43.08705139
-8.06453323 4.20219421 42.39027405
-7.85406780 4.69300985 42.48292542
-7.47839689 4.64459705 43.15904236
-7.44441509 4.94529581 43.01487732
-7.70930004 5.25856304 42.31465912
-8.21147346 5.02056408 41.47263336
-8.36819172 4.42880297 41.59156799
-8.75230598 4.70556211 40.42124176
-8.88422203 3.94330192 40.62820435
-8.38746643 3.92157793 41.85569763
-8.54720974 3.31779909 41.73556519
-9.16296864 3.15581203 40.30109406
-8.83729362 2.53879595 41.26804352
-8.74791431 1.89149594 41.54859161
-8.82537270 1.20243895 41.27423096
-9.25033760 1.86597705 40.28108215
-9.36451912 2.54229307 39.96043777
-8.53309631 5.34269905 40.34284973
-7.99790621 5.59200621 41.38191605
-8.25235081 5.91740417 40.30922699
-7.73036194 6.11456299 41.33127594
-7.50026178 5.77979517 42.21637344
-7.19769382 5.41799307 43.01489639
-7.06413698 5.93421221 42.79832077
-6.84858894 6.27939892 42.76735687
-7.25615120 6.24504423 42.14910889
-6.94047594 6.64991808 42.15360641
-7.41126299 6.58329105 41.31686020
-7.91819477 6.43648100 40.30609131
-7.53744316 6.90183306 40.32441711
-7.11943102 7.31438398 40.35323334
-6.67561293 7.67105484 40.38301086
-6.64309216 7.38128901 41.33943939
-6.22191000 7.70526791 41.34763718
-6.21623278 7.96511698 40.40974808
-5.79217577 7.96646023 41.34950256
-5.74793386 8.18879700 40.43615341
-5.36152601 8.15388680 41.35520935
-5.26904011 8.33532047 40.47446442
-4.90703392 8.25270939 41.42409134
-4.77450705 8.40665817 40.52308273
-4.42342377 8.29370117 41.49220276
-4.56403303 8.05358124 42.36347198
-5.04513597 8.06570053 42.04324722
-4.98655319 7.79830503 42.72106552
-5.39805079 7.91192913 42.10406494
-5.39599800 7.62555504 42.71324921
-5.79158878 7.67917299 42.13977051
-5.72979784 7.30847883 42.86191177
-6.19050598 7.38379383 42.15653992
-6.15157080 7.02976608 42.78217316
-6.57820892 7.03544617 42.15988159
-6.46705580 6.61120796 42.89094543
-4.44415998 7.66768885 43.31903839
-4.02587414 7.92175007 42.97657394
-3.87263703 7.61806917 43.72322083
-3.55803895 7.79495621 43.40826797
-3.60332704 8.05774689 42.54048538
-4.10801697 8.15354919 42.23271179
-3.92288804 8.27646828 41.55628967
-4.26443911 8.40835571 40.56860733
-3.73968005 8.34002686 40.60729599
-3.19734693 8.20177460 40.63813019
-2.63171291 7.99597788 40.65605927
-2.86002111 8.04706764 41.68794250
-3.40314698 8.19264221 41.61996460
-3.10372305 8.01992321 42.42195511
-3.10442400 7.81631708 43.25289917
-2.62897491 7.60924816 43.77120972
-2.55374789 7.81927204 42.78974152
-2.28091693 7.84155512 41.74333191
-2.03646803 7.72624588 40.65332794
-1.40559494 7.39388514 40.62297440
-0.72902697 6.99605513 40.55303192
-0.99973500 7.27384996 41.80465698
-1.66316497 7.58637524 41.78113556
-1.95211899 7.66616201 42.64273834
-1.95696998 7.50624800 43.71852875
-1.31643403 7.41269398 42.98086548
-1.27248502 7.29344320 44.09709167
-0.72054702 7.16949606 43.77133179
-0.25345999 6.98081112 44.30571747
-0.08653500 6.93192101 43.33036041
-0.66759098 7.16761684 42.78839111
-0.22915500 6.88929796 41.87379074
0.33971801 6.69270420 42.57108307
0.54762501 6.41197205 41.46690369
-0.02551100 6.53266001 40.35202789
0.30754799 6.76355982 44.32693100
-7.04415083 7.00448513 41.32638168
-9.34550095 1.16690600 39.94001770
-9.13462162 0.51999801 40.27035904
-8.54978561 0.37255901 41.73918915
-6.86159515 -5.26486015 40.17811584
-5.01313686 -7.27593088 40.25260162
-4.37238121 -7.61835384 40.66091156
-3.83224702 -8.04779530 40.33459473
-3.11768699 -8.29250336 40.72824097
-2.46724892 -8.62637043 40.39162445
-2.93899798 -8.03363800 42.06164551
2.20825291 -8.22768497 43.61682892
2.59127307 -8.00936317 44.00161743
2.72411704 -8.22212696 42.98863983
2.26650810 -8.39355564 42.85516357
3.12247396 -7.84743595 43.84587479
3.72420406 -7.65906000 43.61425018
4.06082487 -7.31430483 44.08528900
4.55858517 -7.11604309 43.80996704
5.04334688 -6.95286512 43.38623047
5.33252001 -6.55949497 43.64133453
5.72579098 -6.34350014 43.30395126
5.94092083 -5.92867517 43.55894470
6.24206495 -5.73661900 43.24763489
6.49463701 -5.38501692 43.12940216
4.11762190 -8.41767025 39.47006226
4.63503981 -7.99882317 40.50798035
5.08122492 -7.60810280 41.23979568
5.61593485 -7.37933302 40.68243408
6.12616587 -7.10172796 40.11843491
6.37520981 -6.66023922 40.83235931
6.58009291 -6.24553680 41.36293411
6.89044189 -5.95301294 40.91920471
7.16719818 -5.60033083 40.50973511
7.28030396 0.15902901 42.86603928
7.09644222 0.43821901 43.23649597
7.00616884 0.74455798 43.09310150
7.25264692 0.35923299 42.62580872
7.17372608 0.65121198 42.29822540
6.94052887 1.12826300 42.40855026
6.74052811 1.47551799 42.52797699
6.66215181 1.47419202 43.04448700
6.47421980 1.79852605 42.98640442
6.13138485 2.14534998 43.54244232
5.89018297 2.50460291 43.46678162
5.61657095 2.86923909 43.41261292
5.99790812 2.47735405 42.75567627
6.26798582 2.11192703 42.83711243
6.62533903 1.67040503 42.26619339
6.85457897 1.10197997 43.02867889
6.71967697 1.07302296 43.63489914
2.91494203 5.26089001 43.75167847
