-1.44907701 0.88248098 1.77318001
-1.99047005 2.14411807 2.74129796
-0.03133800 1.31966901 2.14167690
-2.59933496 3.27664804 5.03117514
-0.54334301 2.62538910 3.88764691
1.47886097 1.70788097 3.66942906
-3.11394691 4.06402206 8.23176003
-1.22272396 3.58326888 6.72622299
-3.46326590 4.57110214 11.93970585
-1.88118100 4.21932697 10.26465034
-0.06438500 3.69940400 9.17933083
0.78935897 2.90534592 5.97606421
2.72432089 1.99839604 6.18539381
1.83339798 3.04725099 8.81593418
3.65552592 2.17803788 9.25946903
-3.64995790 4.97410393 15.74873829
-2.39128089 4.68617201 14.10313988
-3.71666598 5.38151121 19.38403893
-2.73181891 5.14633417 17.84772491
-1.49968195 4.80539703 16.64986992
-3.67132998 5.79350901 22.68636894
-2.91690302 5.61455584 21.32751656
-3.56502199 6.01728487 25.38079834
-3.01341200 5.98652983 24.48844337
-2.20008802 5.78210402 23.63002205
-1.91943502 5.33133221 20.23604584
-0.67099798 4.92787504 19.32962418
-1.15863705 5.46872807 22.80748940
0.14439400 4.96883011 22.07860565
2.65368795 3.09480691 11.96132946
4.36791277 2.23829794 12.42571831
1.64701104 3.79057097 15.15544891
3.35255098 3.08364201 15.02960110
4.96026087 2.26644397 15.42673779
0.79077899 4.41130114 18.57765961
2.37814999 3.79773593 18.10456467
1.63774002 4.35976410 21.41486740
3.21305203 3.65231490 20.90066147
3.99476099 3.06774306 17.90460396
5.49128819 2.22986603 18.25211143
4.72611713 2.83920193 20.68230438
5.94201899 2.07390809 20.64233780
-0.02213800 4.37328386 15.72521973
0.85952902 3.76733208 12.11067104
-0.86426598 4.27483988 12.86202526
-3.80512595 6.20432997 27.51076126
-3.06576204 6.11560202 27.45214462
-4.12249899 6.47823000 30.21914482
-3.22605896 6.34176588 30.29635429
-2.42073894 6.11339903 30.05748749
-4.46858501 6.77810192 33.11807251
-3.45547891 6.66136694 33.24145126
-4.96337414 6.90792799 36.02623749
-3.87177205 6.93444920 36.15557861
-2.89002800 6.78739595 36.15482330
-2.57474804 6.41057682 33.14319229
-1.71663797 6.06689310 32.82869720
-1.95503700 6.50534582 35.99728394
-0.97818500 6.10949802 35.66666031
-4.32744122 7.11273479 38.00835037
-4.86062384 7.08821106 38.22591400
-5.44927692 6.95481014 37.88056183
-5.64864397 6.97692108 39.42271042
-5.08880615 7.12744999 39.47382355
-4.54847479 7.22011709 39.51971054
-4.02938080 7.26064491 39.55889130
-0.30832800 6.06869984 37.45117188
-0.84574997 6.35784292 37.95492172
-1.37414002 6.53816223 37.82307434
-1.57925296 6.84228516 39.49546051
-1.06129503 6.65186310 39.39840317
-0.51000297 6.42127705 39.25108337
0.08160400 6.14194012 39.02964401
-2.34417200 6.87112713 38.00988388
-1.85576606 6.75544691 38.21511078
-3.30466795 7.07139111 38.06225586
-3.79408312 7.14421415 38.31757355
-2.81107903 7.02180195 38.32379150
-3.52737808 7.25399113 39.58720779
-3.03877211 7.20594406 39.59867477
-2.55717707 7.11938620 39.58944702
-2.07405996 6.99786377 39.55734253
1.72821105 5.46212482 39.35836029
1.52871394 5.85922194 40.90199280
2.08028197 5.51768589 40.50034332
2.92032504 4.73701715 38.47528839
3.54067492 4.11991596 36.22099304
2.07661700 4.94204187 37.07474136
4.09954691 3.51448107 32.96787643
2.61138606 4.26429319 33.70648956
1.29719305 4.99298477 34.27610779
0.96172798 5.42778015 36.87292480
0.11951300 5.59834623 35.13445282
0.30510399 5.80380487 37.47348785
0.70368397 5.81660604 38.72250366
1.31091404 5.48903513 38.42108917
2.28891993 5.15452194 39.13627625
4.67079306 3.08710790 29.67152023
3.14156294 3.89908195 30.37664223
5.18099213 2.71497512 26.37015152
3.66664100 3.61938000 27.03045273
2.13550091 4.33783817 27.67834091
5.61967802 2.38376594 23.19010925
4.15372086 3.28098989 23.71595192
2.61048007 4.07750893 24.27503014
1.08827305 4.75849009 24.91139030
-0.76609898 5.65966082 32.34503937
-0.53795302 5.43944788 28.98667526
-1.56376195 5.81380177 29.57970428
-0.29224601 5.30187321 25.59674835
-1.44818902 5.72655106 26.26506042
-2.34764290 5.97824001 26.93475914
0.70797002 4.95663500 28.34246063
0.36063999 5.18128920 31.74305725
1.67990196 4.59812307 31.07152939
0.02240300 -0.27165201 1.79135501
1.85887802 0.16117799 2.47202706
1.79280305 -1.65686905 2.79513192
3.37593102 0.57924998 4.41386700
4.50895119 0.92331499 7.21566105
5.05982590 -0.63214397 6.13454580
3.66142392 -1.13890803 3.90974498
3.52105808 -2.98036909 4.87240601
5.24638319 -2.34738994 6.27919102
5.02098894 -4.07056618 7.67057896
5.32021523 1.13074303 10.40171909
5.94207478 1.25232601 13.49413490
6.78262806 0.03486700 12.11969376
6.45874691 1.31615996 16.46959877
6.84764385 1.36088002 19.40949059
7.86335897 0.27232501 18.19806290
7.39058399 0.18388000 15.12614822
8.08886433 -1.08442700 14.26678276
8.70700645 -0.95475698 17.28808022
9.24882603 -2.23093104 16.77077293
6.55681896 -3.37665391 9.15270042
6.22427177 -4.95941687 10.71358204
7.62946606 -2.84084797 11.37807846
7.52584600 -4.27974892 12.14517784
7.17656612 -5.71033192 13.62705517
8.50637054 -2.46618605 13.93577480
8.54840660 -3.80034494 14.18750572
9.44279003 -3.52361608 16.72380829
9.34975719 -4.81636000 17.11933899
8.34470654 -5.09825182 15.01269531
7.98281479 -6.45162296 16.40114021
9.03467274 -6.04648209 17.83256149
8.62630844 -7.15818119 18.75014877
7.36450005 -1.35536003 11.38529110
6.48461294 -1.77907002 8.59777546
6.05627489 -0.21881799 9.04468536
6.89044523 1.38364899 22.43474960
6.66795301 1.71535301 25.63690948
8.01728344 0.60578901 24.77281570
6.20286989 2.16396308 28.94713974
5.64839602 2.67305207 32.23031998
7.20025015 1.72443700 31.50173569
7.71770382 1.11774004 28.18702316
9.06403446 -0.03134900 27.39931297
8.68104839 0.65311497 30.79344177
10.06998825 -0.57994801 30.16558075
5.00137520 3.27303100 35.24533463
4.45108509 3.83866906 37.66146088
3.65445399 4.34580803 38.33489990
5.70514488 3.16630197 37.67399597
2.66891098 5.16077280 40.14340210
3.33414006 4.76394701 39.80778122
6.58802891 2.77794600 38.81583405
5.79751301 3.35479403 39.46102142
5.15676689 3.77565289 39.73067474
4.80921412 4.20886898 41.06760406
5.41872311 3.77621794 40.69817352
6.10580301 3.28213596 40.28199387
6.79503584 2.77883196 39.90025711
4.76366615 3.86947393 38.98521042
4.05957413 4.31455708 39.39406586
9.61502838 0.24520800 33.37216187
10.93229198 -1.13157594 32.89459991
8.92140007 1.08273196 36.25111771
10.33585167 -0.15418699 35.75864792
11.55088425 -1.61754298 35.44080734
7.77615309 1.97587705 38.78627014
9.28725624 0.73988497 38.02476120
8.43726540 1.49334705 39.74969101
7.68410778 2.15675998 40.27097321
9.40416527 0.54966199 39.78043365
10.75083733 -0.52197802 37.80508041
11.72064781 -2.01028705 37.58995819
10.58837414 -0.86019599 39.30233765
11.54059792 -2.25190592 39.28302002
7.08169222 2.64111400 40.50317001
7.28971577 2.12291408 36.70248413
8.13273811 1.38429105 33.97655869
6.56727409 2.36725903 34.66886520
12.18515015 -3.55423403 37.52933884
12.52953720 -4.84832287 35.27875137
12.34388447 -3.25496101 35.27672577
12.56987381 -6.01785517 32.63308334
12.54908276 -4.44287014 32.50248337
12.23114681 -6.86277819 29.70401001
12.52626801 -5.48363495 29.45291710
12.18639755 -3.79275799 29.44528961
12.18677139 -2.77995205 32.63455200
11.33478737 -2.12843704 29.68160439
11.67603111 -7.43135500 26.61786270
11.94415855 -6.00495005 26.21984291
10.67926598 -7.47239208 23.56126785
11.07820511 -6.13168383 23.06237411
11.16915035 -4.73479509 22.79106331
9.58266735 -7.30927181 20.79342270
10.06229973 -6.06345177 20.17311096
10.30496407 -4.76618910 19.74796867
10.24727154 -3.41415811 19.60571671
10.26095676 -1.37361300 26.72375870
10.15624237 -1.84977305 23.22990799
9.19873238 -0.56220400 23.90737534
9.78826904 -2.07191801 19.88374901
9.04131126 -0.80635297 20.51970673
8.03173161 0.37216699 21.41474342
10.86515522 -3.25904107 22.83557892
11.24765778 -2.86784601 26.25212860
11.81709671 -4.46611881 26.08582687
-2.08550406 -0.44615901 2.26963091
-0.50149298 -2.03356695 2.87952495
-2.98089600 -2.24887395 4.00153399
1.24450302 -3.53205800 4.54757214
2.93329191 -4.77777481 7.08213711
0.37762699 -5.38324881 7.38221121
-1.35677302 -3.94363093 5.20562410
-3.96385789 -4.19503593 6.81385708
-2.34435296 -5.79932308 8.45837593
-4.88709402 -6.00868177 10.26659966
4.42898083 -5.78478718 10.09460258
5.67085123 -6.57701588 13.04643154
3.63703299 -7.48214102 13.09463882
6.73851013 -7.25137186 15.87645721
7.66314411 -7.91776991 18.58827972
6.25860977 -8.88991928 18.77849007
5.03662682 -8.25530243 15.99605179
2.83487606 -9.16856003 16.44413376
4.36799908 -9.92898273 19.29973602
2.03322601 -10.81481457 19.96899796
-3.29553509 -7.48896694 12.13464546
-5.64362812 -7.54946804 13.86963081
-1.51503301 -8.79535484 14.53747082
-4.03434896 -8.97369289 15.72862530
-6.20244789 -8.83017826 17.30921936
0.27792901 -9.85820198 17.13405991
-2.29535389 -10.21434116 17.99189377
-0.53646499 -11.36276627 20.67189407
-3.05544305 -11.45960617 21.39973831
-4.70769215 -10.20722294 19.05058098
-6.64608192 -9.83096981 20.38030434
-5.25925303 -11.10408592 22.16997528
-6.80211306 -10.52111816 22.93685150
1.13800001 -8.24219322 13.60294628
-0.62376702 -7.14731789 10.90043163
2.07592010 -6.55505323 10.18880653
8.77785873 -8.43940258 21.29479790
9.96787643 -8.72416115 24.13448715
8.74001884 -9.77760315 24.73805428
10.89082146 -8.58878994 27.16622543
11.66688824 -8.17161274 30.15485001
10.68978310 -9.32438469 30.73186302
9.84701729 -9.74707794 27.75915909
8.36285973 -10.78342438 28.40453339
9.33669090 -10.37937927 31.42610741
7.37518311 -10.97896957 32.11558533
12.10806465 -7.36791897 32.97991562
12.25452614 -6.28070402 35.52268600
11.29596615 -7.35332203 35.85758209
11.83169937 -4.90390301 37.51109695
11.37341690 -3.66457105 39.32365417
11.23788071 -4.88099194 39.22585678
11.20873547 -6.13339520 38.15024948
10.60821342 -7.27500200 38.08877563
10.58476639 -6.04717922 39.91980743
10.89795113 -5.47395897 39.71361923
10.57222557 -6.66426086 39.25034332
10.11603546 -7.17029095 39.58375549
8.08707237 -10.18403339 35.33588409
6.50853205 -10.93188000 35.21320343
7.35072517 -9.97215271 38.07941818
8.16299057 -9.64816093 37.70469284
6.86187983 -10.46224785 37.02758026
5.86148310 -10.74116135 37.48478317
9.02391148 -9.29253197 36.85758209
9.21223736 -8.74582291 38.27425003
8.49514961 -9.11796379 38.74955368
9.46868515 -8.19549942 39.05789948
9.55927944 -7.60099983 40.03517914
8.94058228 -7.95255899 40.53656006
7.67582417 -9.41150284 39.34988403
6.80115700 -9.63443184 39.97320938
10.12963676 -8.36132622 36.83249283
10.01949310 -7.75710106 38.74570465
9.78573799 -9.38403893 34.12531281
11.27013397 -8.57204056 33.52371216
-0.27221301 -11.79696846 36.85099030
-1.52632904 -12.06565475 34.66268539
0.70878899 -12.27375221 34.34523392
1.92375696 -11.82126236 36.54682159
3.04241800 -12.10968876 33.86971283
0.82408899 -11.79614067 37.06119537
4.19277096 -11.52067757 36.03252411
5.33581114 -11.62685013 33.17435837
5.34468699 -11.21980000 36.00960541
3.05249810 -11.65193653 36.68114471
4.71771622 -10.96489143 37.98987579
3.57572007 -11.17615223 38.29086304
2.48029804 -11.32423019 38.49796295
1.40653598 -11.39670944 38.64844513
-3.11477089 -12.54145145 31.27009583
-0.77981198 -12.98067856 30.92113495
-4.53958893 -12.18004417 28.12710953
-2.31723809 -12.79074669 27.77088737
0.21402100 -12.93372917 27.26454163
-5.89117622 -11.50643635 25.19410706
-3.86907101 -12.24566269 24.76930046
-1.42106199 -12.53145885 24.21517754
1.20721698 -12.28949738 23.59175491
6.49791718 -11.74136162 29.09988785
5.21455812 -11.83564186 25.96844673
7.19027090 -10.84633255 25.31586456
3.76817989 -11.58669472 22.90246582
5.90576601 -10.57733727 22.21279144
7.56480598 -9.50133514 21.67643738
2.82363510 -12.59018898 26.64797592
4.26367378 -12.52325153 29.79920387
1.76109099 -12.97157383 30.42284393
-3.26220489 1.16412795 2.67779398
-4.33047104 -0.43178001 3.86714792
-5.36337805 1.28693199 4.73561811
-5.36274004 -2.35004401 6.12663412
-6.28255177 -4.29607010 9.20568657
-7.46732378 -2.42908597 8.95471573
-6.50629187 -0.48126099 6.37779713
-7.33500481 1.20986199 7.56483603
-8.40055466 -0.61238903 9.48698997
-9.00990868 1.01832294 10.81088734
-7.04863024 -6.03988981 12.67601204
-7.55775499 -7.42104101 16.13883972
-8.77340031 -5.89620590 15.45706367
-7.92317486 -8.50392818 19.31988907
-7.95208979 -9.39860630 22.31904602
-9.06127262 -8.03142834 21.80874634
-9.01418114 -7.04057407 18.66364098
-10.03631401 -5.50537777 18.33400726
-10.00934505 -6.56246424 21.51814270
-10.86496735 -4.99404001 21.40947342
-9.91764355 -0.72455502 12.83333397
-10.33291245 0.87480700 14.13871384
-10.48991585 -2.37247205 15.43834877
-11.04888535 -0.67508900 16.12469864
-11.31699562 0.90167397 17.35375977
-10.82203579 -3.80615091 18.35423660
-11.44723988 -2.09653211 18.65974045
-11.58847904 -3.32040501 21.45757294
-12.10814095 -1.60354400 21.73560333
-11.88044357 -0.40510800 19.29616547
-12.00762939 1.07968903 20.40478706
-12.46836567 0.07660500 22.26213264
-12.50790215 1.36895704 22.83384323
-9.73097610 -4.13900423 15.18160152
-9.19503307 -2.47165608 12.16018677
-8.23334408 -4.30280209 12.09479046
-7.46232414 -10.38930607 25.22301292
-6.34999895 -11.18507385 28.26121521
-7.78157091 -9.92056465 28.16983795
-5.09565115 -11.71309853 31.44503021
-3.53680110 -11.49628067 34.84982300
-5.25028276 -10.62195587 34.91617584
-6.69747019 -10.59009838 31.44904518
-7.97941113 -9.26690292 31.34510231
-6.66118908 -9.51066208 34.89301300
-7.81139517 -8.21735382 34.83436966
-2.31138706 -11.42324638 37.03600693
-1.29357803 -11.59807682 37.28520966
0.35813600 -11.38997269 38.75225830
-0.66030300 -11.29972076 38.82705307
-1.63303602 -11.12449265 38.88973999
-2.55782890 -10.86748695 38.94223785
-7.88373804 -7.33397102 37.05682373
-7.34418106 -7.98096800 37.38784790
-6.86746120 -8.64763069 37.08794403
-6.22938299 -8.67157555 38.92253113
-6.77221394 -8.08507919 38.90880585
-7.26301098 -7.45516920 38.90792084
-7.71357489 -6.78519487 38.90874100
-5.62487984 -9.79213619 37.12641144
-6.22829008 -9.20454407 37.42530060
-4.10982704 -10.73484612 37.12371063
-3.20993400 -11.06260300 37.41578674
-4.86016417 -10.24611378 37.45134735
-3.42421198 -10.54231453 38.96916580
-4.22638798 -10.15516853 38.97167969
-4.95895910 -9.71020126 38.96322632
-5.62660980 -9.21256161 38.94575119
-9.99741173 -2.61661506 37.08822632
-10.69095421 -1.81201100 34.80532455
-10.20418262 -3.53947210 34.78316879
-9.43283081 -4.29525518 37.06579971
-9.55190086 -5.20800018 34.77185822
-9.66847420 -3.45428896 37.40493774
-8.72909927 -5.87654305 37.04796982
-8.75957298 -6.77562094 34.78718567
-8.26505661 -6.59986305 37.36976624
-9.03372574 -5.08472300 37.37953949
-8.12584114 -6.08230019 38.91407776
-8.50065136 -5.34445620 38.93214035
-8.84204960 -4.57522202 38.95565796
-9.15288925 -3.77446604 38.97666168
-11.69112587 -0.96888900 31.22274017
-11.27407646 -2.75444293 31.17131424
-12.26097775 -0.05219100 27.99774361
-11.98403454 -1.79315996 27.89232826
-11.44101715 -3.57171702 27.82292747
-12.64114380 0.79610503 25.01809311
-12.46732426 -0.83727700 24.81895447
-12.05295944 -2.58755589 24.63723373
-11.38689804 -4.33816099 24.55413818
-9.02456284 -7.80227280 31.22672081
-9.90334892 -6.95608282 27.84116364
-8.93649483 -8.49402523 27.98324776
-10.60746002 -6.02240896 24.53141403
-9.71947479 -7.56794500 24.66568375
-8.68021965 -9.03767776 24.93059921
-10.73046684 -5.30877209 27.79714584
-9.90240097 -6.21552420 31.15854263
-10.65465355 -4.52198505 31.14709854
-4.04037905 2.57418299 4.28466797
-6.01314592 2.69548392 6.68017483
-7.75798321 2.56499195 9.66452599
-6.27439022 3.68566704 9.52068424
-4.54555321 3.63769507 6.94858313
-4.77676678 4.30702400 10.34853745
-9.20591068 2.33796310 12.93555641
-10.35837078 2.21882796 16.17145920
-9.00544739 3.35815191 15.72102356
-11.21292686 2.22985601 19.30825233
-11.92751408 2.29083800 22.28120422
-10.94011974 3.33268809 21.96873474
-10.04842854 3.31578302 18.84904099
-8.55861473 4.19802094 18.94220924
-9.57311058 4.24545288 22.05385590
-7.97543716 4.97789288 22.40284729
-4.77965498 4.71860409 14.12856483
-5.92558193 4.75217819 16.69569778
-4.68891478 5.12529707 17.86882019
-7.00455618 4.82402802 19.49006844
-5.62288380 5.25637913 20.31483650
-6.49067879 5.46548700 23.03089905
-5.22378016 5.76816893 23.77571106
-4.51654005 5.54718018 21.37063599
-4.23799706 5.94976091 24.57225800
-7.42847204 4.19534206 15.92820168
-6.18444490 4.28426981 12.99140453
-7.74975109 3.51330900 12.55229759
-12.40167236 2.20195508 25.01229858
-12.17959499 1.56616104 28.08484268
-11.66977406 2.99109507 28.13911057
-11.80709267 0.76252300 31.29523468
-10.95090580 -0.09273600 34.82507324
-10.90580654 1.53772104 34.86982727
-11.55285358 2.36416197 31.37953758
-10.88826942 3.76815605 31.50333405
-10.49828529 3.02849102 34.98110199
-9.73499489 4.33398390 35.13452530
-10.38405323 -0.89216900 37.09363937
-10.15198326 -1.74619997 37.42194366
-9.43107605 -2.94711900 38.99291229
-9.67270756 -2.10029411 39.00071716
-9.86826038 -1.24381900 39.00071716
-10.01251221 -0.37329400 38.98656082
-8.92589569 4.96250582 37.39566803
-9.33783913 4.39732218 37.66364288
-9.77824783 3.73819709 37.28984833
-9.58226967 3.39751601 39.10744095
-9.23292542 4.10121822 39.18304062
-8.84449196 4.73330498 39.16397858
-8.39966774 5.28125715 39.16482925
-10.34041595 2.31816912 37.11738205
-10.05406380 3.04952192 37.51458740
-10.53202534 0.77723402 37.05365753
-10.43497562 -0.03041200 37.39070892
-10.42782402 1.57106400 37.38126755
-10.12387466 0.45133701 38.85866165
-10.12632656 1.22192299 38.84660339
-10.04317093 1.96967900 38.87118530
-9.87413788 2.68415594 38.93096161
-6.17633915 6.66335678 35.80912781
-6.65224409 6.55908012 37.70787811
-7.45486689 6.16436100 35.55493927
-6.02407980 6.81188202 38.07991791
-7.85120487 5.90080214 37.52915192
-8.68521118 5.38946676 35.31883240
-8.37556553 5.48517418 37.75519562
-7.23216105 6.28404617 37.90674210
-7.90167284 5.75380993 39.19343948
-7.36433220 6.15694094 39.24095154
-6.79915285 6.49341297 39.30142975
-6.22310877 6.76646805 39.36351776
-5.67343092 6.70726919 32.82423019
-5.21393108 6.47885084 29.88549995
-6.52066803 6.28048420 29.41962814
-4.73471689 6.21353388 27.10604095
-5.91215086 6.06341791 26.53196335
-7.31972122 5.71804905 25.92856216
-9.82950783 4.92509222 31.72029495
-9.44082546 5.14906216 28.51594925
-10.72299576 4.19125700 28.25383759
-8.85038471 5.16830015 25.38961983
-10.31444740 4.36918211 25.05575943
-11.50768566 3.36579704 24.97199440
-7.97711611 5.84484386 28.92946434
-8.49089527 5.80389500 32.04632950
-7.04911089 6.39394283 32.43928146
6.37941599 3.19786906 41.03305054
6.60980797 3.08731103 41.62858963
8.63290024 1.27414799 41.14488983
7.98802900 1.89279902 41.57971191
8.09661674 1.72331095 42.07212067
7.85453320 2.03499389 40.95542526
9.57248116 -0.21376200 41.77448273
9.10977364 0.40893099 42.06449890
9.07691765 0.21607500 42.49047089
9.71714020 0.01359300 40.60885620
9.12363052 0.73507899 40.97199249
9.13329315 0.58097202 41.53961182
8.48244286 1.46137595 40.64632034
10.12402153 -1.34478402 41.57603073
9.83641243 -0.71813101 41.72663879
9.64982796 -0.83281302 42.26557159
10.24848938 -0.96215701 40.78427887
9.58913326 -0.02121800 41.33941269
10.26683426 -2.38145208 41.80304718
10.21038818 -1.86636305 41.74097443
9.90475655 -1.89777803 42.35438156
10.68651772 -2.35484505 40.81342697
10.13644028 -2.88922906 42.09683990
10.50418663 -2.91251206 41.40411377
10.80779362 -3.45910907 40.73379135
10.58478546 -4.12335920 41.08343506
11.00938034 -4.19850683 40.16514587
10.43562317 -5.39564514 40.76129913
10.11194515 -6.55541515 40.39230347
10.03658867 -5.93235588 41.10807037
10.77910995 -4.81248379 40.41828918
10.36780357 -3.46993899 41.63503265
9.87843227 -2.38079405 42.50889587
9.82593346 -1.37922394 42.27036285
9.39583588 -0.29474801 42.34014893
8.60701561 1.18589306 41.80646515
7.20175982 2.59642100 41.30792618
6.34829378 -10.19550705 38.85773468
8.74446869 -8.53829384 39.72994232
4.45772696 4.27321005 40.34077072
1.11331105 5.85017776 39.93722534
-7.87353706 0.02658200 44.66709518
-7.62198687 -0.98889101 44.82181931
-7.13236284 -0.16971999 45.63001251
-6.69954395 -1.22334301 45.96711349
-6.35098600 -0.14899600 46.56983185
-7.28440094 -1.91803503 45.01805496
-6.69037580 -2.24025011 45.69674683
-5.72269583 -0.97161502 47.16310120
-7.10987377 -2.85093403 44.86109924
-6.29899120 -3.07523799 45.84423065
-6.00066614 -2.12658000 46.57871246
-6.76106882 -3.91926289 44.73282623
-5.82595205 -4.06255817 45.94596863
-5.34993076 -3.24241400 47.00086594
-5.18137503 -2.00597405 47.57932281
-5.05417919 -0.18746600 47.96203232
-4.97991800 -1.13330805 47.95613098
-6.14678621 -4.92144394 44.88560486
-5.16822386 -5.02616882 46.18706131
-5.18943787 -4.18236303 46.78111267
-4.39151812 -4.39697695 47.85163498
-4.51218319 -2.84629703 48.19358444
-4.47328186 -1.71981597 48.41221619
-5.57933092 -5.87065506 44.85292053
-5.09771776 -6.67429399 44.66028595
-4.68926907 -6.16105413 45.77774811
-4.24999380 -7.22740221 45.06053162
-3.69682002 -6.57854795 46.71399689
-4.32223511 -5.58149815 46.94272232
-3.64978004 -5.74417591 48.01815033
-3.60771203 -5.14526320 49.07236099
-2.90369701 -6.64222288 48.04267883
-2.96497893 -6.12277079 49.34300232
-3.27030110 -5.52127600 49.98473358
-3.57718205 -7.96988821 44.78014755
-3.21524906 -7.51610994 45.89458466
-2.83220005 -7.17400789 47.02216339
-2.73504400 -8.30213165 45.06765366
-2.18806005 -7.83358383 46.48645020
-2.15107989 -7.29741287 47.81607056
-2.12115097 -6.93799210 49.20386887
-1.49442101 -7.73727798 47.45979309
-1.36398304 -7.45894480 48.53366852
-1.16780496 -8.19902039 46.56563187
-1.71406102 -8.59749413 45.33752441
-0.85777003 -8.67537689 45.68905640
-0.60041100 -7.89437723 47.76136780
-0.48404300 -7.58042002 49.24650574
-1.33289301 -7.30665112 49.60527802
-0.15126400 -8.44314384 46.45936584
-0.24243000 -9.00545692 45.20535278
0.18547399 -7.78176212 48.39197540
-3.88742089 -3.46907210 49.04980087
-3.75639009 -2.24689388 49.13153076
-4.42414999 -0.78823602 48.53742599
-3.80289698 -4.33807611 49.18988037
-3.94503093 -1.30369496 48.95054245
-3.75874090 -0.51790601 49.12336349
-3.55760193 -4.75109386 49.96192169
-3.56035900 -3.93025208 49.94827271
-3.28297901 -3.05885792 49.89719391
-3.28320193 -1.25017905 49.47044373
-2.88063908 -2.08460689 49.85080719
-2.32548404 -1.06626296 50.02783966
-1.99674404 -2.14453292 50.28023529
-1.33335495 -1.35673404 50.35437012
-1.02753794 -2.22940207 50.45374298
-0.56696200 -1.56609797 50.45884705
-0.06875600 -2.10579610 50.48342514
-0.58916998 -0.79066998 50.50011444
-7.39671516 0.61434501 45.35045624
-6.75530005 0.69033903 46.13403320
-5.99795294 0.75010198 46.99500275
-5.71518993 0.01469000 47.30048370
-7.93779898 1.05726194 44.56634521
-7.19615078 1.44628000 45.51674652
-6.36201906 1.62140405 46.48819351
-6.83863878 2.32406092 45.76242828
-7.77932215 2.32533693 44.51645660
-6.81012392 3.37888098 45.39409256
-5.38966608 0.61679298 47.65210342
-5.95825577 2.79258895 46.66690063
-5.33275700 1.67803001 47.61394119
-7.03486681 4.53765106 44.39999771
-6.27333784 4.28732681 45.61164474
-5.98062515 3.77467895 46.27526474
-5.98035097 5.06439590 45.34608841
-4.79026222 0.80885398 48.24399948
-4.97216797 2.93363190 47.77132034
-4.56156921 2.27853298 48.37693405
-5.30596495 3.75138497 47.08868408
-4.53483295 3.88799500 47.93946075
-4.83240509 4.45003796 47.26437759
-5.47549391 4.57487297 46.39662933
-5.24136591 5.33480787 46.01313019
-4.28803110 0.12446500 48.70214462
-4.08481979 1.03037095 48.91593170
-4.53340816 1.56928098 48.47912598
-4.07021284 3.15171099 48.76881790
-4.60934591 5.20874405 46.87286758
-3.56875706 0.38895601 49.32047653
-3.85161090 2.02782798 49.13959885
-3.79133606 4.22739792 48.72917938
-3.00690794 -0.28563401 49.67515564
-2.80707002 0.72730303 49.92031860
-3.43160105 1.24591696 49.51129150
-3.31198907 3.80846500 49.67861938
-3.41382408 2.84662199 49.61699677
-3.15676308 4.67711878 49.47873688
-4.17326498 4.73387003 47.84883118
-3.45813990 5.04285002 48.54860306
-2.81889606 2.04507995 50.20481110
-2.99376702 3.18227410 50.24280167
-2.84539199 5.33188009 49.29171753
-2.27232289 -0.00047000 50.13437271
-1.72123897 0.96397299 50.63099670
-0.67039698 0.18413900 50.67573929
-0.66102302 0.94521499 50.98512268
-5.40719795 5.82579994 45.18802643
-4.65747499 6.41757393 45.10286713
-5.46367788 6.41765690 44.16349030
-4.66077185 5.86380482 46.02496719
-3.75317907 5.48218107 47.56726456
-4.04042912 5.85170984 46.72101593
-3.92996097 6.35889721 45.96963501
-3.79069400 6.89934492 44.89247513
-4.61976480 6.92719984 44.05632782
-2.98869801 5.72116518 48.25644302
-3.19277406 6.20074797 46.97093964
-2.78263903 7.13579082 44.80990219
-3.17306089 6.71408606 45.83005905
-2.27809906 6.28340816 47.92255020
-2.12902999 6.79055214 46.28542328
-2.36889791 5.87822723 49.10752869
-1.98714900 7.13528204 44.99053955
-1.63239300 6.34341908 49.05587006
-1.33035195 6.63593912 47.72254944
-0.67670000 6.65284777 48.91769409
-0.32435000 6.72581577 47.57950974
-0.92739803 6.87482309 46.44182587
-1.32318294 7.06272697 45.30168533
0.01576500 6.81832981 46.30342102
-0.46335500 7.00249004 45.26789856
0.27100500 -8.05525017 47.50218964
0.67525202 -8.92184067 45.49108124
0.85948598 -8.33080292 46.76411819
1.05843103 -7.82102299 48.00181580
1.52276194 -9.17080688 44.89119339
1.57222998 -8.63388157 45.94843292
1.72544801 -8.09569740 46.98977280
1.41524398 -7.28723001 49.80816650
1.62493503 -7.36319399 48.94168472
2.07508612 -6.96020079 49.71440887
2.39832807 -8.90046692 45.11808777
2.24370289 -8.35854530 46.20923615
2.55485201 -7.85924292 46.91686249
2.05811906 -7.55997515 47.91305542
2.46079111 -6.99482107 48.77338791
2.81930304 -6.37755108 49.71849823
2.96132493 -8.28644371 45.88990784
3.19914889 -8.71606255 45.01860046
2.92112899 -7.22331190 47.71284485
3.41488194 -7.62072992 46.59578705
3.95032191 -8.23810101 45.24763870
4.09705210 -5.86687183 48.11109543
3.26538301 -6.48587799 48.54256058
3.77173400 -6.81620121 47.38203430
4.32793617 -7.28682709 46.22017288
4.90764713 -7.75912285 45.15867996
5.31853485 -6.86025810 45.77595520
4.60615301 -6.40995693 46.93896103
5.32246494 -5.95927095 46.57151031
0.18693800 -1.34812295 50.49566269
0.34057301 -0.31368199 50.61388397
0.92753100 -2.16032791 50.47164536
1.08010101 -1.15275204 50.43796158
1.24926996 -0.31413400 50.48073196
1.87061703 -1.94531202 50.32181168
1.90476298 -0.83690202 50.23201752
1.89067996 0.14885300 50.33478546
2.71782398 -2.51434112 50.17557144
2.68310595 -1.42324805 49.92051697
2.65055394 -0.34049401 49.87352371
3.37700796 -3.02867198 49.95964432
3.51313305 -2.03659391 49.50578308
3.43534303 -0.87444401 49.38011169
3.52364802 -5.63811684 49.44696045
3.77224302 -3.80737591 49.78873062
3.99559307 -2.87809896 49.25885773
4.22718811 -2.16300702 48.90751266
4.14658880 -1.38752103 48.87657166
3.42012596 0.35772800 49.32030487
4.05307007 -5.11333084 48.88489532
4.23829699 -4.37429810 48.94313812
4.65947485 -4.94159794 48.04554749
4.76453876 -4.10376406 48.25666809
3.74906611 -4.75057888 49.80140686
4.43206310 -3.53686309 48.79521942
4.64601183 -2.70620990 48.53092194
4.18658209 -0.43580699 48.72318268
5.32005978 -4.31343317 47.49633789
5.34252787 -5.16248322 47.08799744
5.17198277 -3.36258602 47.90239716
4.82555389 -1.82027102 48.29712677
4.67727995 -1.01758599 48.36252594
6.41851807 -6.83034897 44.78124237
5.73452616 -7.56831217 44.69306183
5.91783905 -6.18841505 45.78942871
6.58218002 -5.81877995 45.37369537
7.31899786 -6.21622419 44.39009094
5.95172882 -5.46724987 46.24726868
5.97936201 -3.68925595 46.92416763
5.83844614 -2.71589398 47.23683167
5.21401691 -2.49325109 47.92372131
5.57565689 -1.88126302 47.54662323
5.27261686 -1.12365997 47.80524826
4.93830490 -0.34918100 48.02269745
7.33746910 -5.16064501 44.95428467
6.54764891 -5.04379892 45.83983994
6.86173201 -4.14283991 45.83809662
6.00103092 -4.63450480 46.60435104
6.39932299 -1.91112697 46.67640686
5.88080883 -1.25827205 47.20542908
5.71322918 -0.45772099 47.27151871
7.55855417 -3.26659799 45.31000519
7.91461897 -4.23634195 44.70824051
7.35936117 -2.21815491 45.64612579
6.67092800 -2.98578095 46.29965210
7.01285696 -1.41117406 46.01494598
6.41741610 -0.95881099 46.60950470
6.36464405 -0.15588500 46.52374649
7.09348011 -0.62330598 45.81845856
7.75438595 -1.39496303 45.20240021
7.73091316 -0.65909302 45.10615540
0.10018400 0.64328599 50.92277527
1.02854097 0.58103597 50.77209091
1.94542599 1.22482896 50.61386871
2.56066394 0.57133001 50.01292419
2.42697692 1.91969800 50.53387451
2.88933897 1.45249701 49.89067841
2.84342694 2.44306111 50.20428467
3.29866099 2.14803696 49.50042725
3.10922503 3.85135698 49.66062927
3.26282501 2.91373110 49.54250717
3.60750604 3.30573392 48.79130554
3.36444712 4.10854816 48.69064331
3.85114694 3.63005209 48.06192398
3.71814108 1.47441304 48.99832916
3.76819491 2.42246389 48.81723785
4.27196693 2.83130407 47.88962936
4.33138990 3.55859995 47.17156219
4.48322105 0.62095201 48.28697968
4.43113995 1.79370499 48.09490204
5.01935577 3.40380812 46.10984039
4.20446014 4.26833487 46.31305695
0.22692500 6.66762114 48.67752457
0.74892902 6.55014801 47.28607941
1.04838300 6.45805120 48.70160675
0.85235602 6.65231085 45.71305847
0.20667100 6.88422918 45.34941101
1.70059299 6.14267778 49.12143707
1.93757200 5.98485899 47.48978043
1.47900903 6.34890318 46.38173676
2.11547995 6.05816984 46.06101227
2.59336400 5.87681580 44.96773911
1.73049200 6.32680798 45.21784973
2.82493806 5.57780790 46.09864426
3.09138203 4.75263405 48.40280151
3.66321111 4.25307417 47.67158127
3.11746812 5.06854105 47.26490402
2.45121408 5.47674799 48.83963394
2.84908104 4.77269077 49.47042847
3.53975296 5.29005098 44.75059509
3.63132310 4.98939610 45.88181305
5.18953323 3.82142305 45.07052231
4.45727921 4.57862997 44.83249664
4.93159199 2.16100597 47.30850983
5.58725500 2.09378505 46.44684601
4.95507908 2.82121992 46.84232712
5.85093117 3.04690790 45.12087250
5.27155113 0.26807800 47.56985855
5.38891506 1.16713405 47.15670776
6.27947617 1.36562598 45.98503113
6.37622976 2.17240500 45.26177216
5.56211996 2.73499990 45.98181152
5.80881977 0.29873899 47.00363159
6.27591705 0.59981698 46.37896729
6.83720207 0.12028400 45.91580200
6.93638420 0.69532102 45.54658508
7.07658005 1.33082497 44.97978210
7.47614002 -0.00124700 45.19491196
-2.62389803 -2.74298406 50.25722504
-1.48696101 -0.34412599 50.39046097
-6.35203123 5.66997099 44.15522003
0.67999101 -7.55683184 49.35209656
4.80453300 -5.66722298 47.37985229
2.93787408 3.26828790 50.22686768
0.00000000 1.48386300 51.17419815
0.00000000 1.20429206 51.24910736
0.50818998 1.53220904 51.16124344
0.56465602 1.25801003 51.23471451
0.99685103 1.67539203 51.12287521
1.10761201 1.41710305 51.19208527
1.44720304 1.90790796 51.06057358
1.60800397 1.67545402 51.12285995
1.84194005 2.22082210 50.97673035
2.04660010 2.02313590 51.02969742
2.16589189 2.60210800 50.87456512
2.40654707 2.44678712 50.91618347
2.40661097 3.03711605 50.75800323
2.67401195 2.93012905 50.78667068
2.55484509 3.50912595 50.63153076
2.83871603 3.45458388 50.64614487
2.60489702 4.00000000 50.50000000
2.89433002 4.00000000 50.50000000
2.83871603 4.54541588 50.35385513
2.55484509 4.49087381 50.36846924
2.67401195 5.06987190 50.21332932
2.40661097 4.96288395 50.24199677
2.40654802 5.55321217 50.08381653
2.16589308 5.39789104 50.12543488
2.04660106 5.97686386 49.97030258
1.84194100 5.77917814 50.02326965
1.60800397 6.32454586 49.87714005
1.44720304 6.09209204 49.93942642
1.10761201 6.58289814 49.80791473
0.99685103 6.32460785 49.87712479
0.56465602 6.74199009 49.76528549
0.50818998 6.46779108 49.83875656
0.00000000 6.79570818 49.75089264
0.00000000 6.51613712 49.82580185
-0.50818998 1.53220904 51.16124344
-0.56465602 1.25801003 51.23471451
-0.99685103 1.67539203 51.12287521
-1.10761201 1.41710305 51.19208527
-1.44720304 1.90790796 51.06057358
-1.60800397 1.67545402 51.12285995
-1.84194005 2.22082210 50.97673035
-2.04660010 2.02313590 51.02969742
-2.16589189 2.60210800 50.87456512
-2.40654707 2.44678712 50.91618347
-2.40661097 3.03711605 50.75800323
-2.67401195 2.93012905 50.78667068
-2.55484509 3.50912595 50.63153076
-2.83871603 3.45458388 50.64614487
-2.60489702 4.00000000 50.50000000
-2.89433002 4.00000000 50.50000000
-2.83871603 4.54541588 50.35385513
-2.55484509 4.49087381 50.36846924
-2.67401195 5.06987190 50.21332932
-2.40661097 4.96288395 50.24199677
-2.40654802 5.55321217 50.08381653
-2.16589308 5.39789104 50.12543488
-2.04660106 5.97686386 49.97030258
-1.84194100 5.77917814 50.02326965
-1.60800397 6.32454586 49.87714005
-1.44720304 6.09209204 49.93942642
-1.10761201 6.58289814 49.80791473
-0.99685103 6.32460785 49.87712479
-0.56465602 6.74199009 49.76528549
-0.50818998 6.46779108 49.83875656
0.57886600 4.96846199 50.24050140
0.00000000 5.11828279 50.20035553
0.00000000 4.69892693 50.31272125
0.51165003 4.49421597 50.36757660
1.00262499 4.55914211 50.35017776
0.72358298 4.00000000 50.50000000
1.15773201 4.00000000 50.50000000
1.00262499 3.44085789 50.64982224
0.51165003 3.50578403 50.63242340
0.57886600 3.03153801 50.75949860
0.00000000 3.30107307 50.68727875
0.00000000 2.88171697 50.79964447
0.00000000 2.32257509 50.94946289
0.66456699 2.45026207 50.91525269
1.22795999 2.81388092 50.81781769
1.60440695 3.35807705 50.67200089
1.73659801 4.00000000 50.50000000
1.60440695 4.64192295 50.32799911
1.22795999 5.18611908 50.18218231
0.66456699 5.54973888 50.08474731
0.00000000 5.67742491 50.05053711
0.00000000 6.09678078 49.93816757
0.83070898 5.93717289 49.98093414
1.53495097 5.48264790 50.10272598
2.00550890 4.80240393 50.28499603
2.17074800 4.00000000 50.50000000
2.00550890 3.19759607 50.71500397
1.53495002 2.51735210 50.89727402
0.83070898 2.06282711 51.01906586
0.00000000 1.90321898 51.06183243
-0.57886600 4.96846199 50.24050140
-0.51165003 4.49421597 50.36757660
-1.00262499 4.55914211 50.35017776
-0.72358298 4.00000000 50.50000000
-1.15773201 4.00000000 50.50000000
-1.00262499 3.44085789 50.64982224
-0.51165003 3.50578403 50.63242340
-0.57886600 3.03153801 50.75949860
-0.66456699 2.45026207 50.91525269
-1.22795999 2.81388092 50.81781769
-1.60440695 3.35807705 50.67200089
-1.73659801 4.00000000 50.50000000
-1.60440695 4.64192295 50.32799911
-1.22795999 5.18611908 50.18218231
-0.66456699 5.54973888 50.08474731
-0.83070898 5.93717289 49.98093414
-1.53495097 5.48264790 50.10272598
-2.00550890 4.80240393 50.28499603
-2.17074800 4.00000000 50.50000000
-2.00550890 3.19759607 50.71500397
-1.53495002 2.51735210 50.89727402
-0.83070898 2.06282711 51.01906586
0.00000000 3.72042894 50.57490921
0.28943300 4.00000000 50.50000000
0.00000000 4.00000000 50.50000000
-0.28943300 4.00000000 50.50000000
0.00000000 4.27957106 50.42509079
0.00000000 -6.95830488 50.50000000
-0.00000200 -7.61095619 50.50000000
0.49988401 -6.93274784 50.50000000
0.95789599 -7.45392513 50.50000000
0.98437202 -6.84255123 50.50000000
1.73755503 -7.10293293 50.50000000
1.51913702 -6.67446899 50.50000000
2.01829696 -6.42265987 50.50000000
2.39211702 -6.63687611 50.50000000
2.45092392 -6.05639601 50.50000000
2.80525088 -6.23410797 50.50000000
2.79179001 -5.71896887 50.50000000
3.21320510 -5.69464302 50.50000000
3.01775193 -5.36455917 50.50000000
3.47028899 -5.18120193 50.50000000
3.18573689 -5.02515793 50.50000000
3.57184911 -4.80017805 50.50000000
3.27013302 -4.65823698 50.50000000
3.61493611 -4.34319115 50.50000000
3.26870894 -4.37479305 50.50000000
3.26124907 -4.12673998 50.50000000
3.48112607 -3.92839599 50.50000000
3.22025704 -3.95435810 50.50000000
3.28822708 -3.62482500 50.50000000
3.12448096 -3.76941299 50.50000000
2.99232411 -3.58684111 50.50000000
2.97207093 -3.31531596 50.50000000
2.82253194 -3.44931102 50.50000000
2.58417892 -3.30219293 50.50000000
2.55100298 -3.03992009 50.50000000
2.25031400 -3.13970304 50.50000000
2.05455589 -2.81540704 50.50000000
1.85079801 -2.97983098 50.50000000
1.72398996 -2.71719003 50.50000000
1.52555096 -2.87808990 50.50000000
1.39342403 -2.61897206 50.50000000
1.23650599 -2.79502010 50.50000000
1.06289303 -2.56286907 50.50000000
0.77706599 -2.72589588 50.50000000
0.73236197 -2.50676489 50.50000000
0.31762701 -2.71296597 50.50000000
0.36618000 -2.48588705 50.50000000
-0.00000200 -2.46500897 50.50000000
0.00000000 -2.71784902 50.50000000
-0.49988401 -6.93274784 50.50000000
-0.95789599 -7.45392513 50.50000000
-0.98437202 -6.84255123 50.50000000
-1.73755503 -7.10293293 50.50000000
-1.51913702 -6.67446899 50.50000000
-2.01829696 -6.42265987 50.50000000
-2.39211702 -6.63687611 50.50000000
-2.45092392 -6.05639601 50.50000000
-2.80525088 -6.23410797 50.50000000
-2.79179001 -5.71896887 50.50000000
-3.21320510 -5.69464302 50.50000000
-3.01775193 -5.36455917 50.50000000
-3.47028899 -5.18120193 50.50000000
-3.18573689 -5.02515793 50.50000000
-3.57184911 -4.80017805 50.50000000
-3.27013302 -4.65823698 50.50000000
-3.61493611 -4.34319115 50.50000000
-3.26870894 -4.37479305 50.50000000
-3.26124907 -4.12673998 50.50000000
-3.48112607 -3.92839599 50.50000000
-3.22025704 -3.95435810 50.50000000
-3.28822708 -3.62482500 50.50000000
-3.12448096 -3.76941299 50.50000000
-2.99232411 -3.58684111 50.50000000
-2.97207093 -3.31531596 50.50000000
-2.82253194 -3.44931102 50.50000000
-2.58417892 -3.30219293 50.50000000
-2.55100298 -3.03992009 50.50000000
-2.25031400 -3.13970304 50.50000000
-2.05455589 -2.81540704 50.50000000
-1.85079801 -2.97983098 50.50000000
-1.72398996 -2.71719003 50.50000000
-1.52555096 -2.87808990 50.50000000
-1.39342403 -2.61897206 50.50000000
-1.23650599 -2.79502010 50.50000000
-1.06289303 -2.56286907 50.50000000
-0.77706599 -2.72589588 50.50000000
-0.73236197 -2.50676489 50.50000000
-0.31762701 -2.71296597 50.50000000
-0.36618000 -2.48588705 50.50000000
3.02915597 -3.96753502 50.50000000
3.06106305 -4.11556292 50.50000000
3.01142001 -4.34270191 50.50000000
2.89420104 -4.56114006 50.50000000
2.80458498 -3.99209809 50.50000000
2.91072392 -3.89559293 50.50000000
2.82684708 -3.71384311 50.50000000
2.57130504 -3.77538610 50.50000000
2.51210594 -4.21804285 50.50000000
2.70619798 -4.34240198 50.50000000
2.51358294 -4.69188690 50.50000000
2.23442292 -4.56310606 50.50000000
2.22912693 -5.03757381 50.50000000
2.23972011 -4.08863783 50.50000000
2.24501705 -3.61417103 50.50000000
1.84237099 -4.70964098 50.50000000
1.83956206 -5.28624296 50.50000000
1.84518003 -4.13303804 50.50000000
1.84798896 -3.55643392 50.50000000
1.43902397 -4.82082081 50.50000000
1.41018200 -5.46839809 50.50000000
1.46786702 -4.17324400 50.50000000
1.49670899 -3.52566695 50.50000000
1.02512598 -4.89515305 50.50000000
0.95466602 -5.59519720 50.50000000
1.09558594 -4.19510794 50.50000000
1.16604602 -3.49506402 50.50000000
0.51727200 -3.38905191 50.50000000
0.50512302 -4.14953995 50.50000000
0.49297500 -4.91002893 50.50000000
0.48082599 -5.67051792 50.50000000
0.00000000 -4.95090008 50.50000000
0.00000000 -5.69525003 50.50000000
0.00000000 -4.20655012 50.50000000
0.00000000 -3.46219993 50.50000000
2.91666102 -4.99723005 50.50000000
2.68604207 -4.96520376 50.50000000
2.71968699 -5.34413481 50.50000000
2.35562611 -5.67839718 50.50000000
2.29473805 -5.30208588 50.50000000
1.94548595 -6.01983786 50.50000000
1.87267399 -5.61701584 50.50000000
1.45595396 -5.84258413 50.50000000
1.48754501 -6.25852680 50.50000000
0.95311999 -6.39876080 50.50000000
0.92186898 -5.95497084 50.50000000
0.44811800 -6.46671581 50.50000000
0.39635101 -6.00068283 50.50000000
0.00000000 -6.01178885 50.50000000
0.00000000 -6.48504686 50.50000000
2.99937606 -3.79428005 50.50000000
-3.02915597 -3.96753502 50.50000000
-3.06106305 -4.11556292 50.50000000
-3.01142001 -4.34270191 50.50000000
-2.89420104 -4.56114006 50.50000000
-2.80458498 -3.99209809 50.50000000
-2.82684708 -3.71384311 50.50000000
-2.91072392 -3.89559293 50.50000000
-2.57130504 -3.77538610 50.50000000
-2.51210594 -4.21804285 50.50000000
-2.70619798 -4.34240198 50.50000000
-2.51358294 -4.69188690 50.50000000
-2.23442292 -4.56310606 50.50000000
-2.22912693 -5.03757381 50.50000000
-2.23972011 -4.08863783 50.50000000
-2.24501705 -3.61417103 50.50000000
-1.84237099 -4.70964098 50.50000000
-1.83956206 -5.28624296 50.50000000
-1.84518003 -4.13303804 50.50000000
-1.84798896 -3.55643392 50.50000000
-1.43902397 -4.82082081 50.50000000
-1.41018200 -5.46839809 50.50000000
-1.46786702 -4.17324400 50.50000000
-1.49670899 -3.52566695 50.50000000
-1.02512598 -4.89515305 50.50000000
-0.95466602 -5.59519720 50.50000000
-1.09558594 -4.19510794 50.50000000
-1.16604602 -3.49506402 50.50000000
-0.51727200 -3.38905191 50.50000000
-0.50512302 -4.14953995 50.50000000
-0.49297500 -4.91002893 50.50000000
-0.48082599 -5.67051792 50.50000000
-2.91666102 -4.99723005 50.50000000
-2.68604207 -4.96520376 50.50000000
-2.71968699 -5.34413481 50.50000000
-2.35562611 -5.67839718 50.50000000
-2.29473805 -5.30208588 50.50000000
-1.94548595 -6.01983786 50.50000000
-1.87267399 -5.61701584 50.50000000
-1.45595396 -5.84258413 50.50000000
-1.48754501 -6.25852680 50.50000000
-0.95311999 -6.39876080 50.50000000
-0.92186898 -5.95497084 50.50000000
-0.44811800 -6.46671581 50.50000000
-0.39635101 -6.00068283 50.50000000
-2.99937606 -3.79428005 50.50000000
2.92039299 -4.10927677 50.50047684
-2.92039299 -4.10927677 50.50047684
7.26998806 2.52662802 42.11892700
6.69283009 3.03983688 42.27628326
6.27529192 3.39399409 42.42208099
6.03887177 3.55140400 42.10004425
5.64368820 3.77429605 41.65135956
5.01922512 4.21122503 41.82554626
4.57992983 4.51518583 41.99225616
4.25751781 4.63005114 41.61157227
3.73149800 4.80596304 41.05504990
3.01188898 5.21948719 41.24935913
2.41361499 5.56963015 41.49051666
2.69662309 5.62719107 42.43842697
2.16620302 5.92586899 42.61137009
1.88031006 5.88318300 41.75696182
1.66884899 6.18943405 42.77512360
1.43972301 6.13730192 42.01300812
1.17929101 6.39891481 42.80958939
1.42644894 6.42946100 43.66294861
0.89162201 6.63542891 43.73064804
1.19679201 6.57407093 44.58121872
1.69137502 6.37089300 44.29625702
2.16942310 6.13525486 44.28496170
1.92462206 6.19805908 43.54664230
2.42114997 5.93582487 43.41069794
2.64539909 5.87864113 44.04471588
2.92384911 5.65588903 43.29614258
3.25683999 5.31253099 42.32102585
3.41321611 5.38339901 43.24655151
3.78377104 5.04205990 42.38997269
4.21855879 4.83098602 42.58948135
4.62513590 4.59203482 42.67570496
4.24171209 4.90783978 43.35866547
3.84880900 5.14280891 43.26974869
3.88586593 5.15272522 43.90677643
3.56035304 5.35061884 43.88767624
4.23915005 4.89751482 44.07713318
4.64438105 4.64084291 43.40298462
5.07337284 4.28843880 42.65901947
5.49961090 3.99378395 42.75519562
5.03384113 4.36476898 43.43542480
4.66518116 4.60656214 43.99402618
4.95208883 4.38186598 44.04825211
5.38014603 4.09196901 43.54906464
5.85130692 3.73675108 42.94737244
6.20583916 3.43855000 43.03105164
5.72957993 3.78970909 43.65436935
5.22405720 4.10044289 44.26489258
5.63207912 3.74090195 44.24918365
5.92231703 3.38582301 44.40163803
6.31213188 2.99385190 44.34309006
6.55331087 2.60293198 44.49585724
6.91142511 2.19407105 44.41865921
7.07892799 2.32665205 43.87404633
7.38107204 1.93217194 43.87991333
7.15392208 1.78920102 44.47936630
7.48871183 1.40414298 44.34637451
7.63104105 1.08056295 44.40435791
7.89163303 1.15140796 43.90859985
8.03895187 0.75662899 44.01298904
7.62866116 0.63022500 44.69343185
7.97066498 0.08870800 44.53612518
8.21597195 0.29984900 44.05974579
8.41243744 -0.19673300 44.04924774
8.69701004 -0.03576600 43.49589539
8.49509525 0.42114201 43.50602341
8.93498421 0.08373900 42.95955658
9.17147541 -0.40748399 42.89815521
9.36530590 -0.93345797 42.87769318
8.88869667 -0.54193598 43.47961426
8.56435394 -0.71735001 44.05670929
9.03891277 -1.06664801 43.48296356
9.49238396 -1.45978999 42.90618134
9.54413891 -1.95832801 42.97545624
9.13397503 -1.58703101 43.50729370
8.68910980 -1.24307299 44.05300903
8.20617485 -0.96077698 44.60864639
8.07131386 -0.39040700 44.60755157
8.35179710 -1.44280100 44.53073120
8.74952888 -1.75772202 44.06963730
9.17918587 -2.09637690 43.53119278
9.53202248 -2.36971807 43.05676270
9.69885445 -2.80824208 42.80344391
9.24515724 -2.62549400 43.45336914
8.75632095 -2.31884098 44.08383179
8.29191208 -1.91208506 44.64028931
8.15869522 -2.58824492 44.75997925
7.90205812 -2.02028799 45.08446503
8.34220600 -3.45230103 44.43946838
8.82012367 -2.96835494 43.96015167
8.95939255 -3.63108301 43.68915558
9.37050438 -3.21138406 43.22575378
9.88177490 -3.38003302 42.45756912
10.05691624 -4.03234005 42.02747345
9.50532818 -3.85703993 42.90938187
9.05658531 -4.26120901 43.41145325
9.59994698 -4.61177301 42.53138351
10.24816322 -4.72139502 41.45891953
9.87071991 -5.29911995 41.80403137
9.49343967 -5.81490517 42.09269714
9.58161545 -6.39892006 41.48949432
9.06568718 -6.22167587 42.42251587
9.02870941 -5.72089481 42.82141113
9.29730797 -5.26454306 42.69441605
9.04989624 -4.81136084 43.23324203
8.57127571 -4.60735178 43.88877106
8.57891369 -4.03743601 44.05564880
8.10652733 -4.99498606 44.24694443
8.01174831 -5.66971302 44.01908875
8.67007446 -5.29574108 43.48330688
8.57202911 -5.97820616 43.22474670
8.57852173 -6.57375383 42.78271103
9.08574963 -6.79382896 41.88006973
8.57485008 -7.12543583 42.26090240
8.09739876 -6.91886806 43.06952667
8.12518311 -7.36976099 42.57136536
7.59557581 -7.29276609 43.24430466
7.86491299 -7.79875278 42.31138229
7.30627823 -7.80866718 42.93657684
7.42128801 -8.37026978 41.93493652
6.71079016 -8.08604240 43.18305588
6.66905594 -8.69651127 42.27412796
6.24990988 -8.48557854 43.09919739
6.10769081 -8.85683346 42.59444809
5.72989893 -8.61034203 43.35751343
5.52639818 -9.18471527 42.42240906
5.09034300 -8.74525166 43.64662170
4.77633476 -9.20145226 43.02739716
4.76168013 -9.77543259 41.66591644
4.10624218 -9.39162445 43.11922073
3.79318094 -9.90171146 42.12113953
3.99359107 -10.48667812 40.27597046
2.83934212 -10.19912910 41.92283249
2.96696711 -10.82758808 39.96790314
1.92246497 -10.79352665 40.55368805
0.91669399 -10.98097992 40.18408966
0.94531399 -10.37149811 42.02344894
1.88051701 -10.25941086 42.21557236
1.51713002 -10.01101685 43.01840210
2.16530204 -9.83294487 43.26883698
1.53514898 -9.64052773 43.91408539
2.04708099 -9.40757942 44.28158188
0.89778697 -9.47622490 44.32934952
0.26014200 -9.35428429 44.55903625
0.33615500 -9.83491230 43.44198608
1.04809999 -9.87951469 43.39754105
-0.01637900 -10.26226425 42.26329041
-0.05488600 -10.80206871 40.65109253
-0.89150101 -10.29587936 41.85610199
-1.02898705 -10.82942009 40.24540329
-1.88439405 -10.48423386 40.71699524
-1.67964995 -9.97919559 42.28240585
-1.14676595 -9.66474438 43.37113571
-0.41798201 -9.92311478 43.05993271
-0.37051499 -9.49167633 44.10111618
-1.01287794 -9.11047745 44.68339539
-1.74252903 -9.18543434 44.12934494
-1.90393996 -9.58692932 43.12551498
-2.55802989 -9.78823662 42.06094360
-2.38038111 -9.25923824 43.51951218
-2.28707600 -8.84429646 44.45296478
-2.85266209 -8.84467506 43.97880173
-2.92075205 -9.24863243 43.06257248
-3.47834802 -8.89049053 43.23604584
-3.29588199 -8.47964668 44.23744202
-3.81980705 -8.36231995 43.88076782
-4.06441784 -8.65742588 43.01158905
-4.04981613 -9.16982269 41.85700989
-4.59910822 -8.58946705 42.35635376
-4.35025501 -8.23101521 43.45020294
-4.12898493 -7.90874004 44.26175690
-4.62872505 -7.73023176 43.88840485
-4.83259487 -8.09681702 42.97873306
-5.31360006 -8.26642036 41.79331970
-5.24492502 -7.62725687 43.12274933
-4.93966484 -7.25897694 44.14350891
-5.45593596 -7.01453400 43.72941589
-5.64775991 -6.49531698 44.10593414
-6.01986122 -6.72884417 43.18261719
-5.75755596 -7.27197409 42.83909225
-6.28950119 -7.24873781 41.77838898
-5.75020218 -7.70212793 42.09270477
-6.11325598 -8.04465485 40.62892532
-6.70913315 -7.55317307 40.23708344
-7.05288887 -6.84356594 40.67105484
-6.57484388 -6.51853991 42.37368774
-6.31359386 -6.33901596 43.21203613
-6.57511377 -5.91495895 43.22148895
-6.06271076 -6.16784620 43.84500885
-6.20983791 -5.62944508 44.17568970
-6.65745115 -5.25124502 43.81656647
-6.78190899 -4.66954279 44.15779877
-7.18696022 -4.86976385 43.22735214
-7.00555277 -5.47043419 42.91371918
-7.41437006 -5.29617023 42.19597626
-7.16057396 -5.98187208 41.82176208
-7.85787678 -5.49928999 40.69784927
-7.82345295 -4.61134720 42.02429199
-8.31865978 -4.82361889 40.33493042
-8.51290512 -4.01341915 40.78705215
-8.92205238 -3.25695896 40.39946747
-8.38938808 -3.09830689 42.13368607
-8.05944729 -3.86438203 42.29307556
-7.80731297 -3.48747706 43.26416016
-7.71366501 -4.06555223 42.96815872
-7.45308924 -4.37840509 43.22436523
-7.37813520 -3.94732690 43.75569153
-7.35702801 -3.43526196 44.15823364
-7.12048817 -4.36240578 43.87174225
-7.67622089 -2.94621992 43.92472076
-7.62122822 -2.39882398 44.32208252
-8.08769131 -2.46579599 43.39825439
-8.00218773 -3.00634408 43.23470306
-8.57262993 -2.23235798 42.40059280
-9.05448341 -2.38827109 40.83464050
-8.88495064 -1.42821896 42.11416626
-9.40214252 -1.58301604 40.41120148
-9.44190598 -0.70987898 40.82994080
-8.98626900 -0.61874998 42.31873322
-8.58666706 -0.79874998 43.24994659
-8.53087425 -1.30047500 43.16728210
-8.20964241 -1.21177900 43.84616852
-8.16079330 -0.62580800 44.12582016
-7.88180208 -1.79178095 44.15816498
-8.37654686 -1.74388695 43.23586273
-8.42393684 -0.14852300 43.78171539
-8.78787041 -0.23433000 43.00341034
-8.70813370 0.30689201 43.27708054
-8.31446838 0.43734300 44.03861237
-8.53194809 0.93380803 43.62918854
-8.93244743 0.75249201 42.76422882
-8.84145546 1.44629705 42.90839767
-8.33721924 1.57919097 43.87945938
-8.49369240 2.09687495 43.49559021
-8.90323830 2.05279398 42.64202881
-8.66311264 2.61365604 42.96118927
-8.31239986 2.50633192 43.71506500
-8.22932053 2.94165802 43.65599823
-8.52367973 3.08142996 43.04191589
-8.29108334 3.54260707 43.17054749
-7.68006992 3.49536800 44.18052673
-7.81540489 4.14235878 43.60758591
-8.23630333 4.07300901 42.86772919
-7.93822289 4.55005503 42.97514343
-7.59066916 4.53304195 43.69244385
-7.49567890 4.81207800 43.54682159
-7.67000914 5.07131386 42.80534363
-8.16793633 4.80887222 41.87237549
-8.45371056 4.25740004 41.99434662
-8.69001198 4.47020388 40.68151855
-8.98672104 3.75028896 40.90607834
-8.57987595 3.77594900 42.27830124
-8.82564068 3.16983700 42.13570786
-9.37905693 2.96243906 40.53531647
-9.20477486 2.36315703 41.61477661
-9.20834446 1.70071697 41.91965866
-9.34017754 0.96805602 41.60523224
-9.64871216 1.64225900 40.50869751
-9.65464401 2.33347392 40.15267181
-8.32245827 5.05063391 40.60259247
-7.81977320 5.32401323 41.78440094
-7.89732981 5.55328321 40.57471466
-7.42109919 5.77884722 41.74064636
-7.34020519 5.53941202 42.71221542
-7.14988089 5.24966383 43.55552673
-6.90156698 5.71164513 43.34217072
-6.60417891 6.01372814 43.31742096
-6.98233223 5.94498301 42.65194702
-6.56426477 6.28784323 42.66477585
-6.97866297 6.17149687 41.73490524
-7.42487383 5.98747587 40.58041763
-6.91546583 6.35795498 40.60859680
-6.38192415 6.66895723 40.64650726
-5.83950615 6.92197895 40.68311691
-5.99418020 6.79966879 41.77225494
-5.48599195 7.03661013 41.78305054
-5.30243397 7.11656189 40.71333313
-4.98860693 7.21689320 41.78296661
-4.78109407 7.25289011 40.73935318
-4.51412916 7.33830214 41.78219604
-4.27725077 7.33363008 40.77362823
-4.04973412 7.40339088 41.84348679
-3.78456712 7.36567593 40.81402588
-3.57546496 7.43032885 41.89876175
-3.86171794 7.39660120 42.86180115
-4.30099487 7.36741018 42.53829575
-4.37531710 7.25578117 43.26293945
-4.69558191 7.26891899 42.61479568
-4.82401800 7.12467813 43.26767731
-5.14939785 7.10265923 42.65857697
-5.24427319 6.88606977 43.42523193
-5.62494898 6.87952709 42.67731476
-5.72772121 6.65215302 43.34378815
-6.10264015 6.60372496 42.67770004
-6.14868593 6.30588102 43.45117569
-3.91676092 7.22475004 43.86063385
-3.42143989 7.38850117 43.48850250
-3.39284492 7.24160385 44.24729156
-3.02174306 7.35102177 43.90750122
-2.93546295 7.42720699 42.99893951
-3.37881899 7.44923401 42.70022964
-3.10054493 7.42201805 41.94436646
-3.29839897 7.35590506 40.84600067
-2.81644392 7.30695820 40.86549759
-2.33243799 7.22095299 40.87168884
-1.83634901 7.10016298 40.85989380
-2.13481688 7.29125404 42.02393341
-2.62307405 7.37372589 41.98436356
-2.44426298 7.38721323 42.84003448
-2.55671000 7.35386086 43.71463776
-2.16672397 7.27014303 44.21446228
-1.97734904 7.30690193 43.19014740
-1.62001896 7.17484522 42.04689026
-1.31701803 6.94524717 40.82272339
-0.76377302 6.75299120 40.75332642
-0.16192999 6.51392984 40.63876724
-0.47718501 6.84602213 42.03691101
-1.06997502 7.02910185 42.04939270
-1.40591002 7.19697523 42.99587250
-1.51733994 7.20891714 44.11536026
-0.85212702 7.08475304 43.31356430
-0.90301502 7.11796188 44.46523285
-0.35766500 7.02185202 44.10895157
0.04614700 6.94685888 44.63927078
0.26291901 6.82309389 43.62767792
-0.24053000 6.91314602 43.07981491
0.21652900 6.61650419 42.07458496
0.70023799 6.57571220 42.81398392
0.94980800 6.25381184 41.60626984
0.48155501 6.20943213 40.38106155
0.57753003 6.79332876 44.64483643
-6.49769211 6.50998402 41.75290680
-9.80340004 0.90185201 40.11872482
-9.66489410 0.22036099 40.47557831
-9.14190674 0.09652400 42.09990692
-7.59259892 -6.25485992 40.25981522
-5.65771723 -8.66878700 40.25572205
-4.94768620 -9.05160427 40.69757843
-4.35614681 -9.61533546 40.30254364
-3.54205108 -9.88051128 40.73622131
-2.80200100 -10.33744621 40.34176636
-3.31500006 -9.40856934 42.24787903
2.60268402 -9.44532394 43.97646713
3.02318001 -9.13162041 44.38298798
3.25055408 -9.56091881 43.32975006
2.71718001 -9.77352333 43.17862701
3.65471292 -8.98859978 44.23367310
4.38809919 -8.83271027 44.01322556
4.74242306 -8.36425209 44.50912094
5.37236786 -8.20165443 44.24642944
6.02729988 -8.10501099 43.82813263
6.36431694 -7.61291885 44.09617233
6.93030310 -7.43217897 43.75833130
7.18317509 -6.90946579 44.02178192
7.64901876 -6.74486780 43.70567703
8.04126740 -6.35566902 43.57538986
5.26416922 -10.35471535 39.55700684
5.84896898 -9.75502968 40.72837448
6.35537720 -9.21930504 41.54847717
7.15576792 -9.05002213 40.96079636
7.96922588 -8.81186485 40.36151886
8.24486923 -8.20919037 41.15015793
8.47416496 -7.65406799 41.72913361
9.05176926 -7.37164021 41.25351334
9.60358810 -7.00005198 40.81145859
8.70679665 0.47230801 43.03995514
8.33140373 0.80616099 43.43551636
8.16531658 1.16716099 43.30146408
8.65934753 0.71300900 42.80368805
8.52621841 1.06019902 42.48561859
8.06876373 1.61835098 42.61628723
7.71164083 2.00957394 42.75092697
7.56869602 1.99800801 43.28188705
7.27818012 2.35235095 43.23464584
6.77682686 2.70262003 43.82026291
6.45026493 3.07589793 43.75497055
6.09140587 3.44584608 43.71140289
6.61385298 3.06221700 43.01984024
6.98847008 2.68459392 43.09204483
7.55410480 2.22304010 42.48838806
7.89726496 1.57896304 43.25095367
7.66605711 1.53199303 43.87540817
3.11346698 5.60844994 44.07074738
