-2.33818889 1.48523402 5.13591003
-2.95124412 2.32311392 6.21777678
-1.24472201 1.61217105 5.19356203
-3.60035610 3.01837397 8.43327141
-1.75469196 2.42715907 7.07160711
0.03843200 1.65540802 6.33853579
-4.12675095 3.46886301 11.38550568
-2.32821202 2.99558210 9.83834839
-4.48873901 3.74213004 14.77935314
-2.85697198 3.36472106 13.16837120
-1.11669505 2.88510799 12.00269318
-0.51182598 2.37930608 8.81778145
1.22743595 1.66546500 8.47235298
0.59828198 2.33349204 11.31351852
2.22161889 1.66036701 11.24323463
-4.70736504 3.99126911 18.31289673
-3.30058408 3.64605689 16.76311874
-4.78486395 4.30920410 21.74403381
-3.65504503 3.97819591 20.33451271
-2.30050993 3.64370489 19.20465469
-4.69186687 4.70077085 24.84290695
-3.84398293 4.40089798 23.63959122
-4.50162315 4.95030785 27.36887360
-3.90612102 4.81130409 26.56295776
-3.01816010 4.53605223 25.78964615
-2.73464704 4.08173800 22.63243103
-1.42703903 3.71914291 21.72149849
-1.90621400 4.17269516 24.99291229
-0.61885899 3.71960711 24.17866325
1.52388799 2.31384492 14.18700504
3.00287795 1.58326101 14.21969318
0.77005899 2.80678296 17.50547600
2.26380301 2.21001601 17.04313278
3.62317801 1.50574696 17.03500557
0.01160700 3.27678204 20.86969757
1.49319696 2.72429299 20.15579796
0.79073799 3.14702797 23.36994934
2.22551894 2.48089600 22.64625549
2.90184808 2.06947494 19.68537140
4.12638903 1.34203696 19.64371109
3.54050994 1.72295105 22.19885635
4.51291704 1.02913499 21.83553123
-0.79110301 3.28744602 18.27576828
-0.07271700 2.84437490 14.70521927
-1.71620905 3.26796508 15.58177185
-4.67149019 5.27162600 29.23616791
-3.88364506 5.06707191 29.23338699
-4.90177822 5.74113083 31.64567184
-3.97479892 5.50281477 31.74630356
-3.12515497 5.16334200 31.56372643
-5.15223980 6.22189999 34.23537064
-4.14271688 6.02420521 34.36365891
-5.47387123 6.39138079 36.67030334
-4.45220613 6.36603689 36.79705048
-3.48302102 6.15082788 36.81665039
-3.22656202 5.67295885 34.29824829
-2.34325600 5.21867800 34.02853394
-2.53820109 5.78951693 36.69438934
-1.56722701 5.31022882 36.40516663
-4.81345606 6.58181715 38.33167267
-5.28921795 6.57938719 38.50249481
-5.81996918 6.46258402 38.20952988
-5.90681219 6.48704720 39.48407745
-5.42270517 6.62085104 39.53220367
-4.94058704 6.69397497 39.57957458
-4.46258307 6.71176100 39.62482452
-0.86644202 5.28536081 37.90970230
-1.37804997 5.61251688 38.34291077
-1.90881205 5.82155418 38.23225403
-2.06057096 6.15005779 39.64297485
-1.54649103 5.93099403 39.56872177
-1.00670898 5.67376900 39.44748688
-0.43904001 5.37195301 39.25891113
-2.88239288 6.22331381 38.37924957
-2.38312793 6.07704401 38.55908585
-3.83802700 6.48748398 38.40066528
-4.30246878 6.58999395 38.60036850
-3.34206104 6.40921402 38.63127136
-3.98662305 6.67928791 39.66330719
-3.51231503 6.60315895 39.68887711
-3.03658009 6.48705006 39.69673157
-2.55478096 6.33555317 39.68393707
1.13253295 4.66441202 39.52799225
1.01576102 5.08089209 40.88499451
1.51731801 4.73163223 40.51564026
2.19808888 3.88910389 38.69557953
2.65129590 3.15356898 36.66382217
1.35720599 4.06140804 37.52385712
3.00999594 2.32714510 33.74057388
1.69919801 3.18485308 34.59717941
0.54413599 4.01630688 35.12589645
0.32012400 4.58170700 37.38947296
-0.52257198 4.71673489 35.91816711
-0.27641201 4.99846792 37.92031097
0.14355300 5.02765322 38.99125290
0.70204997 4.68116522 38.72180939
1.64658594 4.34247589 39.31334305
3.45579600 1.76723194 30.56578827
2.10619712 2.63499808 31.48826218
3.89194202 1.39815700 27.32496262
2.54798293 2.25197101 28.29602814
1.17919004 3.05873299 29.12096977
4.25588894 1.19738495 24.24007607
3.01897502 2.01084208 25.07913971
1.63170803 2.78381801 25.91164780
0.22259501 3.48495102 26.72275543
-1.41677296 4.70220613 33.57946777
-1.26777995 4.28300619 30.56798172
-2.25261688 4.75059605 31.14433289
-1.08067501 4.00831699 27.50671387
-2.19412303 4.45496082 28.21456909
-3.11457491 4.81732512 28.81854248
-0.12063500 3.74160409 29.88275337
-0.37840199 4.12502098 32.98337173
0.80518502 3.44134307 32.28019333
-1.01827502 0.54153299 4.78786182
0.45507300 0.67141998 5.03995419
0.59593999 -0.61475301 5.35308790
1.76120198 0.76970702 6.54309702
2.85304904 0.84145302 8.99242878
3.34533310 -0.16117901 7.80851316
2.11967397 -0.37337199 5.99555016
2.20872498 -1.72892201 7.03918982
3.62057900 -1.34525394 8.00504589
3.63892388 -2.66897607 9.47506332
3.70271897 0.82925099 11.96387100
4.35096502 0.78249598 14.88436127
4.98486423 -0.02307400 13.32907677
4.84837198 0.68091702 17.69082642
5.21601200 0.54256201 20.38476562
5.95809221 -0.28024501 19.04937935
5.51666307 -0.10312100 16.18496513
6.04013205 -0.95098698 15.21558666
6.55152702 -1.15108502 18.08788681
6.95717001 -2.03688097 17.49004364
4.85787678 -2.19706893 10.59434509
4.76204777 -3.49316692 12.19229603
5.70257711 -1.96519196 12.54138947
5.73274279 -3.07452297 13.30810928
5.62618494 -4.25465393 14.71011257
6.35968399 -1.90749598 14.87099934
6.46067095 -2.90265703 15.06487656
7.12650013 -2.97599792 17.33546257
7.11796284 -3.91791105 17.54815292
6.44889879 -3.93910789 15.82855129
6.30620813 -5.04141808 17.03864098
6.98434782 -4.88001490 18.13152313
6.79468822 -5.80702686 18.98135376
5.45532417 -0.92657602 12.50115967
4.69397211 -1.04640806 9.95337200
4.29185200 -0.01938700 10.41759014
5.30895901 0.33606899 23.18548012
5.13896894 0.50661498 26.24337769
6.23187399 -0.44582400 25.08322906
4.77836990 0.87014300 29.53107071
4.36041689 1.42686403 32.77845001
5.68149710 0.49056500 31.75832367
6.04151678 -0.09525100 28.40772629
7.11129904 -1.05336905 27.33667374
6.89724588 -0.46268901 30.74967766
7.98367977 -1.51964104 29.83010101
3.91195703 2.22346711 35.62242126
3.54540706 2.93396211 37.84720612
2.86282396 3.47851896 38.51667786
4.66605711 2.26380610 37.73548126
2.05110097 4.35976315 40.17475510
2.65135407 3.94471002 39.83867264
5.52632713 1.97286403 38.70350266
4.87329912 2.54656911 39.35984802
4.31537485 2.95819807 39.64481735
4.09865189 3.42224693 40.87523651
4.62924385 2.99861193 40.51280212
5.21664715 2.51945806 40.09567642
5.79963779 2.03919196 39.69882965
3.90611100 3.02111912 39.00123978
3.29319811 3.47795606 39.42047119
7.77490997 -0.69870901 33.10336304
8.80501461 -1.80476403 32.40764236
7.37624121 0.22067900 36.03255081
8.53480911 -0.82984799 35.33429718
9.49499130 -1.97158802 34.85050583
6.57064676 1.24542105 38.57147217
7.81651592 0.12976700 37.68583679
7.23098993 0.90481502 39.45132828
6.62592506 1.50685203 40.00365448
8.06630993 0.12455000 39.41475296
9.06276035 -0.90530002 37.29336166
9.82581425 -2.04126811 36.95583725
9.01790905 -1.02350700 38.83200073
9.82739258 -2.06852794 38.68760681
6.11414194 1.94713604 40.25329590
5.99605179 1.20910895 36.66081619
6.56789207 0.30194300 33.96363068
5.24677896 1.25027299 34.91102600
10.15642929 -3.17855692 36.83729553
10.18924713 -4.28052282 34.52169800
10.08372498 -3.14511800 34.57932663
9.98445129 -5.28092194 31.81574631
9.98010826 -4.16636705 31.74764633
9.56184006 -6.01665020 28.87246704
9.72373009 -5.04307318 28.63825226
9.47863102 -3.88805008 28.72375488
9.74647045 -3.06318688 31.97223854
8.90585995 -2.73155093 29.12430191
9.05129147 -6.49365807 25.82355499
9.17331219 -5.44363308 25.50085640
8.29103184 -6.43226004 23.02220726
8.47839355 -5.40599823 22.60257530
8.48768806 -4.39424515 22.47514915
7.48059416 -6.11278105 20.63438034
7.71528912 -5.12449980 20.08208084
7.80741882 -4.15108824 19.80801964
7.73543692 -3.19304609 19.84997177
8.00735283 -2.14452291 26.43326187
7.82450294 -2.35745502 23.16692352
7.12507486 -1.38784802 24.01172638
7.44026995 -2.24388409 20.20067024
6.91382122 -1.33587396 20.93817902
6.19671202 -0.44538501 21.93710899
8.27756786 -3.37368202 22.65581894
8.68980122 -3.25962400 25.76925087
9.06864166 -4.36226606 25.46996307
-2.66765690 0.58670902 5.62924480
-1.22948694 -0.75703001 5.88816214
-3.20245409 -0.75610697 7.23999119
0.39174101 -2.07226801 7.15253782
1.99785101 -3.19685602 9.28625298
-0.05771700 -3.62189507 9.94755840
-1.70562100 -2.27216101 8.13025188
-3.81839705 -2.31471610 9.85970974
-2.28911805 -3.84010601 11.22964191
-4.39408588 -3.85982800 13.09986305
3.38995099 -4.13142204 11.91649437
4.52998495 -4.90229607 14.41990280
2.98606706 -5.66595602 14.77360725
5.46866989 -5.61970186 16.78605461
6.18225718 -6.39324808 19.03319359
5.20618010 -7.17472506 19.47656631
4.23896503 -6.47058201 17.18387604
2.54373193 -7.28074884 17.96530914
3.78856111 -8.07293987 20.29734039
1.93871999 -8.84030247 21.29215431
-2.86841702 -5.35593796 14.74044991
-4.88710499 -5.28600311 16.53104782
-1.17585194 -6.74659109 16.81875038
-3.36533999 -6.80529213 18.16475296
-5.34572983 -6.60481405 19.78500557
0.46355200 -7.85408878 18.96555328
-1.74200904 -8.11225700 20.06865311
-0.19520700 -9.28839684 22.29914093
-2.40021610 -9.32815361 23.25111771
-3.89379406 -8.01287460 21.27307510
-5.74948692 -7.66506720 22.65423965
-4.45594215 -8.97084236 24.15105820
-5.98500299 -8.45019627 24.95576859
1.00899100 -6.30147505 15.59603882
-0.63794500 -5.18878794 13.35996628
1.55078995 -4.75725412 12.36434364
6.99620485 -7.03156519 21.23106003
7.87917995 -7.43510199 23.64507675
7.02320910 -8.26630306 24.52081299
8.57288074 -7.36674595 26.47076225
9.20751762 -7.01072693 29.33866882
8.55133915 -7.92950916 30.04035187
7.87256289 -8.29886055 27.22674179
6.78223896 -9.15388775 28.14853287
7.57922792 -8.80532360 30.94839096
6.05886889 -9.28946114 31.86291885
9.66835117 -6.29765797 32.16429901
9.96871185 -5.35149193 34.76401138
9.21807289 -6.22655916 35.14717102
9.78725815 -4.23591900 36.83818817
9.57940102 -3.20580101 38.75772858
9.41745853 -4.18018198 38.62588882
9.30155182 -5.20639420 37.49273300
8.81177139 -6.14311790 37.43155670
8.93728447 -5.14401484 39.29961395
9.17244530 -4.66218710 39.11036301
8.86901474 -5.64384604 38.60797882
8.53557301 -6.07868099 38.93593216
6.69976521 -8.61189938 34.86688232
5.43669415 -9.25144577 34.89479446
6.23008919 -8.48504543 37.54463196
6.86250591 -8.17539024 37.14508820
5.78314018 -8.88143539 36.57524872
4.99012613 -9.15197277 37.07582855
7.49753284 -7.84682703 36.27532959
7.72629023 -7.39792824 37.64781189
7.18932486 -7.74218798 38.13793182
7.98501015 -6.94618320 38.41018677
8.13282013 -6.46770811 39.38123322
7.67955303 -6.80429697 39.87772369
6.56840515 -8.03872681 38.74951935
5.88771105 -8.28792953 39.38474655
8.36354733 -7.05651808 36.18471909
8.39530373 -6.55649900 38.09592438
7.97892380 -7.93245888 33.52791595
9.08870888 -7.25407505 32.79006195
-0.16944300 -10.00707054 36.92199707
-1.26536906 -10.14929676 35.03396988
0.64371598 -10.35680008 34.60934830
1.69228399 -10.04466438 36.51054382
2.58777308 -10.24233818 33.98506927
0.76901299 -10.02898026 37.04848480
3.57585406 -9.78485298 35.86130524
4.45028496 -9.83676147 33.10703659
4.52002096 -9.52035904 35.74182129
2.64241290 -9.91365147 36.54904938
4.06473589 -9.38245201 37.62909698
3.11696601 -9.58503914 37.98641968
2.19407606 -9.72070217 38.24868774
1.28149498 -9.78303528 38.45055389
-2.66412497 -10.45761108 32.10398483
-0.62878698 -10.88542557 31.65185165
-3.95593905 -10.08446503 29.34748459
-1.94843996 -10.65071106 28.88771057
0.23447201 -10.84068489 28.22457314
-5.17909908 -9.43764400 26.84965706
-3.25414991 -10.11077785 26.33451462
-1.05293500 -10.41420269 25.62641907
1.17761004 -10.25739574 24.76208115
5.33872795 -9.96181393 29.15411377
4.31492186 -9.98889160 26.38874817
5.86362505 -9.15450001 25.40472031
3.23904800 -9.67472267 23.75038719
4.90987682 -8.79583645 22.72088432
6.14607286 -7.89910698 21.86798668
2.39284706 -10.60744953 27.37387466
3.55437398 -10.61108589 30.14383316
1.50844705 -10.94519615 30.99688911
-3.80194807 1.79308999 6.30544186
-4.44396305 0.70319402 7.38966703
-5.49308777 1.89625096 8.51269531
-5.08649778 -0.71631801 9.43285179
-5.68825197 -2.27074194 12.23958683
-6.73978710 -0.75070900 12.24516869
-6.12863684 0.67209601 10.01983547
-7.09136486 1.77066696 11.37720299
-7.64277506 0.51529002 13.07071877
-8.49397278 1.53493702 14.49272537
-6.22823381 -3.79465604 15.47294521
-6.64309692 -5.17387581 18.75412369
-7.77008200 -3.72269893 18.14881897
-6.99658108 -6.32810402 21.70857620
-7.12446117 -7.37416983 24.46042824
-8.23633003 -6.06200409 23.97356796
-8.08092880 -4.92186022 21.08983231
-9.03229904 -3.49924397 20.73392487
-9.17917728 -4.66734505 23.59861374
-10.03832245 -3.23166895 23.37576294
-8.92023468 0.34615701 16.16864204
-9.67535400 1.35680497 17.52845955
-9.30544281 -0.84314102 18.25002480
-10.05244541 0.31153500 19.08950043
-10.68175888 1.31732595 20.34267616
-9.74080086 -2.05061889 20.72052383
-10.45295906 -0.75203198 21.07297897
-10.75432205 -1.79574704 23.36028290
-11.37586498 -0.48088500 23.66496658
-11.12452412 0.41980299 21.80303764
-11.55495930 1.36813402 22.95870209
-11.95982647 0.70930701 24.32545853
-12.24020290 1.56822205 24.97260094
-8.57670593 -2.17170906 17.87578583
-8.11989594 -0.82994300 15.28166199
-7.28191900 -2.24100590 15.01659775
-6.74318600 -8.44097233 26.96662331
-5.66805983 -9.21866608 29.56431389
-7.08067989 -8.13222980 29.53848076
-4.45903301 -9.73304462 32.35583115
-3.03278708 -9.64703560 35.29570770
-4.58833218 -8.90376472 35.41640472
-5.96861076 -8.78668022 32.42298889
-7.22222900 -7.68202496 32.36185455
-5.91315222 -7.97231817 35.43289185
-7.03035402 -6.89031315 35.39867401
-1.93649006 -9.67264938 37.18171692
-1.04643905 -9.84218025 37.36045837
0.38299701 -9.77193165 38.59984589
-0.49647999 -9.68721962 38.71314621
-1.34489596 -9.53114128 38.80648804
-2.15982795 -9.30783463 38.88287735
-7.09268188 -6.22384119 37.32993317
-6.56242085 -6.78021193 37.61066437
-6.10108900 -7.32688093 37.34497070
-5.51301098 -7.43783712 38.92975998
-6.03113604 -6.94220304 38.92364120
-6.50627995 -6.40929699 38.92883301
-6.94728518 -5.84110498 38.93551636
-4.92568493 -8.28681946 37.35812378
-5.49124384 -7.80679893 37.62835693
-3.53681302 -9.08211327 37.31977081
-2.72877908 -9.37607384 37.54979706
-4.21833181 -8.68249798 37.62554932
-2.93243694 -9.02772903 38.92864227
-3.65643501 -8.69643307 38.94658661
-4.32678413 -8.31779671 38.95053101
-4.94602108 -7.89605999 38.94371414
-9.23274994 -2.20631504 37.39738846
-9.99977875 -1.45889103 35.41387939
-9.48064613 -2.93341994 35.36843491
-8.65389824 -3.64684391 37.35961533
-8.79674053 -4.35149384 35.34883881
-8.89210606 -2.93645692 37.66284180
-7.93843603 -4.99265480 37.33155441
-7.98108816 -5.67804909 35.36135864
-7.47170305 -5.61680984 37.60528183
-8.24605656 -4.33131886 37.62496948
-7.35422802 -5.24218512 38.94641113
-7.72705698 -4.61178398 38.96960449
-8.06798553 -3.95102501 38.99831772
-8.37896538 -3.26004505 39.02529144
-11.17557526 -0.67006499 32.27243423
-10.70500565 -2.17237210 32.17343140
-11.90665054 0.26450300 29.35132027
-11.55464554 -1.14000702 29.16877365
-10.93106842 -2.60651994 29.08231544
-12.39795113 1.07803297 26.72094727
-12.07390785 -0.12615401 26.41338348
-11.53320408 -1.46260905 26.17202759
-10.79753017 -2.93166208 26.11841965
-8.28140259 -6.45285416 32.25605774
-9.26431656 -5.55241299 29.20912170
-8.25633621 -6.90063190 29.37856293
-9.98768139 -4.45715523 26.22408867
-9.07392406 -5.88316488 26.45484924
-7.99976397 -7.22704697 26.74125671
-10.14629745 -4.10069895 29.10120392
-9.20326900 -5.10606194 32.17224503
-10.01935101 -3.66458011 32.14133835
-4.70504808 2.71654701 7.94889116
-6.38079977 2.79093695 10.41331100
-7.86504412 2.61515188 13.36064720
-6.94323778 3.39794993 12.96499825
-5.37874603 3.36053896 10.40614891
-5.76430511 3.73973393 13.46387100
-9.10267544 2.35467696 16.44867325
-10.14726830 2.21347404 19.36700439
-9.31540298 3.04740500 18.86200714
-11.02181625 2.17318106 22.09703827
-11.78887177 2.14668989 24.69639969
-11.04868698 2.93945599 24.48180008
-10.22948265 2.97302890 21.69213295
-9.15103626 3.68772888 21.64074898
-9.98800659 3.70149493 24.50779343
-8.65697193 4.37283182 24.66544342
-5.88831997 3.97389388 16.85010147
-7.02376604 4.09849501 19.28400803
-5.84806919 4.25717688 20.30484772
-7.93993711 4.21258879 21.94648743
-6.72472382 4.49848080 22.60070038
-7.39579010 4.79144478 25.12956429
-6.23069096 4.98315382 25.75661659
-5.61888123 4.60603380 23.56689835
-5.23358297 5.02063417 26.50727844
-8.23587322 3.71290493 18.79841232
-7.12909079 3.77374697 15.99419022
-8.24362087 3.22114491 15.89286804
-12.28156853 2.12688398 26.87924576
-11.88558197 1.57887995 29.56015396
-11.46252441 2.76092196 29.74884987
-11.33407307 0.80566198 32.42597961
-10.29617882 0.02160900 35.47457886
-10.30961704 1.44800401 35.57007599
-11.14529037 2.20335889 32.60253525
-10.61113739 3.46385503 32.79869080
-10.00942802 2.78241301 35.72431564
-9.41853523 3.98196602 35.89790726
-9.63796139 -0.71319598 37.42586136
-9.38865089 -1.46217597 37.69789886
-8.65739632 -2.54197907 39.04781342
-8.90003872 -1.80397904 39.06231689
-9.09876823 -1.05409801 39.06911087
-9.25070667 -0.28873599 39.06321335
-8.63610935 4.56863880 37.80654907
-8.92830658 4.03452492 38.02624130
-9.28473663 3.42112088 37.70067596
-9.00701141 3.10020804 39.22221756
-8.74360943 3.75479507 39.29532623
-8.45456696 4.34950686 39.28098297
-8.11846733 4.87037086 39.27921295
-9.70729637 2.12290692 37.51599121
-9.47054291 2.78467298 37.87281799
-9.82208538 0.74896401 37.42144012
-9.69463539 0.03346000 37.69506836
-9.73932838 1.44898295 37.71941376
-9.37472057 0.44030201 38.95817947
-9.39997101 1.12578404 38.95709610
-9.35198689 1.79656196 38.99143219
-9.23159027 2.44497299 39.05688477
-6.54099703 6.18277788 36.48035812
-6.83623600 6.09489679 38.06205750
-7.60716295 5.71260977 36.26906967
-6.29959393 6.33507776 38.37109375
-7.80111980 5.46426392 37.91719437
-8.59476471 4.97444105 36.07097244
-8.19260693 5.06616306 38.10717392
-7.29220486 5.83296204 38.22832870
-7.73527718 5.32254314 39.29896927
-7.31418896 5.70962191 39.33424377
-6.86166191 6.03200006 39.38166428
-6.38980293 6.29134321 39.43262482
-6.27326679 6.20542812 33.97179794
-5.96340513 5.82411814 31.33486748
-7.14798689 5.67775822 30.93704605
-5.62455320 5.41042995 28.83893967
-6.73715687 5.35198498 28.33504486
-7.97766685 5.05879498 27.84600449
-9.75690746 4.53349781 33.03873444
-9.61754417 4.64524412 30.21324539
-10.67176628 3.78994989 29.95367050
-9.27816963 4.55179119 27.45728683
-10.48227882 3.83813500 27.19385529
-11.45277786 2.99991488 27.06597137
-8.39916229 5.28317690 30.54621124
-8.67021275 5.36503696 33.32712555
-7.47165680 5.92520189 33.64895248
5.53242397 2.47718310 40.78405380
5.80127096 2.40263796 41.34277344
7.54905605 0.80048001 40.82608032
7.03483295 1.34587002 41.27251816
7.18649483 1.21617699 41.76660919
6.84725618 1.44017303 40.65972900
8.38208199 -0.39998901 41.48360825
8.03974915 0.11255000 41.77911758
8.04782581 -0.04363500 42.22461700
8.39829254 -0.25427201 40.25292206
7.94586802 0.34554401 40.64385223
8.01018047 0.24201401 41.23010254
7.36269712 0.93497902 40.33103561
8.77591801 -1.31506705 41.26671600
8.57711029 -0.80903000 41.43599701
8.46474075 -0.90118301 41.99793243
8.83836174 -1.02346098 40.41285706
8.35965729 -0.25212401 41.02332306
8.87770653 -2.15473795 41.46723175
8.84057808 -1.73526704 41.42892456
8.64270687 -1.76870298 42.06304932
9.15395069 -2.13337898 40.40496063
8.78817081 -2.57712698 41.73433685
9.02632523 -2.58264303 41.01371002
9.21139622 -3.02468300 40.26821136
9.05163193 -3.57274890 40.58734131
9.31638145 -3.62260509 39.62828827
8.89506054 -4.62230301 40.18027878
8.60131931 -5.58671188 39.75920868
8.60610580 -5.09154892 40.50261307
9.14349556 -4.12723780 39.85987854
8.92943764 -3.04578996 41.20912170
8.62320709 -2.16888404 42.19252014
8.58823490 -1.34519196 41.99418259
8.28297615 -0.46320000 42.07616806
7.59830189 0.75114697 41.50082779
6.30410385 1.94879496 41.02211761
5.45028877 -8.73030758 38.34014893
7.45796204 -7.27541780 39.08494186
3.72033191 3.46359205 40.23774719
0.57890600 5.07006788 40.04441071
-7.28424501 0.01838800 44.19872284
-7.05087280 -0.91486597 44.36402130
-6.63560581 -0.16905800 45.16934967
-6.24406290 -1.15353298 45.52876663
-5.95165110 -0.15561700 46.14518356
-6.74337196 -1.77570200 44.56486130
-6.22138309 -2.09545708 45.25515747
-5.38928890 -0.93768901 46.78616714
-6.57345819 -2.63248897 44.41322327
-5.86314201 -2.88039398 45.41774750
-5.62033319 -2.01745605 46.17575836
-6.24136782 -3.61129498 44.29057312
-5.42497778 -3.80790901 45.53155518
-5.03187990 -3.09018207 46.63809967
-4.90117121 -1.93336499 47.24536896
-4.79943323 -0.19627699 47.64442444
-4.72880888 -1.10517001 47.64524078
-5.67087984 -4.54091501 44.44602966
-4.81753778 -4.72203493 45.79159546
-4.87048721 -3.96908212 46.41049957
-4.17490101 -4.23739481 47.57013702
-4.30252600 -2.76159406 47.92635345
-4.27213907 -1.68015504 48.15277100
-5.13176012 -5.40835524 44.41068649
-4.66426420 -6.12595510 44.21411133
-4.34064388 -5.74749613 45.36485291
-3.88540196 -6.66349602 44.62828827
-3.45087910 -6.21962500 46.35662842
-4.05808401 -5.29992294 46.59396362
-3.47767305 -5.54441404 47.75795746
-3.50190997 -5.04827023 48.91223145
-2.76282597 -6.40924978 47.78786087
-2.89260411 -6.02615976 49.21550751
-3.23432803 -5.48475885 49.92514420
-3.23922300 -7.31054115 44.34154892
-2.95407605 -7.01216412 45.49304199
-2.64565706 -6.81230688 46.68413544
-2.46734500 -7.64206982 44.64250946
-2.01293898 -7.37132502 46.11862183
-2.03108311 -7.01316500 47.54138184
-2.06134796 -6.80985498 49.06315613
-1.39053297 -7.39326906 47.15422058
-1.30019104 -7.24637794 48.32325745
-1.05494905 -7.72243309 46.19930267
-1.52961898 -7.94243908 44.92224884
-0.74414903 -8.05802536 45.27793121
-0.54583198 -7.57626581 47.47911835
-0.46165100 -7.44264793 49.10787964
-1.30425799 -7.21343994 49.50570679
-0.09964200 -7.93678617 46.07978821
-0.16717701 -8.30082607 44.77375031
0.20033500 -7.54253912 48.16025543
-3.76199293 -3.40472603 48.87789917
-3.62730789 -2.21272898 48.95689392
-4.22865200 -0.77913702 48.28251648
-3.69731593 -4.26441622 49.03868103
-3.79224992 -1.28605402 48.74548340
-3.61773205 -0.51851499 48.93264008
-3.51633906 -4.71881199 49.89833832
-3.51428795 -3.90402603 49.88116455
-3.22807789 -3.03926802 49.81980515
-3.17823696 -1.24041200 49.32590103
-2.81576395 -2.07276106 49.75983429
-2.26926994 -1.06422698 49.94778442
-1.97200406 -2.14179802 50.24425507
-1.30995202 -1.35658705 50.31702805
-1.02089596 -2.22921801 50.44238663
-0.55737799 -1.56695104 50.43753052
-0.06638700 -2.10645795 50.47450256
-0.57600600 -0.79263401 50.47019196
-6.87654305 0.55624199 44.87687683
-6.31536198 0.62873000 45.68186188
-5.64751196 0.69076103 46.59055328
-5.39197016 -0.00343500 46.92136383
-7.35651016 0.96182603 44.09509277
-6.71188116 1.32523501 45.04675293
-5.97694302 1.50108504 46.05308914
-6.40898991 2.14191198 45.29821777
-7.24256802 2.12433600 44.04684448
-6.40731096 3.11157489 44.91757202
-5.10547590 0.56998497 47.29963684
-5.63061523 2.59949207 46.24079895
-5.05915594 1.57846606 47.26056290
-6.65916777 4.16465521 43.91154480
-5.94958115 3.95598197 45.12474823
-5.66766500 3.50024295 45.81572723
-5.71843719 4.66694307 44.84744263
-4.56599808 0.76188898 47.95037079
-4.74401093 2.77512193 47.43095779
-4.36735106 2.17823696 48.09780502
-5.05559921 3.51090598 46.68193054
-4.35653019 3.68725801 47.61503601
-4.63544178 4.17253208 46.87049484
-5.22895002 4.24639606 45.93778992
-5.04430723 4.93190002 45.53092194
-4.10568810 0.10696000 48.46039200
-3.92401791 0.99028999 48.69535065
-4.33691788 1.49995100 48.21004486
-3.92946410 3.03822088 48.53823853
-4.44971514 4.85610294 46.45196915
-3.44290400 0.37157500 49.14770126
-3.71855497 1.96672106 48.94522095
-3.68371010 4.07329178 48.50444412
-2.91445708 -0.28954199 49.54693985
-2.73113489 0.71403497 49.81327438
-3.32302690 1.21577597 49.35803604
-3.25320697 3.74601889 49.57020569
-3.33084512 2.79062605 49.48466492
-3.11043811 4.58786488 49.36410522
-4.03561497 4.48094606 47.52212524
-3.38066411 4.84356213 48.31912231
-2.76821494 2.02436090 50.12979126
-2.96172404 3.15916896 50.19021225
-2.81544900 5.21713781 49.17399597
-2.21651602 -0.00466100 50.05477524
-1.69549501 0.95918697 50.59236908
-0.65739399 0.18133000 50.64751053
-0.65428197 0.94357300 50.97164154
-5.23854113 5.36139011 44.68290329
-4.58931684 5.89474392 44.60795212
-5.36848879 5.89499712 43.65938568
-4.53359699 5.41621590 45.55220413
-3.66069794 5.16419792 47.23028564
-3.94569206 5.44051313 46.30491257
-3.88309503 5.86464310 45.52116013
-3.82728696 6.31378317 44.42541504
-4.64241123 6.34866095 43.56723022
-2.94851089 5.46892118 48.02104568
-3.16603994 5.78824282 46.61682892
-2.90425992 6.50254583 44.39629364
-3.20080996 6.17603207 45.41461945
-2.28700590 5.97719479 47.69224548
-2.20576692 6.27362823 45.94941711
-2.35939789 5.74054003 48.99204254
-2.14329004 6.48588085 44.62206650
-1.64374197 6.20588398 48.96096802
-1.38675201 6.29183388 47.51062393
-0.70723403 6.49884605 48.82796097
-0.42025101 6.34967995 47.37894821
-1.05483603 6.34582090 46.15709305
-1.49326897 6.42057419 44.96839905
-0.15586001 6.25676584 46.03289795
-0.67210102 6.33578777 44.96186829
0.28922901 -7.69977617 47.18883514
0.67604703 -8.25951576 45.05296326
0.84816802 -7.86902189 46.38884735
1.04092205 -7.53333902 47.72537994
1.45245898 -8.41250324 44.41280746
1.50890803 -8.05018616 45.50943756
1.66576302 -7.67422915 46.61444855
1.40614998 -7.21504116 49.72443771
1.59903800 -7.19596004 48.75671387
2.05618501 -6.88095808 49.61727524
2.25800300 -8.18954563 44.62484741
2.13844895 -7.82456017 45.76903534
2.44663095 -7.43881178 46.52157593
1.99838901 -7.27099085 47.61473846
2.40819693 -6.81695700 48.56318283
2.78970098 -6.30423117 49.61991119
2.79753709 -7.71238422 45.41812897
2.98960590 -8.00147629 44.50112152
2.81744194 -6.92250204 47.38494110
3.24361491 -7.16932392 46.16447449
3.68519998 -7.57857180 44.72629547
3.95473695 -5.66486788 47.81323242
3.17772889 -6.29793692 48.30044937
3.61192107 -6.49575901 47.01229095
4.07798481 -6.80752182 45.74603271
4.55608797 -7.11641216 44.60871887
4.96407700 -6.35814190 45.25559235
4.37463617 -6.06666183 46.51653290
5.01926184 -5.61263990 46.10935211
0.18921401 -1.35082901 50.47489929
0.34015900 -0.31877401 50.58754349
0.92531902 -2.16218400 50.46165848
1.07034004 -1.15998197 50.40801239
1.23376298 -0.32579699 50.44264221
1.85460603 -1.95252597 50.29055023
1.87540805 -0.85405302 50.17704773
1.85924399 0.12621900 50.27882767
2.69234204 -2.52008200 50.13198471
2.63382912 -1.44378495 49.83907318
2.59062600 -0.37750000 49.77907562
3.33670712 -3.02711105 49.89109421
3.43407106 -2.05159593 49.38143921
3.34005690 -0.91839999 49.23954010
3.46806693 -5.55353498 49.31218719
3.72173190 -3.78636003 49.69857025
3.89989805 -2.86786294 49.10588837
4.09780598 -2.17222595 48.71687317
4.01033878 -1.42556095 48.68495560
3.31236291 0.28024101 49.17357635
3.95182800 -5.00515318 48.67796326
4.12966013 -4.29841423 48.74552536
4.48338079 -4.78464079 47.73942184
4.59070587 -4.00520611 47.98126984
3.70572495 -4.71071100 49.71095276
4.30017090 -3.48890495 48.58607864
4.48277903 -2.68670988 48.29836655
4.03089905 -0.51420099 48.52077103
5.06495714 -4.15840387 47.14197159
5.06681299 -4.92056894 46.67971802
4.94487619 -3.28761697 47.60288239
4.63238192 -1.84112406 48.04853058
4.48886824 -1.07886302 48.12409210
5.88676596 -6.21449184 44.19648743
5.27507591 -6.87865591 44.10657501
5.51076603 -5.74354696 45.26528931
6.07270479 -5.36337519 44.83308792
6.64342499 -5.61662817 43.79915619
5.57086802 -5.12924719 45.76433945
5.62568712 -3.54340291 46.54179764
5.51412106 -2.65956497 46.89777374
4.98135805 -2.47123098 47.63632965
5.28969002 -1.89225900 47.23978806
5.01991415 -1.18662906 47.52312469
4.71034002 -0.45431000 47.76342773
6.69644403 -4.72905684 44.42351913
6.07229805 -4.70540190 45.34580231
6.33986712 -3.88715100 45.38487244
5.63247490 -4.39425802 46.17027283
5.98282099 -1.90627694 46.32762146
5.54744196 -1.31418800 46.88645935
5.39267683 -0.57606900 46.96600342
6.90642500 -3.06880593 44.88674545
7.16798115 -3.88638401 44.22390747
6.76118279 -2.15479898 45.27099991
6.20004988 -2.86845994 45.90884399
6.48754311 -1.44663298 45.66381073
5.99631214 -1.04270101 46.27452087
5.94289207 -0.31751400 46.19716644
6.55011892 -0.74615300 45.48241425
7.08039999 -1.42023897 44.85889053
7.06349421 -0.78028798 44.78129959
0.10192400 0.64042503 50.90753937
1.01904094 0.57235497 50.74746704
1.92209101 1.20415199 50.57602692
2.50405788 0.52727300 49.92646408
2.40086508 1.89249897 50.49484253
2.82156801 1.38725305 49.79474640
2.80114388 2.39211607 50.14427948
3.20561290 2.04088306 49.37528992
3.04678202 3.75249791 49.57815933
3.17916489 2.80088305 49.43067169
3.47081900 3.10838008 48.62107849
3.23285508 3.88911700 48.52762985
3.66082501 3.34223199 47.83979797
3.58270407 1.34354401 48.82756042
3.62364793 2.24791503 48.63828278
4.05322313 2.55308199 47.64737701
4.06431007 3.17852998 46.89551544
4.28193521 0.47594601 48.05748749
4.21758604 1.58037198 47.85907745
4.65217495 2.93246508 45.78955460
3.88493299 3.77661610 46.01065826
0.17118999 6.47217894 48.57466888
0.60572302 6.12767601 47.07782745
0.97927302 6.26466608 48.60155869
0.61751699 6.02087307 45.43338013
-0.02395700 6.21007109 45.05361938
1.64686704 6.01199007 49.05078125
1.77205503 5.59805918 47.28968811
1.26057303 5.79825306 46.12157440
1.85598004 5.47530508 45.78187561
2.25033689 5.18921185 44.65541077
1.43477595 5.64893389 44.92297363
2.54281592 5.01650000 45.81164932
2.95117307 4.49448299 48.23395920
3.45434499 3.90746903 47.43755722
2.90040398 4.66230202 47.02803040
2.36102700 5.28868294 48.72881317
2.78906989 4.66178322 49.39342117
3.14651299 4.60495520 44.41571045
3.30602503 4.42348814 45.57216263
4.74516821 3.24037790 44.72676849
4.03078318 3.93362188 44.48566437
4.64746380 1.86389303 47.02777863
5.21261692 1.73553801 46.13516235
4.63966608 2.44571304 46.54388428
5.37535810 2.52300191 44.78244781
4.99349880 0.10693400 47.28749847
5.07144690 0.92384702 46.86635208
5.82787895 1.03970003 45.66656494
5.87390900 1.73178506 44.93549347
5.15925598 2.29542804 45.65716553
5.46142483 0.11214200 46.69440079
5.85087395 0.36296001 46.05886841
6.33217716 -0.08441100 45.58735657
6.39940786 0.41725099 45.22562790
6.49533176 0.95978498 44.66448212
6.85380697 -0.20675200 44.87609482
-2.60010195 -2.73749900 50.22320557
-1.45594501 -0.34590101 50.34213638
-6.11885023 5.21109390 43.65628052
0.67789501 -7.43110895 49.21973419
4.58579302 -5.41553783 46.99649048
2.90696311 3.22426605 50.18377686
0.00000000 1.48386300 51.17419815
0.00000000 1.20429206 51.24910736
0.50818998 1.53220904 51.16124344
0.56465602 1.25801003 51.23471451
0.99685103 1.67539203 51.12287521
1.10761201 1.41710305 51.19208527
1.44720304 1.90790796 51.06057358
1.60800397 1.67545402 51.12285995
1.84194005 2.22082210 50.97673035
2.04660010 2.02313590 51.02969742
2.16589189 2.60210800 50.87456512
2.40654707 2.44678712 50.91618347
2.40661097 3.03711605 50.75800323
2.67401195 2.93012905 50.78667068
2.55484509 3.50912595 50.63153076
2.83871603 3.45458388 50.64614487
2.60489702 4.00000000 50.50000000
2.89433002 4.00000000 50.50000000
2.83871603 4.54541588 50.35385513
2.55484509 4.49087381 50.36846924
2.67401195 5.06987190 50.21332932
2.40661097 4.96288395 50.24199677
2.40654802 5.55321217 50.08381653
2.16589308 5.39789104 50.12543488
2.04660106 5.97686386 49.97030258
1.84194100 5.77917814 50.02326965
1.60800397 6.32454586 49.87714005
1.44720304 6.09209204 49.93942642
1.10761201 6.58289814 49.80791473
0.99685103 6.32460785 49.87712479
0.56465602 6.74199009 49.76528549
0.50818998 6.46779108 49.83875656
0.00000000 6.79570818 49.75089264
0.00000000 6.51613712 49.82580185
-0.50818998 1.53220904 51.16124344
-0.56465602 1.25801003 51.23471451
-0.99685103 1.67539203 51.12287521
-1.10761201 1.41710305 51.19208527
-1.44720304 1.90790796 51.06057358
-1.60800397 1.67545402 51.12285995
-1.84194005 2.22082210 50.97673035
-2.04660010 2.02313590 51.02969742
-2.16589189 2.60210800 50.87456512
-2.40654707 2.44678712 50.91618347
-2.40661097 3.03711605 50.75800323
-2.67401195 2.93012905 50.78667068
-2.55484509 3.50912595 50.63153076
-2.83871603 3.45458388 50.64614487
-2.60489702 4.00000000 50.50000000
-2.89433002 4.00000000 50.50000000
-2.83871603 4.54541588 50.35385513
-2.55484509 4.49087381 50.36846924
-2.67401195 5.06987190 50.21332932
-2.40661097 4.96288395 50.24199677
-2.40654802 5.55321217 50.08381653
-2.16589308 5.39789104 50.12543488
-2.04660106 5.97686386 49.97030258
-1.84194100 5.77917814 50.02326965
-1.60800397 6.32454586 49.87714005
-1.44720304 6.09209204 49.93942642
-1.10761201 6.58289814 49.80791473
-0.99685103 6.32460785 49.87712479
-0.56465602 6.74199009 49.76528549
-0.50818998 6.46779108 49.83875656
0.57886600 4.96846199 50.24050140
0.00000000 5.11828279 50.20035553
0.00000000 4.69892693 50.31272125
0.51165003 4.49421597 50.36757660
1.00262499 4.55914211 50.35017776
0.72358298 4.00000000 50.50000000
1.15773201 4.00000000 50.50000000
1.00262499 3.44085789 50.64982224
0.51165003 3.50578403 50.63242340
0.57886600 3.03153801 50.75949860
0.00000000 3.30107307 50.68727875
0.00000000 2.88171697 50.79964447
0.00000000 2.32257509 50.94946289
0.66456699 2.45026207 50.91525269
1.22795999 2.81388092 50.81781769
1.60440695 3.35807705 50.67200089
1.73659801 4.00000000 50.50000000
1.60440695 4.64192295 50.32799911
1.22795999 5.18611908 50.18218231
0.66456699 5.54973888 50.08474731
0.00000000 5.67742491 50.05053711
0.00000000 6.09678078 49.93816757
0.83070898 5.93717289 49.98093414
1.53495097 5.48264790 50.10272598
2.00550890 4.80240393 50.28499603
2.17074800 4.00000000 50.50000000
2.00550890 3.19759607 50.71500397
1.53495002 2.51735210 50.89727402
0.83070898 2.06282711 51.01906586
0.00000000 1.90321898 51.06183243
-0.57886600 4.96846199 50.24050140
-0.51165003 4.49421597 50.36757660
-1.00262499 4.55914211 50.35017776
-0.72358298 4.00000000 50.50000000
-1.15773201 4.00000000 50.50000000
-1.00262499 3.44085789 50.64982224
-0.51165003 3.50578403 50.63242340
-0.57886600 3.03153801 50.75949860
-0.66456699 2.45026207 50.91525269
-1.22795999 2.81388092 50.81781769
-1.60440695 3.35807705 50.67200089
-1.73659801 4.00000000 50.50000000
-1.60440695 4.64192295 50.32799911
-1.22795999 5.18611908 50.18218231
-0.66456699 5.54973888 50.08474731
-0.83070898 5.93717289 49.98093414
-1.53495097 5.48264790 50.10272598
-2.00550890 4.80240393 50.28499603
-2.17074800 4.00000000 50.50000000
-2.00550890 3.19759607 50.71500397
-1.53495002 2.51735210 50.89727402
-0.83070898 2.06282711 51.01906586
0.00000000 3.72042894 50.57490921
0.28943300 4.00000000 50.50000000
0.00000000 4.00000000 50.50000000
-0.28943300 4.00000000 50.50000000
0.00000000 4.27957106 50.42509079
0.00000000 -6.95830488 50.50000000
-0.00000200 -7.61095619 50.50000000
0.49988401 -6.93274784 50.50000000
0.95789599 -7.45392513 50.50000000
0.98437202 -6.84255123 50.50000000
1.73755503 -7.10293293 50.50000000
1.51913702 -6.67446899 50.50000000
2.01829696 -6.42265987 50.50000000
2.39211702 -6.63687611 50.50000000
2.45092392 -6.05639601 50.50000000
2.80525088 -6.23410797 50.50000000
2.79179001 -5.71896887 50.50000000
3.21320510 -5.69464302 50.50000000
3.01775193 -5.36455917 50.50000000
3.47028899 -5.18120193 50.50000000
3.18573689 -5.02515793 50.50000000
3.57184911 -4.80017805 50.50000000
3.27013302 -4.65823698 50.50000000
3.61493611 -4.34319115 50.50000000
3.26870894 -4.37479305 50.50000000
3.26124907 -4.12673998 50.50000000
3.48112607 -3.92839599 50.50000000
3.22025704 -3.95435810 50.50000000
3.28822708 -3.62482500 50.50000000
3.12448096 -3.76941299 50.50000000
2.99232411 -3.58684111 50.50000000
2.97207093 -3.31531596 50.50000000
2.82253194 -3.44931102 50.50000000
2.58417892 -3.30219293 50.50000000
2.55100298 -3.03992009 50.50000000
2.25031400 -3.13970304 50.50000000
2.05455589 -2.81540704 50.50000000
1.85079801 -2.97983098 50.50000000
1.72398996 -2.71719003 50.50000000
1.52555096 -2.87808990 50.50000000
1.39342403 -2.61897206 50.50000000
1.23650599 -2.79502010 50.50000000
1.06289303 -2.56286907 50.50000000
0.77706599 -2.72589588 50.50000000
0.73236197 -2.50676489 50.50000000
0.31762701 -2.71296597 50.50000000
0.36618000 -2.48588705 50.50000000
-0.00000200 -2.46500897 50.50000000
0.00000000 -2.71784902 50.50000000
-0.49988401 -6.93274784 50.50000000
-0.95789599 -7.45392513 50.50000000
-0.98437202 -6.84255123 50.50000000
-1.73755503 -7.10293293 50.50000000
-1.51913702 -6.67446899 50.50000000
-2.01829696 -6.42265987 50.50000000
-2.39211702 -6.63687611 50.50000000
-2.45092392 -6.05639601 50.50000000
-2.80525088 -6.23410797 50.50000000
-2.79179001 -5.71896887 50.50000000
-3.21320510 -5.69464302 50.50000000
-3.01775193 -5.36455917 50.50000000
-3.47028899 -5.18120193 50.50000000
-3.18573689 -5.02515793 50.50000000
-3.57184911 -4.80017805 50.50000000
-3.27013302 -4.65823698 50.50000000
-3.61493611 -4.34319115 50.50000000
-3.26870894 -4.37479305 50.50000000
-3.26124907 -4.12673998 50.50000000
-3.48112607 -3.92839599 50.50000000
-3.22025704 -3.95435810 50.50000000
-3.28822708 -3.62482500 50.50000000
-3.12448096 -3.76941299 50.50000000
-2.99232411 -3.58684111 50.50000000
-2.97207093 -3.31531596 50.50000000
-2.82253194 -3.44931102 50.50000000
-2.58417892 -3.30219293 50.50000000
-2.55100298 -3.03992009 50.50000000
-2.25031400 -3.13970304 50.50000000
-2.05455589 -2.81540704 50.50000000
-1.85079801 -2.97983098 50.50000000
-1.72398996 -2.71719003 50.50000000
-1.52555096 -2.87808990 50.50000000
-1.39342403 -2.61897206 50.50000000
-1.23650599 -2.79502010 50.50000000
-1.06289303 -2.56286907 50.50000000
-0.77706599 -2.72589588 50.50000000
-0.73236197 -2.50676489 50.50000000
-0.31762701 -2.71296597 50.50000000
-0.36618000 -2.48588705 50.50000000
3.02915597 -3.96753502 50.50000000
3.06106305 -4.11556292 50.50000000
3.01142001 -4.34270191 50.50000000
2.89420104 -4.56114006 50.50000000
2.80458498 -3.99209809 50.50000000
2.91072392 -3.89559293 50.50000000
2.82684708 -3.71384311 50.50000000
2.57130504 -3.77538610 50.50000000
2.51210594 -4.21804285 50.50000000
2.70619798 -4.34240198 50.50000000
2.51358294 -4.69188690 50.50000000
2.23442292 -4.56310606 50.50000000
2.22912693 -5.03757381 50.50000000
2.23972011 -4.08863783 50.50000000
2.24501705 -3.61417103 50.50000000
1.84237099 -4.70964098 50.50000000
1.83956206 -5.28624296 50.50000000
1.84518003 -4.13303804 50.50000000
1.84798896 -3.55643392 50.50000000
1.43902397 -4.82082081 50.50000000
1.41018200 -5.46839809 50.50000000
1.46786702 -4.17324400 50.50000000
1.49670899 -3.52566695 50.50000000
1.02512598 -4.89515305 50.50000000
0.95466602 -5.59519720 50.50000000
1.09558594 -4.19510794 50.50000000
1.16604602 -3.49506402 50.50000000
0.51727200 -3.38905191 50.50000000
0.50512302 -4.14953995 50.50000000
0.49297500 -4.91002893 50.50000000
0.48082599 -5.67051792 50.50000000
0.00000000 -4.95090008 50.50000000
0.00000000 -5.69525003 50.50000000
0.00000000 -4.20655012 50.50000000
0.00000000 -3.46219993 50.50000000
2.91666102 -4.99723005 50.50000000
2.68604207 -4.96520376 50.50000000
2.71968699 -5.34413481 50.50000000
2.35562611 -5.67839718 50.50000000
2.29473805 -5.30208588 50.50000000
1.94548595 -6.01983786 50.50000000
1.87267399 -5.61701584 50.50000000
1.45595396 -5.84258413 50.50000000
1.48754501 -6.25852680 50.50000000
0.95311999 -6.39876080 50.50000000
0.92186898 -5.95497084 50.50000000
0.44811800 -6.46671581 50.50000000
0.39635101 -6.00068283 50.50000000
0.00000000 -6.01178885 50.50000000
0.00000000 -6.48504686 50.50000000
2.99937606 -3.79428005 50.50000000
-3.02915597 -3.96753502 50.50000000
-3.06106305 -4.11556292 50.50000000
-3.01142001 -4.34270191 50.50000000
-2.89420104 -4.56114006 50.50000000
-2.80458498 -3.99209809 50.50000000
-2.82684708 -3.71384311 50.50000000
-2.91072392 -3.89559293 50.50000000
-2.57130504 -3.77538610 50.50000000
-2.51210594 -4.21804285 50.50000000
-2.70619798 -4.34240198 50.50000000
-2.51358294 -4.69188690 50.50000000
-2.23442292 -4.56310606 50.50000000
-2.22912693 -5.03757381 50.50000000
-2.23972011 -4.08863783 50.50000000
-2.24501705 -3.61417103 50.50000000
-1.84237099 -4.70964098 50.50000000
-1.83956206 -5.28624296 50.50000000
-1.84518003 -4.13303804 50.50000000
-1.84798896 -3.55643392 50.50000000
-1.43902397 -4.82082081 50.50000000
-1.41018200 -5.46839809 50.50000000
-1.46786702 -4.17324400 50.50000000
-1.49670899 -3.52566695 50.50000000
-1.02512598 -4.89515305 50.50000000
-0.95466602 -5.59519720 50.50000000
-1.09558594 -4.19510794 50.50000000
-1.16604602 -3.49506402 50.50000000
-0.51727200 -3.38905191 50.50000000
-0.50512302 -4.14953995 50.50000000
-0.49297500 -4.91002893 50.50000000
-0.48082599 -5.67051792 50.50000000
-2.91666102 -4.99723005 50.50000000
-2.68604207 -4.96520376 50.50000000
-2.71968699 -5.34413481 50.50000000
-2.35562611 -5.67839718 50.50000000
-2.29473805 -5.30208588 50.50000000
-1.94548595 -6.01983786 50.50000000
-1.87267399 -5.61701584 50.50000000
-1.45595396 -5.84258413 50.50000000
-1.48754501 -6.25852680 50.50000000
-0.95311999 -6.39876080 50.50000000
-0.92186898 -5.95497084 50.50000000
-0.44811800 -6.46671581 50.50000000
-0.39635101 -6.00068283 50.50000000
-2.99937606 -3.79428005 50.50000000
2.92039299 -4.10927677 50.50047684
-2.92039299 -4.10927677 50.50047684
6.44841480 1.92085600 41.81082916
5.93980122 2.38571906 41.96613312
5.57016516 2.71188307 42.10805130
5.32073593 2.84366488 41.80207443
4.91446304 3.03221798 41.38713837
4.35167885 3.44707704 41.56364059
3.95526409 3.74028802 41.72903442
3.62523699 3.84226394 41.39550781
3.09537911 4.00503922 40.92313385
2.43319702 4.42519617 41.13624191
1.88271201 4.78413010 41.37968826
2.20288396 4.84313679 42.22556686
1.70781696 5.14522600 42.40365601
1.39143300 5.10354996 41.63665771
1.24206400 5.41120815 42.56804657
0.98502702 5.35992384 41.87702942
0.77582800 5.62305593 42.61056519
1.05638003 5.66206694 43.40448761
0.54695702 5.87302589 43.47635651
0.88564903 5.84557819 44.29588318
1.34469497 5.62426901 44.00743866
1.80295897 5.39195824 43.98621368
1.52727699 5.42711020 43.28232956
1.99480200 5.16286802 43.13882828
2.24575710 5.12649107 43.73772812
2.46868801 4.88201714 43.01255035
2.72752094 4.52591085 42.09364319
2.93307900 4.61093807 42.94567490
3.23148799 4.25854015 42.13155365
3.65684104 4.05713081 42.29621124
4.04645920 3.83130503 42.36539459
3.73008990 4.15263319 43.02262115
3.35027194 4.37526989 42.94918060
3.42590904 4.41072416 43.56228638
3.11338592 4.60140085 43.55377579
3.77404690 4.17820501 43.72492981
4.11518097 3.90152788 43.05895996
4.46573591 3.54515195 42.34386444
4.87327290 3.27439809 42.43236160
4.48639107 3.64391088 43.08778763
4.17511177 3.89728093 43.63683319
4.45163918 3.69007301 43.69020844
4.82225323 3.39584088 43.19967270
5.21954584 3.04457402 42.61605835
5.55750084 2.77498102 42.69917297
5.16004419 3.12167501 43.30596161
4.72462511 3.44186807 43.90911865
5.11079311 3.10685802 43.89657593
5.39518499 2.78862596 44.05470657
5.75789499 2.42481494 44.00295258
5.99229908 2.07743406 44.16345215
6.31723881 1.70376098 44.09587860
6.43429089 1.79966700 43.55386734
6.70739985 1.44844306 43.56971741
6.53956699 1.34478700 44.16456223
6.83138084 0.99697500 44.04166412
6.95736980 0.71581501 44.10426331
7.15770721 0.76355797 43.61875153
7.28606606 0.42579699 43.72881699
6.96456003 0.33342600 44.38980103
7.24611902 -0.13835999 44.23847961
7.43181610 0.03685000 43.77887726
7.58765888 -0.38464499 43.76844025
7.79620218 -0.25022799 43.23218536
7.63916302 0.13288000 43.23972321
7.96279097 -0.15208000 42.70213318
8.13774776 -0.55725300 42.64105988
8.27719402 -0.98916501 42.61562347
7.94016504 -0.67213702 43.21369171
7.70370579 -0.82405603 43.77017593
8.04935265 -1.10832906 43.20906830
8.36605453 -1.42172396 42.63275909
8.40005875 -1.83408797 42.68289185
8.11555004 -1.54176998 43.21830750
7.79581213 -1.26706505 43.75565720
7.43389606 -1.03728497 44.29572296
7.32860899 -0.54859298 44.30385971
7.54333115 -1.44741905 44.20811462
7.83680296 -1.70213902 43.75335693
8.14336205 -1.96827996 43.21841812
8.38837147 -2.17814898 42.73984528
8.49634361 -2.53496695 42.45333099
8.18290901 -2.41063094 43.10681915
7.83408594 -2.17957211 43.73719025
7.49366093 -1.85276604 44.29418182
7.38174486 -2.44307995 44.37660599
7.19396591 -1.96208894 44.72059631
7.50869417 -3.17857409 44.00667191
7.87080288 -2.72971892 43.57199097
7.96188498 -3.28409004 43.25305176
8.26145077 -2.89636803 42.83374023
8.61002922 -3.00051904 42.05422211
8.71103573 -3.53085089 41.55980301
8.34211731 -3.42889190 42.46134186
8.01878357 -3.80916095 42.92534637
8.38484383 -4.05084419 42.01850891
8.81150818 -4.08513594 40.92842102
8.53743362 -4.59152603 41.23820114
8.25942993 -5.05084705 41.49581909
8.27633286 -5.51252222 40.86264038
7.94275999 -5.42752123 41.80417633
7.94732904 -5.02550220 42.23077393
8.15389347 -4.62163496 42.13322830
7.99894524 -4.27160978 42.70436096
7.65842390 -4.14642715 43.37428284
7.67725611 -3.66228390 43.58315659
7.29905510 -4.51772118 43.70908356
7.20302010 -5.09213114 43.44131470
7.70815277 -4.71347713 42.92138672
7.60731506 -5.28623819 42.62190247
7.57628918 -5.76661015 42.14996338
7.91174889 -5.88209295 41.23716736
7.52910709 -6.20352077 41.60784149
7.20318079 -6.09866905 42.42688751
7.18460512 -6.44848299 41.91453171
6.79502201 -6.45164824 42.59837341
6.94483709 -6.80915213 41.65172195
6.52396202 -6.88384390 42.28571701
6.54131699 -7.29330111 41.28247833
6.03101587 -7.16532993 42.54276657
5.92959213 -7.62382984 41.63340759
5.62690592 -7.52011919 42.46493912
5.46886015 -7.80654716 41.96551514
5.18847513 -7.67072296 42.73979568
4.95135307 -8.10187912 41.81908035
4.63787508 -7.83840609 43.05149078
4.32555580 -8.19257545 42.44438553
4.24587584 -8.58296013 41.11250305
3.73475099 -8.38684082 42.55955505
3.41899395 -8.75112247 41.59277344
3.52831507 -9.11482430 39.81780243
2.57593989 -9.00617599 41.44079208
2.63970995 -9.39278603 39.57989502
1.74980104 -9.40754509 40.18302536
0.87402099 -9.53195763 39.88310242
0.91092700 -9.16616726 41.60929871
1.73888397 -9.08722210 41.75498199
1.42829096 -8.94920731 42.54224396
2.00918293 -8.81808281 42.76732635
1.45366895 -8.71965408 43.42408752
1.92171597 -8.55217743 43.77822876
0.87972403 -8.62147617 43.86042404
0.29926500 -8.53887177 44.10730362
0.37169799 -8.83856964 42.99619293
1.01164305 -8.87445354 42.92994308
0.06042500 -9.08769417 41.86610031
0.02893900 -9.40816975 40.35601044
-0.71514601 -9.07186317 41.50456238
-0.82326001 -9.38694572 40.01210022
-1.58421504 -9.12427807 40.47013092
-1.42387903 -8.83259392 41.92004013
-0.96316302 -8.67385483 42.95748901
-0.30241701 -8.87049484 42.64048767
-0.27068701 -8.60603333 43.66136169
-0.86636001 -8.33135605 44.25324631
-1.52055597 -8.33146954 43.70398331
-1.64188802 -8.57509232 42.72496414
-2.21072197 -8.64154434 41.72392273
-2.08532405 -8.32747841 43.10669708
-2.02933407 -8.06242371 44.02333832
-2.53289008 -8.00899506 43.55126572
-2.56485295 -8.26784420 42.66461182
-3.08184910 -7.97054100 42.82954788
-2.95225811 -7.71160603 43.80111694
-3.42283106 -7.56912518 43.44524002
-3.61391401 -7.74253511 42.61090088
-3.56282401 -8.08178520 41.53941727
-4.08636093 -7.62169504 41.99848175
-3.89743996 -7.40942097 43.02614594
-3.72927094 -7.20239496 43.81803131
-4.17951393 -7.00659609 43.45211029
-4.32827902 -7.24655819 42.57839966
-4.73400402 -7.29253006 41.48222733
-4.72321510 -6.84558821 42.71555328
-4.48604679 -6.60904217 43.70067596
-4.95247078 -6.35389090 43.29280090
-5.15470886 -5.91889286 43.65931320
-5.46091604 -6.05522394 42.77066422
-5.19464111 -6.50849295 42.44522476
-5.65784788 -6.40766382 41.47197723
-5.15604496 -6.82570124 41.75436401
-5.44891405 -7.01430607 40.43418884
-6.00507116 -6.56753588 40.08860397
-6.35241222 -5.98527908 40.48239136
-5.95501518 -5.81051302 42.02017975
-5.74118900 -5.71078396 42.79593277
-5.99258900 -5.33294582 42.81299210
-5.53493309 -5.60398912 43.40534973
-5.69262409 -5.14106321 43.73250580
-6.09917879 -4.77490187 43.38542938
-6.23315191 -4.26764202 43.71812439
-6.57549381 -4.39686584 42.82593918
-6.38904810 -4.91584682 42.52652359
-6.75294018 -4.72003222 41.86664200
-6.49631882 -5.30368710 41.52205658
-7.13550901 -4.82245398 40.51901245
-7.14145803 -4.10547400 41.71929932
-7.57606506 -4.21879721 40.20335388
-7.77791023 -3.52800488 40.61502838
-8.17015839 -2.85142803 40.27700043
-7.68840599 -2.76253700 41.83251953
-7.37424707 -3.45216608 41.96794510
-7.16403818 -3.15274501 42.86816406
-7.06407022 -3.66055107 42.58567047
-6.82669020 -3.95456195 42.82348633
-6.77675200 -3.59061098 43.33016586
-6.77376699 -3.14186406 43.72048950
-6.53885698 -3.97267509 43.43943787
-7.06352997 -2.68565202 43.49544907
-7.02747679 -2.19795203 43.87898254
-7.43304300 -2.23064709 42.99846268
-7.34666300 -2.71596003 42.84204483
-7.86768007 -1.99387395 42.07588959
-8.30763435 -2.09657598 40.67011261
-8.16184521 -1.26669705 41.81546021
-8.64256954 -1.37635398 40.29682159
-8.69028854 -0.60827202 40.66863632
-8.26212978 -0.54398900 41.99330521
-7.89810181 -0.71695298 42.84857178
-7.84159899 -1.16944396 42.77473068
-7.55963087 -1.10105801 43.41390991
-7.52522182 -0.57181197 43.67580414
-7.26482391 -1.63689005 43.71891022
-7.69940805 -1.57241595 42.84343719
-7.76264477 -0.13412100 43.34113312
-8.08525753 -0.20520100 42.61376190
-8.02239609 0.28153399 42.86439896
-7.67559814 0.39629099 43.58186722
-7.87709713 0.84820801 43.19229126
-8.23426247 0.68615401 42.39100266
-8.16779613 1.31315196 42.52241516
-7.71797419 1.43585396 43.42878723
-7.87007618 1.90544403 43.06423950
-8.24157906 1.86264801 42.27621460
-8.04237556 2.37479091 42.56755829
-7.71915388 2.27997899 43.26770020
-7.66085291 2.67919111 43.20986176
-7.93366194 2.80328894 42.63692474
-7.74581099 3.22992110 42.75492096
-7.19135284 3.19689798 43.70994949
-7.34368086 3.78764510 43.15270233
-7.72864103 3.71954298 42.47084808
-7.49039221 4.16457701 42.56428528
-7.16178799 4.15042400 43.22517014
-7.09879780 4.41032791 43.08552551
-7.29504108 4.65331316 42.40285110
-7.75123596 4.41093922 41.58246613
-7.95973015 3.89299107 41.69463348
-8.23321438 4.09747124 40.56069946
-8.43831253 3.42398691 40.75556183
-8.03405380 3.44419789 41.94812775
-8.22729111 2.88504505 41.82633591
-8.75381947 2.69646811 40.42906952
-8.54257774 2.14647198 41.36189270
-8.51568031 1.54402697 41.62738419
-8.62063217 0.88475698 41.34966278
-8.93959045 1.49517000 40.38987732
-8.97990990 2.12162709 40.08882523
-7.96139288 4.64596319 40.48797989
-7.49053288 4.89767790 41.49658966
-7.63858318 5.12435389 40.45706177
-7.18405294 5.32896614 41.44889832
-7.04394722 5.09369707 42.30893707
-6.82162905 4.81933498 43.08784485
-6.64131498 5.25065517 42.87764740
-6.40289879 5.53281021 42.84876251
-6.76518583 5.47545195 42.24484253
-6.42629814 5.79676819 42.25092316
-6.83496094 5.70120382 41.43621063
-7.27181101 5.53906584 40.45489120
-6.86748219 5.89260483 40.47346497
-6.43440294 6.18740177 40.50274658
-5.98385811 6.42375708 40.53386307
-6.03058195 6.29049301 41.46181870
-5.60244513 6.50725508 41.47244263
-5.52658606 6.60047913 40.56298828
-5.17413378 6.66680193 41.47739792
-5.07028580 6.71720982 40.59251022
-4.75481415 6.76696301 41.48626709
-4.61509418 6.77589417 40.63375092
-4.32738686 6.80828190 41.55634308
-4.15625620 6.78311491 40.68438721
-3.88125205 6.80916786 41.62484360
-4.06784201 6.76910686 42.46952438
-4.49968576 6.76721001 42.15565872
-4.49973392 6.65063286 42.81489563
-4.84630013 6.68692398 42.21231079
-4.89926910 6.54259777 42.80470276
-5.23943901 6.54275894 42.24436188
-5.24976015 6.32882309 42.94762039
-5.64479494 6.34266996 42.25808334
-5.67138195 6.12057877 42.86729431
-6.04547310 6.09014082 42.25903320
-6.01409292 5.80167580 42.97159576
-4.02854681 6.60046196 43.40053558
-3.60509706 6.73174906 43.06760406
-3.51426411 6.59802914 43.79681396
-3.19699907 6.68176794 43.48942184
-3.18796802 6.75132179 42.64345551
-3.63249803 6.79792595 42.34389496
-3.42696190 6.77455997 41.68788528
-3.69258499 6.74652100 40.73044968
-3.22428489 6.66994286 40.76739502
-2.74785805 6.55655718 40.79351807
-2.25657201 6.40929985 40.80337906
-2.48437595 6.59520388 41.81044006
-2.96317911 6.70091200 41.74832916
-2.72975492 6.69137383 42.52643585
-2.77185988 6.66522694 43.33695984
-2.36386490 6.58118916 43.84208298
-2.25349212 6.59511280 42.88153839
-1.97786200 6.45702219 41.85716248
-1.74274802 6.22946882 40.78915024
-1.19905198 6.01476097 40.74399567
-0.61466998 5.75702810 40.65615082
-0.85945702 6.09208822 41.89306641
-1.43834400 6.29184294 41.88376617
-1.71253800 6.46608496 42.73136902
-1.75006199 6.50150919 43.78609085
-1.15634501 6.34237385 43.05412292
-1.13931203 6.40702581 44.15184784
-0.63495702 6.28421783 43.82395935
-0.21719800 6.22280693 44.34573364
-0.06267300 6.06495285 43.37887573
-0.57720703 6.15402508 42.85398102
-0.18470700 5.84971714 41.94340515
0.31653801 5.80333710 42.61957550
0.49788401 5.47945213 41.52120972
-0.00383400 5.43914223 40.43589783
0.29405701 6.06906891 44.35972595
-6.44615078 6.02038717 41.44704437
-9.06446075 0.83177799 40.04434204
-8.91607857 0.22222900 40.35532379
-8.41674995 0.09988500 41.79374695
-6.86253119 -5.45448303 40.12083435
-5.00623798 -7.52104712 40.09673691
-4.35762882 -7.88230705 40.49028015
-3.80095291 -8.33320427 40.12905884
-3.07054710 -8.59853458 40.51468658
-2.39586997 -8.95988083 40.14509583
-2.90113306 -8.32588577 41.89810944
2.41736698 -8.54741478 43.45645142
2.80886006 -8.30735397 43.85488892
2.98094106 -8.57361221 42.79586792
2.50037289 -8.75258255 42.66062927
3.37614799 -8.15135384 43.68939209
4.02755213 -7.97208500 43.44506073
4.37224102 -7.59623480 43.93807602
4.92492294 -7.40716314 43.65148926
5.48070908 -7.26106310 43.20825195
5.79523277 -6.84346390 43.47854614
6.26410294 -6.63731194 43.12667084
6.50244284 -6.19638777 43.40049744
6.87765980 -6.01249695 43.07769775
7.19573307 -5.65330076 42.95885468
4.58012199 -8.93184757 39.06530762
5.13147402 -8.46694183 40.15505981
5.61190224 -8.03712654 40.92907715
6.24801111 -7.82633114 40.32907867
6.87749481 -7.56213188 39.72116089
7.16384315 -7.07709599 40.49088669
7.40071821 -6.62595701 41.06671906
7.82993078 -6.34039879 40.59610748
8.23422813 -5.98901701 40.16443634
7.78865385 0.17151700 42.77796936
7.50277376 0.45809701 43.16239166
7.35312414 0.76592100 43.01716614
7.73283291 0.37274501 42.53134918
7.59339190 0.66224498 42.19563675
7.21576023 1.14068604 42.31695557
6.91555309 1.48348200 42.44531250
6.83234215 1.48833799 42.97517014
6.56638908 1.80082905 42.91950226
6.15231991 2.13615799 43.49095917
5.84322882 2.47267890 43.41776276
5.50429201 2.80865312 43.36745453
5.93390512 2.43291306 42.69272614
6.28650522 2.09436798 42.77040100
6.74609709 1.66425502 42.17884064
7.11800909 1.12156403 42.95441818
6.95951319 1.09529400 43.57587433
2.69617701 4.86412907 43.74913788
