0 1 2
1 3 4
2 4 5
4 2 1
3 6 7
6 8 9
7 9 10
9 7 6
5 11 12
11 10 13
12 13 14
13 12 11
10 11 7
11 5 4
7 4 3
4 7 11
8 15 16
15 17 18
16 18 19
18 16 15
17 20 21
20 22 23
21 23 24
23 21 20
19 25 26
25 24 27
26 27 28
27 26 25
24 25 21
25 19 18
21 18 17
18 21 25
14 29 30
29 31 32
30 32 33
32 30 29
31 34 35
34 28 36
35 36 37
36 35 34
33 38 39
38 37 40
39 40 41
40 39 38
37 38 35
38 33 32
35 32 31
32 35 38
28 34 26
34 31 42
26 42 19
42 26 34
31 29 43
29 14 13
43 13 10
13 43 29
19 44 16
44 10 9
16 9 8
9 16 44
10 44 43
44 19 42
43 42 31
42 43 44
22 45 46
45 47 48
46 48 49
48 46 45
47 50 51
50 52 53
51 53 54
53 51 50
49 55 56
55 54 57
56 57 58
57 56 55
54 55 51
55 49 48
51 48 47
48 51 55
59 52 60
61 62 63
59 64 65
66 58 67
68 69 70
66 71 72
68 58 57
73 57 54
68 57 74
75 54 53
59 53 52
75 53 76
73 54 77
75 78 79
73 80 81
82 83 84
85 86 87
86 88 89
87 89 90
89 87 86
91 90 92
66 92 58
91 92 93
90 91 87
91 94 95
85 87 96
82 87 95
88 97 98
97 99 100
98 100 101
100 98 97
99 102 103
102 41 40
103 40 37
40 103 102
101 104 105
104 37 36
105 36 28
36 105 104
37 104 103
104 101 100
103 100 99
100 103 104
58 106 56
106 107 108
56 108 49
108 56 106
107 109 110
109 28 27
110 27 24
27 110 109
49 111 46
111 24 23
46 23 22
23 46 111
24 111 110
111 49 108
110 108 107
108 110 111
28 109 105
109 107 112
105 112 101
112 105 109
107 106 113
106 58 92
113 92 90
92 113 106
101 114 98
114 90 89
98 89 88
89 98 114
90 114 113
114 101 112
113 112 107
112 113 114
0 2 115
2 5 116
115 116 117
116 115 2
5 12 118
12 14 119
118 119 120
119 118 12
117 121 122
121 120 123
122 123 124
123 122 121
120 121 118
121 117 116
118 116 5
116 118 121
14 30 125
30 33 126
125 126 127
126 125 30
33 39 128
39 41 129
128 129 130
129 128 39
127 131 132
131 130 133
132 133 134
133 132 131
130 131 128
131 127 126
128 126 33
126 128 131
124 135 136
135 137 138
136 138 139
138 136 135
137 140 141
140 134 142
141 142 143
142 141 140
139 144 145
144 143 146
145 146 147
146 145 144
143 144 141
144 139 138
141 138 137
138 141 144
134 140 132
140 137 148
132 148 127
148 132 140
137 135 149
135 124 123
149 123 120
123 149 135
127 150 125
150 120 119
125 119 14
119 125 150
120 150 149
150 127 148
149 148 137
148 149 150
41 102 151
102 99 152
151 152 153
152 151 102
99 97 154
97 88 155
154 155 156
155 154 97
153 157 158
157 156 159
158 159 160
159 158 157
156 157 154
157 153 152
154 152 99
152 154 157
88 86 161
162 86 163
161 162 164
162 161 86
85 165 166
167 164 168
169 170 171
167 172 173
169 164 174
162 175 174
160 176 177
176 178 179
177 179 180
179 177 176
178 181 182
183 181 184
182 183 185
183 182 181
180 186 187
186 185 188
187 188 189
188 187 186
185 186 182
186 180 179
182 179 178
179 182 186
190 181 173
181 178 191
167 191 164
191 167 181
178 176 192
176 160 159
192 159 156
159 192 176
164 193 161
193 156 155
161 155 88
155 161 193
156 193 192
193 164 191
192 191 178
191 192 193
189 194 187
194 195 196
187 196 180
196 187 194
195 197 198
197 199 200
198 200 201
200 198 197
180 202 177
202 201 203
177 203 160
203 177 202
201 202 198
202 180 196
198 196 195
196 198 202
199 204 205
204 206 207
205 207 208
207 205 204
206 209 210
209 147 146
210 146 143
146 210 209
208 211 212
211 143 142
212 142 134
142 212 211
143 211 210
211 208 207
210 207 206
207 210 211
160 213 158
213 214 215
158 215 153
215 158 213
214 216 217
216 134 133
217 133 130
133 217 216
153 218 151
218 130 129
151 129 41
129 151 218
130 218 217
218 153 215
217 215 214
215 217 218
134 216 212
216 214 219
212 219 208
219 212 216
214 213 220
213 160 203
220 203 201
203 220 213
208 221 205
221 201 200
205 200 199
200 205 221
201 221 220
221 208 219
220 219 214
219 220 221
0 115 222
115 117 223
222 223 224
223 222 115
117 122 225
122 124 226
225 226 227
226 225 122
224 228 229
228 227 230
229 230 231
230 229 228
227 228 225
228 224 223
225 223 117
223 225 228
124 136 232
136 139 233
232 233 234
233 232 136
139 145 235
145 147 236
235 236 237
236 235 145
234 238 239
238 237 240
239 240 241
240 239 238
237 238 235
238 234 233
235 233 139
233 235 238
231 242 243
242 244 245
243 245 246
245 243 242
244 247 248
247 241 249
248 249 250
249 248 247
246 251 252
251 250 253
252 253 254
253 252 251
250 251 248
251 246 245
248 245 244
245 248 251
241 247 239
247 244 255
239 255 234
255 239 247
244 242 256
242 231 230
256 230 227
230 256 242
234 257 232
257 227 226
232 226 124
226 232 257
227 257 256
257 234 255
256 255 244
255 256 257
147 209 258
209 206 259
258 259 260
259 258 209
206 204 261
204 199 262
261 262 263
262 261 204
260 264 265
264 263 266
265 266 267
266 265 264
263 264 261
264 260 259
261 259 206
259 261 264
199 197 268
197 195 269
268 269 270
269 268 197
195 194 271
194 189 272
271 272 273
272 271 194
270 274 275
276 274 277
275 278 279
278 275 274
273 274 271
274 270 269
271 269 195
269 271 274
267 280 281
282 280 283
281 284 285
284 281 280
286 287 288
289 290 291
282 292 293
287 286 294
275 294 270
289 294 295
286 280 296
280 267 266
296 266 263
266 296 280
270 297 268
297 263 262
268 262 199
262 268 297
263 297 296
297 270 294
296 294 286
294 296 297
298 299 300
301 300 302
298 300 303
304 302 305
281 305 267
304 305 306
301 302 307
304 308 309
301 310 311
299 312 313
312 314 315
313 315 316
315 313 312
314 317 318
317 254 253
318 253 250
253 318 317
316 319 320
319 250 249
320 249 241
249 320 319
250 319 318
319 316 315
318 315 314
315 318 319
267 321 265
321 322 323
265 323 260
323 265 321
322 324 325
324 241 240
325 240 237
240 325 324
260 326 258
326 237 236
258 236 147
236 258 326
237 326 325
326 260 323
325 323 322
323 325 326
241 324 320
324 322 327
320 327 316
327 320 324
322 321 328
321 267 305
328 305 302
305 328 321
316 329 313
329 302 300
313 300 299
300 313 329
302 329 328
329 316 327
328 327 322
327 328 329
0 222 330
222 224 331
330 331 332
331 330 222
224 229 333
229 231 334
333 334 335
334 333 229
332 336 337
336 335 338
337 338 339
338 337 336
335 336 333
336 332 331
333 331 224
331 333 336
231 243 340
243 246 341
340 341 342
341 340 243
246 252 343
252 254 344
343 344 345
344 343 252
342 346 347
346 345 348
347 348 349
348 347 346
345 346 343
346 342 341
343 341 246
341 343 346
339 350 351
350 352 353
351 353 354
353 351 350
352 355 356
355 349 357
356 357 358
357 356 355
354 359 360
359 358 361
360 361 362
361 360 359
358 359 356
359 354 353
356 353 352
353 356 359
349 355 347
355 352 363
347 363 342
363 347 355
352 350 364
350 339 338
364 338 335
338 364 350
342 365 340
365 335 334
340 334 231
334 340 365
335 365 364
365 342 363
364 363 352
363 364 365
254 317 366
317 314 367
366 367 368
367 366 317
314 312 369
312 299 370
369 370 371
370 369 312
368 372 373
372 371 374
373 374 375
374 373 372
371 372 369
372 368 367
369 367 314
367 369 372
376 299 377
298 378 379
376 380 381
382 375 383
384 385 386
382 387 388
384 375 374
389 374 371
384 374 390
391 371 370
376 370 299
391 370 392
389 371 393
391 394 395
389 396 397
398 399 400
401 400 402
398 400 403
404 402 405
382 405 375
404 405 406
401 402 407
404 408 409
401 410 411
399 412 413
412 414 415
413 415 416
415 413 412
414 417 418
417 362 361
418 361 358
361 418 417
416 419 420
419 358 357
420 357 349
357 420 419
358 419 418
419 416 415
418 415 414
415 418 419
375 421 373
421 422 423
373 423 368
423 373 421
422 424 425
424 349 348
425 348 345
348 425 424
368 426 366
426 345 344
366 344 254
344 366 426
345 426 425
426 368 423
425 423 422
423 425 426
349 424 420
424 422 427
420 427 416
427 420 424
422 421 428
421 375 405
428 405 402
405 428 421
416 429 413
429 402 400
413 400 399
400 413 429
402 429 428
429 416 427
428 427 422
427 428 429
0 330 1
330 332 430
1 430 3
430 1 330
332 337 431
337 339 432
431 432 433
432 431 337
3 434 6
434 433 435
6 435 8
435 6 434
433 434 431
434 3 430
431 430 332
430 431 434
339 351 436
351 354 437
436 437 438
437 436 351
354 360 439
360 362 440
439 440 441
440 439 360
438 442 443
442 441 444
443 444 445
444 443 442
441 442 439
442 438 437
439 437 354
437 439 442
8 446 15
446 447 448
15 448 17
448 15 446
447 449 450
449 445 451
450 451 452
451 450 449
17 453 20
453 452 454
20 454 22
454 20 453
452 453 450
453 17 448
450 448 447
448 450 453
445 449 443
449 447 455
443 455 438
455 443 449
447 446 456
446 8 435
456 435 433
435 456 446
438 457 436
457 433 432
436 432 339
432 436 457
433 457 456
457 438 455
456 455 447
455 456 457
362 417 458
417 414 459
458 459 460
459 458 417
414 412 461
412 399 462
461 462 463
462 461 412
460 464 465
464 463 466
465 466 467
466 465 464
463 464 461
464 460 459
461 459 414
459 461 464
468 399 469
398 470 471
468 472 473
474 467 475
476 477 478
474 479 480
476 467 466
481 466 463
476 466 482
483 463 462
468 462 399
483 462 484
481 463 485
483 486 487
481 488 489
61 52 490
491 490 492
61 490 493
494 492 495
474 495 467
494 495 496
491 492 497
494 498 499
491 500 501
52 50 502
50 47 503
502 503 504
503 502 50
47 45 505
45 22 454
505 454 452
454 505 45
504 506 507
506 452 451
507 451 445
451 507 506
452 506 505
506 504 503
505 503 47
503 505 506
467 508 465
508 509 510
465 510 460
510 465 508
509 511 512
511 445 444
512 444 441
444 512 511
460 513 458
513 441 440
458 440 362
440 458 513
441 513 512
513 460 510
512 510 509
510 512 513
445 511 507
511 509 514
507 514 504
514 507 511
509 508 515
508 467 495
515 495 492
495 515 508
504 516 502
516 492 490
502 490 52
490 502 516
492 516 515
516 504 514
515 514 509
514 515 516
190 517 518
519 520 521
183 184 522
523 524 525
526 527 528
527 526 185
519 185 529
530 531 532
531 530 533
523 533 534
526 533 188
188 185 526
535 536 537
536 535 538
538 533 530
533 538 189
189 188 533
535 539 540
541 538 540
538 541 272
272 189 538
541 542 543
273 272 543
276 277 544
545 276 546
544 277 547
277 273 547
544 546 276
272 541 543
543 547 273
543 542 547
542 541 548
538 535 540
540 548 541
540 539 548
539 535 549
530 536 538
537 536 550
536 530 550
537 549 535
533 526 534
523 531 533
532 531 551
531 523 551
532 550 530
185 183 529
519 527 185
528 527 552
527 519 552
528 534 526
528 524 534
524 523 534
525 551 523
522 184 553
184 190 553
522 529 183
522 520 529
520 519 529
521 552 519
518 553 190
499 497 494
499 500 497
500 491 497
492 494 497
495 474 496
480 496 474
480 498 496
498 494 496
490 491 493
501 493 491
501 62 493
62 61 493
487 485 483
487 488 485
488 481 485
463 483 485
462 468 484
473 484 468
473 486 484
486 483 484
466 481 482
489 482 481
489 477 482
477 476 482
478 475 476
478 479 475
479 474 475
467 476 475
471 469 398
471 472 469
472 468 469
399 398 469
409 407 404
409 410 407
410 401 407
402 404 407
405 382 406
388 406 382
388 408 406
408 404 406
400 401 403
411 403 401
411 470 403
470 398 403
395 393 391
395 396 393
396 389 393
371 391 393
370 376 392
381 392 376
381 394 392
394 391 392
374 389 390
397 390 389
397 385 390
385 384 390
386 383 384
386 387 383
387 382 383
375 384 383
379 377 298
379 380 377
380 376 377
299 298 377
309 307 304
309 310 307
310 301 307
302 304 307
305 281 306
285 306 281
285 308 306
308 304 306
300 301 303
311 303 301
311 378 303
378 298 303
294 275 295
289 287 294
279 295 275
279 290 295
290 289 295
288 283 286
288 292 283
292 282 283
293 554 282
291 555 289
288 287 555
287 289 555
282 284 280
285 284 554
284 282 554
280 286 283
276 278 274
279 278 545
278 276 545
274 273 277
181 167 173
181 190 184
174 556 169
174 175 556
166 163 85
166 175 163
175 162 163
164 162 174
170 169 556
171 168 169
171 172 168
172 167 168
173 517 190
173 172 517
164 169 168
86 85 163
87 91 95
87 82 96
95 557 82
95 94 557
92 66 93
72 93 66
72 94 93
94 91 93
83 82 557
84 96 82
84 165 96
165 85 96
79 77 75
79 80 77
80 73 77
54 75 77
53 59 76
65 76 59
65 78 76
78 75 76
57 73 74
81 74 73
81 69 74
69 68 74
70 67 68
70 71 67
71 66 67
58 68 67
63 60 61
63 64 60
64 59 60
52 61 60
558 559 560
560 559 561
560 561 562
563 564 561
561 565 562
566 567 564
564 563 566
561 568 565
569 570 567
568 567 571
572 568 571
573 565 574
575 576 570
570 576 577
570 577 571
571 577 578
571 578 579
572 571 579
580 572 579
581 582 583
583 582 584
583 585 586
586 587 578
578 587 588
587 589 590
588 587 590
588 590 591
584 592 593
585 593 594
593 595 596
594 596 597
589 597 598
597 596 599
597 599 600
598 597 600
601 602 603
600 604 605
606 600 605
607 603 608
604 601 607
605 604 609
581 583 576
579 610 611
612 574 580
610 578 613
612 614 615
616 588 591
617 613 616
618 610 617
619 611 620
619 620 621
621 620 622
623 622 624
625 624 626
627 623 625
628 558 560
629 562 630
630 562 631
632 628 633
634 633 629
635 636 633
637 636 635
638 631 573
631 638 630
639 634 640
639 635 634
641 637 642
643 637 639
642 644 641
638 573 645
640 638 645
639 640 646
646 640 647
648 646 649
650 648 649
644 651 652
653 573 612
645 653 654
655 645 654
640 655 647
646 647 656
650 657 651
653 615 658
647 659 656
649 656 660
658 661 662
663 658 662
659 654 663
664 656 665
660 664 666
667 660 668
669 663 662
665 669 670
666 671 668
672 661 621
662 672 673
669 662 673
673 674 675
676 677 678
676 679 677
657 667 680
681 682 679
679 682 677
677 683 684
680 668 685
681 680 686
687 683 688
685 689 686
686 690 688
686 689 690
685 691 689
690 692 687
689 693 694
694 695 696
694 697 690
697 698 690
699 697 696
699 700 697
609 604 701
607 702 703
701 703 704
702 705 706
703 706 707
708 709 710
706 711 712
707 712 713
714 707 713
709 714 715
716 710 715
717 711 718
715 714 719
720 717 721
719 713 720
722 723 724
725 721 726
724 720 725
725 726 727
728 725 727
729 728 727
625 626 730
627 730 731
730 732 733
731 733 734
733 735 736
734 736 737
735 738 739
736 739 740
738 741 742
739 742 743
744 716 723
741 745 746
742 746 747
748 742 747
740 743 749
744 722 750
751 752 753
754 750 751
745 751 755
746 755 756
747 746 756
749 743 757
758 752 759
760 753 758
755 753 760
756 755 760
747 756 761
762 748 761
763 727 764
729 727 765
766 763 767
768 729 765
760 758 769
770 760 769
756 760 771
772 771 770
761 771 772
761 772 773
774 762 773
775 766 767
776 768 766
777 778 776
772 770 779
773 772 780
781 773 780
774 773 781
782 777 783
784 785 782
786 779 784
787 779 786
781 787 788
789 790 791
789 787 786
788 787 789
792 674 731
793 731 734
794 793 737
795 737 740
794 737 795
796 797 798
798 797 799
800 801 802
803 802 804
803 800 802
797 749 805
799 805 806
801 806 802
804 807 808
809 749 757
806 805 810
807 806 810
808 811 812
813 814 696
814 813 815
696 814 699
816 817 699
815 818 819
814 820 816
821 822 823
821 823 820
819 820 814
824 822 821
825 826 827
825 827 828
825 829 803
827 824 819
827 819 828
830 822 824
830 824 831
812 832 833
809 757 774
810 805 809
834 835 836
834 836 807
811 837 832
838 774 781
809 838 839
835 840 841
842 841 837
843 788 844
838 781 843
844 845 846
839 838 843
840 844 846
840 846 847
848 789 791
845 788 789
561 559 563
631 562 565
566 569 567
564 567 568
568 561 564
573 631 565
569 575 570
567 570 571
572 565 568
574 565 572
575 581 576
574 572 580
583 584 585
586 585 587
589 587 585
585 584 593
589 585 594
593 592 595
594 593 596
589 594 597
598 590 589
596 595 602
601 596 602
601 599 596
604 600 599
606 598 600
607 601 603
604 599 601
576 583 586
576 586 578
577 576 578
579 578 610
611 580 579
612 573 574
613 578 588
614 580 611
612 580 614
616 613 588
617 610 613
618 611 610
620 611 618
619 614 611
615 614 619
661 615 619
849 620 618
621 661 619
622 620 849
623 621 622
623 850 621
625 623 624
627 850 623
628 632 558
629 628 560
629 560 562
629 633 628
633 636 632
630 634 629
634 635 633
630 640 634
630 638 640
639 637 635
643 642 637
648 643 639
651 642 643
648 639 646
651 643 648
650 651 648
851 641 644
676 851 644
644 642 651
676 644 652
679 676 652
678 851 676
645 573 653
640 645 655
649 646 656
667 650 649
653 612 615
654 653 658
659 655 654
659 647 655
667 649 660
658 615 661
663 654 658
656 659 665
660 656 664
666 668 660
669 659 663
665 659 669
664 665 670
672 662 661
672 621 850
673 672 850
673 850 674
674 850 627
652 651 657
679 652 657
681 679 657
684 678 677
657 650 667
681 657 680
677 682 683
680 667 668
681 686 682
685 686 680
686 688 682
682 688 683
685 668 671
687 688 690
685 671 691
693 689 691
690 689 694
690 698 692
694 693 695
694 696 697
697 700 698
699 817 700
702 607 608
701 604 607
852 605 609
701 607 703
704 609 701
852 609 704
703 702 706
704 703 707
852 704 709
708 852 709
706 705 711
707 706 712
714 704 707
709 704 714
710 709 715
717 712 711
717 713 712
719 714 713
716 715 723
721 717 718
720 713 717
723 715 719
725 720 721
724 719 720
724 723 719
725 728 724
728 722 724
764 727 726
729 853 728
853 722 728
627 625 730
730 626 732
731 730 733
733 732 735
734 733 736
736 735 739
737 736 740
739 738 742
743 740 739
742 741 746
748 743 742
752 750 722
744 723 722
751 750 752
754 744 750
755 751 753
745 754 751
746 745 755
757 743 748
729 759 853
759 752 853
752 722 853
758 753 752
748 747 761
762 757 748
763 765 727
766 765 763
768 759 729
778 758 759
778 769 758
770 771 760
761 756 771
762 761 773
774 757 762
768 765 766
775 776 766
776 778 768
778 759 768
777 769 778
785 770 769
785 779 770
783 777 775
777 776 775
782 785 777
785 769 777
784 779 785
787 780 779
780 772 779
781 780 787
790 786 784
789 786 790
674 627 731
792 675 674
792 731 793
737 793 734
797 794 795
796 794 797
749 795 740
797 795 749
801 798 799
801 854 798
800 854 801
803 829 800
799 797 805
801 799 806
804 802 807
826 804 808
826 803 804
805 749 809
807 802 806
808 807 836
812 811 832
813 696 695
814 816 699
819 814 815
820 823 816
828 819 818
819 821 820
819 824 821
825 803 826
825 828 829
827 812 831
827 831 824
812 826 808
812 827 826
831 812 833
831 833 830
834 807 810
836 835 842
811 842 837
811 836 842
811 808 836
838 809 774
839 810 809
834 839 835
839 834 810
841 840 847
835 839 840
835 841 842
843 781 788
844 839 843
840 839 844
848 845 789
845 844 788
846 845 848
855 856 857
856 858 857
859 857 858
858 860 859
861 859 860
860 862 861
863 861 862
862 864 863
865 863 864
864 866 865
867 865 866
866 868 867
869 867 868
868 870 869
871 869 870
871 870 872
871 872 873
873 874 871
874 873 875
875 876 874
876 875 877
877 878 876
878 877 879
879 880 878
880 879 881
881 882 880
882 881 883
883 884 882
884 883 885
885 886 884
886 885 887
886 887 888
855 889 856
856 889 890
891 890 889
890 891 892
893 892 891
892 893 894
895 894 893
894 895 896
897 896 895
896 897 898
899 898 897
898 899 900
901 900 899
900 901 902
903 902 901
903 904 902
903 905 904
905 903 906
906 907 905
907 906 908
908 909 907
909 908 910
910 911 909
911 910 912
912 913 911
913 912 914
914 915 913
915 914 916
916 917 915
917 916 918
918 887 917
918 888 887
919 920 921
921 922 919
919 922 923
922 924 923
923 924 925
926 925 924
924 927 926
926 927 928
927 929 928
928 929 930
931 932 930
930 932 928
932 933 928
928 933 926
933 934 926
926 934 925
934 935 925
935 936 925
925 936 923
936 937 923
923 937 919
937 938 919
919 938 920
939 920 938
938 940 939
940 938 941
942 941 938
938 937 942
942 937 943
937 936 943
943 936 944
936 935 944
934 944 935
944 934 945
934 933 945
945 933 946
933 932 946
946 932 947
948 947 932
932 931 948
941 886 940
940 886 888
886 941 884
882 884 941
941 942 882
882 942 880
878 880 942
942 943 878
878 943 876
874 876 943
943 944 874
874 944 871
869 871 944
944 945 869
869 945 867
865 867 945
945 946 865
865 946 863
861 863 946
946 947 861
861 947 859
857 859 947
947 948 857
855 857 948
949 921 920
921 949 950
949 951 950
950 951 952
951 953 952
954 952 953
952 954 955
954 956 955
955 956 929
956 930 929
931 930 957
930 956 957
957 956 958
956 954 958
958 954 959
954 953 959
959 953 960
960 953 961
953 951 961
961 951 962
951 949 962
962 949 963
949 920 963
939 963 920
963 939 940
940 964 963
965 963 964
963 965 962
965 966 962
962 966 961
966 967 961
961 967 960
959 960 967
967 968 959
959 968 958
968 969 958
958 969 957
969 970 957
948 957 970
957 948 931
964 940 918
940 888 918
918 916 964
914 964 916
964 914 965
914 912 965
910 965 912
965 910 966
910 908 966
906 966 908
966 906 967
906 903 967
901 967 903
967 901 968
901 899 968
897 968 899
968 897 969
897 895 969
893 969 895
969 893 970
893 891 970
889 970 891
970 889 948
855 948 889
971 972 973
971 973 974
975 974 973
972 975 973
971 974 955
952 955 974
950 952 974
974 975 950
950 975 921
922 921 975
975 972 922
922 972 924
927 924 972
972 971 927
927 971 929
955 929 971
885 815 813
883 818 815
879 818 881
877 828 879
873 829 875
872 800 873
870 854 872
868 854 870
866 798 868
866 796 798
864 794 796
860 793 794
858 792 793
856 675 792
892 673 675
896 669 673
900 670 669
904 664 670
905 666 664
907 671 666
898 900 669
915 695 693
887 813 695
885 883 815
883 881 818
879 828 818
877 829 828
877 875 829
873 800 829
872 854 800
868 798 854
866 864 796
864 862 794
862 860 794
860 858 793
858 856 792
856 890 675
890 892 675
892 894 673
894 896 673
896 898 669
691 671 909
900 902 670
902 904 670
904 905 664
905 907 666
909 671 907
911 691 909
913 693 911
913 915 693
915 917 695
917 887 695
887 885 813
693 691 911
976 977 978
977 979 978
978 979 980
979 981 980
980 981 982
982 981 983
981 984 983
983 984 985
984 986 985
985 986 987
986 988 987
987 988 989
988 990 989
989 990 991
990 992 991
991 992 993
992 994 993
993 994 995
995 994 996
994 997 996
996 997 998
997 999 998
998 999 1000
1000 999 1001
999 1002 1001
1001 1002 1003
1003 1002 1004
1002 1005 1004
1004 1005 1006
1005 1007 1006
1006 1007 1008
1007 1009 1008
1008 1009 1010
1009 1011 1010
1010 1011 1012
1011 1013 1012
1012 1013 1014
1013 1015 1014
1014 1015 1016
1015 1017 1016
1017 1018 1016
1016 1018 1019
976 1020 977
977 1020 1021
1020 1022 1021
1021 1022 1023
1022 1024 1023
1024 1025 1023
1023 1025 1026
1025 1027 1026
1026 1027 1028
1027 1029 1028
1028 1029 1030
1029 1031 1030
1030 1031 1032
1031 1033 1032
1032 1033 1034
1033 1035 1034
1034 1035 1036
1035 1037 1036
1037 1038 1036
1036 1038 1039
1038 1040 1039
1039 1040 1041
1040 1042 1041
1042 1043 1041
1041 1043 1044
1043 1045 1044
1045 1046 1044
1044 1046 1047
1046 1048 1047
1047 1048 1049
1048 1050 1049
1049 1050 1051
1050 1052 1051
1051 1052 1053
1052 1054 1053
1053 1054 1055
1054 1056 1055
1055 1056 1057
1056 1058 1057
1057 1058 1059
1059 1058 1018
1058 1019 1018
998 1000 1060
998 1060 996
1060 1061 996
996 1061 995
1062 1063 993
1061 1062 995
993 995 1062
1064 1065 1066
1001 1003 1066
1066 1003 1067
1003 1004 1067
1066 1067 1064
1067 1068 1064
1064 1068 1069
1070 1069 1068
1068 1071 1070
1072 1070 1071
1071 1068 1073
1068 1067 1073
1073 1067 1074
1067 1004 1074
1004 1006 1074
1075 1072 1071
1072 1075 1076
1075 1071 1077
1071 1073 1077
1006 1078 1074
1006 1008 1078
1073 1074 1077
1078 1077 1074
1076 1075 1079
1080 1076 1079
1079 1075 1081
1075 1077 1081
1008 1082 1078
1008 1010 1082
1077 1078 1082
1082 1081 1077
1080 1079 1083
1084 1080 1083
1085 1079 1081
1083 1079 1085
1081 1082 1086
1086 1085 1081
1010 1012 1082
1086 1082 1012
1012 1014 1086
1087 1086 1014
1086 1088 1085
1086 1087 1088
1083 1085 1088
1088 1089 1083
1083 1089 1084
1090 1084 1089
1090 1089 1091
1092 1090 1091
1089 1088 1093
1093 1091 1089
1094 1088 1087
1093 1088 1094
1014 1016 1087
1087 1016 1094
1016 1019 1094
993 1063 991
1063 1095 991
1096 1095 1063
989 991 1095
1095 1097 989
1095 1096 1097
987 989 1097
1097 1098 987
985 987 1098
1096 1099 1097
1099 1098 1097
1098 1100 985
985 1100 983
1099 1101 1098
1100 1098 1101
1101 1102 1100
1102 1103 1100
1100 1103 983
982 983 1103
1103 1104 982
982 1104 980
1102 1105 1103
1104 1103 1105
980 1104 1106
978 980 1106
1105 1107 1104
1107 1106 1104
1107 1108 1106
1108 1109 1106
1106 1109 978
976 978 1109
1060 1000 1110
1065 1060 1110
1000 1001 1110
1065 1110 1066
1066 1110 1001
1040 1111 1042
1040 1038 1111
1111 1038 1112
1038 1037 1112
1113 1035 1114
1112 1037 1113
1035 1113 1037
1115 1116 1117
1043 1116 1045
1116 1118 1045
1045 1118 1046
1116 1115 1118
1118 1115 1119
1115 1120 1119
1121 1119 1120
1119 1121 1122
1123 1122 1121
1122 1124 1119
1119 1124 1118
1124 1125 1118
1118 1125 1046
1046 1125 1048
1126 1122 1123
1123 1127 1126
1126 1128 1122
1122 1128 1124
1048 1125 1129
1048 1129 1050
1124 1128 1125
1129 1125 1128
1127 1130 1126
1131 1130 1127
1130 1132 1126
1126 1132 1128
1050 1129 1133
1050 1133 1052
1128 1133 1129
1133 1128 1132
1131 1134 1130
1135 1134 1131
1136 1132 1130
1134 1136 1130
1132 1137 1133
1137 1132 1136
1052 1133 1054
1137 1054 1133
1054 1137 1056
1138 1056 1137
1137 1136 1139
1137 1139 1138
1134 1139 1136
1139 1134 1140
1134 1135 1140
1141 1140 1135
1141 1091 1140
1092 1091 1141
1140 1093 1139
1093 1140 1091
1094 1138 1139
1093 1094 1139
1056 1138 1058
1138 1094 1058
1058 1094 1019
1035 1033 1114
1114 1033 1142
1143 1114 1142
1031 1142 1033
1142 1031 1144
1142 1144 1143
1029 1144 1031
1144 1029 1145
1027 1145 1029
1143 1144 1146
1146 1144 1145
1145 1027 1147
1027 1025 1147
1146 1145 1148
1147 1148 1145
1148 1147 1149
1149 1147 1150
1147 1025 1150
1024 1150 1025
1150 1024 1151
1024 1022 1151
1149 1150 1152
1151 1152 1150
1022 1153 1151
1020 1153 1022
1152 1151 1154
1154 1151 1153
1154 1153 1108
1108 1153 1109
1153 1020 1109
976 1109 1020
1111 1155 1042
1117 1155 1111
1042 1155 1043
1117 1116 1155
1116 1043 1155
1060 1156 1061
1065 1156 1060
1061 1156 1062
1064 1156 1065
1062 1156 1069
1064 1069 1156
1062 1069 1063
1069 1070 1063
1063 1070 1096
1070 1072 1096
1096 1072 1099
1072 1076 1099
1099 1076 1101
1076 1080 1101
1101 1080 1102
1080 1084 1102
1102 1084 1105
1084 1090 1105
1105 1090 1107
1090 1092 1107
1107 1092 1108
1111 1112 1157
1117 1111 1157
1112 1113 1157
1115 1117 1157
1113 1120 1157
1115 1157 1120
1113 1114 1120
1120 1114 1121
1114 1143 1121
1121 1143 1123
1143 1146 1123
1123 1146 1127
1146 1148 1127
1127 1148 1131
1148 1149 1131
1131 1149 1135
1149 1152 1135
1135 1152 1141
1152 1154 1141
1141 1154 1092
1154 1108 1092
852 979 977
732 1017 1015
626 1018 1017
624 1059 626
624 1055 1057
624 1053 1055
1053 624 1051
622 1049 1051
849 1047 1049
1023 1026 598
999 745 741
1041 617 1039
1039 617 1036
1041 1044 618
1044 1047 849
738 1005 1002
745 997 994
1028 590 1026
708 981 979
616 591 1032
1021 605 977
852 977 605
1021 1023 606
988 716 744
1028 1030 591
988 986 716
990 988 744
1034 1036 616
754 994 992
590 598 1026
745 999 997
1002 999 741
617 616 1036
735 1007 738
735 732 1009
732 1013 1011
732 1015 1013
732 626 1017
626 1059 1018
624 1057 1059
732 1011 1009
622 849 1049
618 1044 849
617 1041 618
1034 616 1032
990 744 754
590 1028 591
624 622 1051
606 1023 598
605 1021 606
852 708 979
708 710 981
710 716 984
716 986 984
992 990 754
754 745 994
1030 1032 591
741 738 1002
738 1007 1005
735 1009 1007
710 984 981
553 1158 522
1158 553 1159
553 518 1159
1159 518 1160
1160 518 1161
1161 518 517
1161 517 1162
1162 517 172
172 171 1162
1162 171 1163
1163 171 170
1163 170 1164
1164 170 1165
170 556 1165
1165 556 1166
1166 556 175
175 166 1166
1166 166 1167
1167 166 165
165 1168 1167
1167 1168 1169
1169 1168 1170
1168 1171 1170
1170 1171 1172
1171 1173 1172
1173 1174 1172
1172 1174 1175
1174 1176 1175
1176 1177 1175
1175 1177 1178
1177 823 1178
823 1179 1178
1179 1180 1178
1180 1175 1178
1180 1172 1175
1180 1170 1172
1170 1180 1181
1180 1179 1181
1179 1182 1181
1182 1183 1181
1183 1169 1181
1181 1169 1170
1169 1183 1184
1183 1185 1184
1185 1186 1184
1186 1166 1184
1184 1166 1167
1167 1169 1184
1186 1165 1166
1186 1187 1165
1187 1164 1165
1164 1187 1188
1188 1187 1189
1187 1190 1189
1189 1190 1191
1190 1192 1191
1192 830 1191
830 1193 1191
1193 1189 1191
1193 1194 1189
1194 1188 1189
1194 1195 1188
1188 1195 1163
1195 1162 1163
1162 1195 1196
1196 1195 1197
1195 1194 1197
1197 1194 1198
1194 1193 1198
1193 833 1198
833 1199 1198
1199 1197 1198
1199 1200 1197
1200 1196 1197
1200 1201 1196
1196 1201 1161
1201 1160 1161
1160 1201 1202
1202 1201 1203
1201 1200 1203
1203 1200 1204
1200 1199 1204
1199 833 1204
833 832 1204
1204 832 1205
1205 832 1206
1206 832 837
1206 837 1207
1207 837 1208
837 841 1208
841 1209 1208
1208 1209 1210
1210 1209 1211
1211 1209 1212
1212 1209 841
841 847 1212
1212 847 1213
847 1214 1213
1213 1214 1215
1215 1214 1216
1216 1214 1217
1217 1214 847
1217 847 846
1217 846 848
848 1218 1217
1217 1218 1219
1218 1220 1219
1220 1221 1219
1219 1221 1222
1222 1221 1223
1221 1224 1223
1223 1224 551
551 1224 532
532 1224 1225
1225 1224 1226
1224 1221 1226
1226 1221 1220
1220 1227 1226
1227 1228 1226
1226 1228 1225
1228 1229 1225
1225 1229 550
550 1229 537
537 1229 1230
1230 1229 1231
1229 1228 1231
1231 1228 1232
1228 1227 1232
1232 1227 1233
1227 1234 1233
1234 791 1233
1233 791 790
790 1235 1233
1233 1235 1232
1235 1236 1232
1236 1231 1232
1236 1237 1231
1231 1237 1230
1237 1238 1230
1230 1238 549
549 1238 1239
1239 1238 1240
1238 1237 1240
1240 1237 1241
1237 1236 1241
1236 1242 1241
1241 1242 1243
1242 1244 1243
1244 784 1243
1243 784 782
782 1245 1243
1243 1245 1246
1245 1247 1246
1247 1248 1246
1246 1248 1240
1240 1248 1239
1248 1249 1239
1249 539 1239
539 549 1239
539 1249 548
548 1249 1250
1250 1249 1251
1249 1248 1251
1251 1248 1247
1247 1252 1251
1252 1253 1251
1251 1253 1250
1253 1254 1250
1254 542 1250
542 548 1250
542 1254 547
547 1254 544
1254 1255 544
1255 546 544
1255 1256 546
546 1256 1257
1257 1256 1258
1258 1256 1259
1259 1256 1260
1256 1255 1260
1260 1255 1253
1255 1254 1253
1260 1253 1261
1253 1252 1261
1261 1252 1262
1252 1263 1262
1263 783 1262
1262 783 1264
1264 783 775
775 1265 1264
1264 1265 1266
1265 1267 1266
1267 1259 1266
1266 1259 1260
1260 1261 1266
1266 1261 1262
1262 1264 1266
1259 1267 1258
1267 1268 1258
1258 1268 1269
1269 1268 1270
1268 1271 1270
1270 1271 1272
1271 1273 1272
1272 1273 1274
1273 1275 1274
1274 1275 1276
1275 1277 1276
1276 1277 1278
1277 1279 1278
1278 1279 1280
1279 1281 1280
1280 1281 1282
1281 1283 1282
1283 1284 1282
1282 1284 1285
1284 1286 1285
1286 1287 1285
1285 1287 1288
1287 1289 1288
1289 1290 1288
1288 1290 309
309 1290 310
1290 1291 310
1291 311 310
311 1291 1292
1292 1291 1293
1291 1294 1293
1293 1294 1295
1294 1296 1295
1295 1296 1297
1296 1298 1297
1298 705 1297
1297 705 1299
705 702 1299
702 1300 1299
1300 1301 1299
1301 1302 1299
1302 1297 1299
1302 1295 1297
1295 1302 1293
1293 1302 1301
1301 1303 1293
1293 1303 1304
1303 1305 1304
1305 1306 1304
1304 1306 379
1306 380 379
380 1306 1307
1306 1305 1307
1307 1305 1308
1308 1305 1309
1305 1310 1309
1309 1310 1311
1310 1301 1311
1301 1300 1311
1300 608 1311
1311 608 1312
608 603 1312
1312 603 602
602 1313 1312
1312 1313 1309
1313 1314 1309
1309 1314 1308
1308 1314 1315
1315 1314 1316
1316 1314 1313
1316 1313 1317
1317 1313 602
602 595 1317
595 1318 1317
1317 1318 1316
1316 1318 1319
1319 1318 1320
1320 1318 1321
1321 1318 595
1321 595 592
592 1322 1321
1321 1322 1320
1322 1323 1320
1320 1323 1324
1324 1323 1325
1325 1323 1326
1326 1323 1322
1326 1322 1327
1327 1322 592
1327 592 584
584 1328 1327
1328 1326 1327
1328 1329 1326
1329 1325 1326
1325 1329 1330
1330 1329 1331
1331 1329 1328
1331 1328 1332
1332 1328 584
1332 584 582
1332 582 1333
582 1334 1333
1334 1335 1333
1333 1335 1336
1335 1337 1336
1337 1338 1336
1338 1331 1336
1331 1333 1336
1331 1332 1333
1331 1338 1330
1330 1338 1339
1338 1337 1339
1337 1340 1339
1339 1340 386
1340 387 386
387 1340 1341
1340 1337 1341
1341 1337 1342
1342 1337 1335
1335 1343 1342
1342 1343 1344
1344 1343 1345
1345 1343 1335
1335 1334 1345
1334 581 1345
581 1346 1345
1346 1344 1345
1344 1346 1347
1346 575 1347
575 1348 1347
1348 1349 1347
1347 1349 1350
1349 1351 1350
1350 1351 1352
1352 1351 1353
1351 1354 1353
1354 1355 1353
1353 1355 409
409 1355 410
1355 1356 410
1356 411 410
411 1356 1357
1357 1356 1358
1356 1359 1358
1358 1359 1360
1360 1359 1361
1361 1359 1354
1354 1359 1356
1354 1356 1355
1354 1362 1361
1362 1363 1361
1363 1360 1361
1360 1363 1364
1364 1363 569
1363 1365 569
1365 1348 569
569 1348 575
1365 1349 1348
1349 1365 1362
1362 1365 1363
1362 1354 1349
1354 1351 1349
1364 569 566
1364 566 1366
566 1367 1366
1367 1368 1366
1366 1368 1369
1368 1358 1369
1358 1360 1369
1360 1366 1369
1360 1364 1366
1368 1370 1358
1358 1370 1371
1370 1372 1371
1372 1373 1371
1371 1373 471
1373 472 471
472 1373 1374
1373 1372 1374
1374 1372 1375
1375 1372 1376
1372 1377 1376
1377 1378 1376
1376 1378 1379
1379 1378 559
1378 1380 559
1380 563 559
563 1380 1367
1380 1368 1367
1368 1380 1381
1381 1380 1378
1381 1378 1377
1377 1372 1381
1372 1370 1381
1381 1370 1368
563 1367 566
559 558 1379
558 1382 1379
1379 1382 1376
1376 1382 1383
1383 1382 1384
1384 1382 1385
1385 1382 558
1385 558 632
632 1386 1385
1386 1384 1385
1384 1386 1387
1387 1386 1388
1388 1386 1389
1389 1386 632
1389 632 636
636 1390 1389
1390 1388 1389
1388 1390 1391
1391 1390 1392
1392 1390 1393
1393 1390 636
636 1394 1393
1393 1394 1392
1392 1394 1395
1395 1394 1396
1396 1394 1397
1394 636 1397
1397 636 637
637 641 1397
641 1398 1397
1398 1396 1397
1396 1398 1399
1399 1398 1400
1400 1398 1401
1401 1398 641
641 1402 1401
1401 1402 1400
1402 1403 1400
1403 1404 1400
1400 1404 1405
1404 1406 1405
1406 1407 1405
1405 1407 1408
1408 1407 1409
1407 1410 1409
1410 1411 1409
1409 1411 1392
1392 1411 1391
1411 1412 1391
1391 1412 1388
1388 1412 1413
1413 1412 1414
1412 1411 1414
1414 1411 1415
1411 1410 1415
1415 1410 489
1410 477 489
477 1410 1407
1407 478 477
1407 1406 478
1406 479 478
479 1406 1416
1416 1406 1404
1404 1417 1416
1416 1417 1418
1418 1417 1419
1419 1417 1420
1417 1403 1420
1403 1421 1420
1420 1421 1422
1422 1421 851
1421 641 851
1421 1402 641
1402 1421 1403
851 1423 1422
1422 1423 1424
1423 1425 1424
1425 1426 1424
1424 1426 1419
1419 1426 1427
1426 1428 1427
1427 1428 499
499 1428 500
1428 1429 500
1429 501 500
501 1429 1430
1429 1431 1430
1431 1432 1430
1430 1432 1433
1432 1434 1433
1433 1434 1435
1434 1436 1435
1435 1436 1437
1436 1438 1437
1437 1438 1439
1439 1438 1440
1440 1438 1441
1438 1442 1441
1441 1442 1443
1442 1444 1443
1443 1444 1445
1444 1446 1445
1445 1446 1447
1446 1448 1447
1447 1448 1449
1448 1450 1449
1449 1450 1451
1450 1425 1451
1451 1425 1423
1423 851 1451
1451 851 678
678 1449 1451
1449 678 1447
1447 678 684
684 1445 1447
1445 684 1443
684 1452 1443
1452 1441 1443
1441 1452 1453
1453 1452 1454
1454 1452 683
683 1452 684
683 687 1454
687 1455 1454
1455 1453 1454
1455 1456 1453
1456 1457 1453
1457 1441 1453
1457 1440 1441
1457 1458 1440
1440 1458 1459
1458 1460 1459
1459 1460 79
79 1460 80
1460 1461 80
1461 81 80
81 1461 1462
1462 1461 1463
1461 1464 1463
1463 1464 1465
1464 1456 1465
1465 1456 1466
1456 1455 1466
1455 687 1466
687 1467 1466
1467 1468 1466
1468 1465 1466
1468 1463 1465
1468 1469 1463
1469 1462 1463
1469 1470 1462
1462 1470 69
1470 70 69
1470 1471 70
1471 71 70
71 1471 1472
1472 1471 1473
1473 1471 1474
1471 1470 1474
1474 1470 1469
1474 1469 1475
1469 1468 1475
1468 1476 1475
1475 1476 1477
1477 1476 1478
1478 1476 698
698 1476 692
1476 1467 692
1467 687 692
1476 1468 1467
698 700 1478
1478 700 1479
700 1480 1479
1480 1481 1479
1481 1482 1479
1482 1477 1479
1477 1478 1479
1482 1473 1477
1477 1473 1474
1474 1475 1477
1473 1482 1483
1483 1482 1481
1481 1484 1483
1483 1484 1485
1484 1174 1485
1174 1173 1485
1173 83 1485
83 557 1485
1485 557 1486
557 94 1486
1486 94 72
1486 72 1472
1472 72 71
1486 1472 1483
1472 1473 1483
1483 1485 1486
83 1173 1171
1171 84 83
84 1171 1168
84 1168 165
1174 1484 1176
1484 1481 1176
1481 1487 1176
1176 1487 1177
1177 1487 816
816 1487 817
1487 1480 817
1480 700 817
1480 1487 1481
1177 816 823
69 81 1462
1456 1464 1458
1464 1460 1458
1460 1464 1461
1458 1457 1456
1459 79 78
1459 78 1439
1439 78 65
1439 65 1437
1437 65 64
64 1435 1437
64 63 1435
1435 63 1433
1433 63 62
62 1430 1433
62 501 1430
1459 1439 1440
1450 1488 1425
1425 1488 1426
1488 1428 1426
1428 1488 1429
1488 1431 1429
1488 1450 1431
1450 1448 1431
1431 1448 1432
1432 1448 1446
1432 1446 1434
1434 1446 1444
1434 1444 1436
1436 1444 1442
1436 1442 1438
1427 499 498
1427 498 1418
1418 498 480
1418 480 1416
1416 480 479
1427 1418 1419
1419 1420 1424
1420 1422 1424
1403 1417 1404
1415 489 488
488 1414 1415
488 487 1414
1414 487 1489
1489 487 486
1489 486 1490
1490 486 473
1490 473 1374
1374 473 472
1490 1374 1491
1374 1375 1491
1491 1375 1383
1383 1375 1376
1491 1383 1384
1491 1384 1387
1387 1413 1491
1413 1490 1491
1413 1489 1490
1413 1414 1489
1413 1387 1388
1409 1392 1395
1409 1395 1396
1396 1408 1409
1408 1396 1399
1399 1405 1408
1405 1399 1400
1371 471 470
1371 470 1357
470 411 1357
1357 1358 1371
1353 409 408
1353 408 1492
1492 408 388
1492 388 1341
1341 388 387
1492 1341 1352
1341 1342 1352
1352 1342 1344
1344 1350 1352
1344 1347 1350
1352 1353 1492
575 1346 581
1334 582 581
1339 386 385
1339 385 1493
385 397 1493
397 1494 1493
1493 1494 1330
1494 1325 1330
1494 1324 1325
1324 1494 1495
1495 1494 396
1494 397 396
396 395 1495
1495 395 1496
1496 395 394
1496 394 1497
1497 394 381
1497 381 1307
1307 381 380
1497 1307 1315
1307 1308 1315
1315 1496 1497
1315 1498 1496
1498 1324 1496
1324 1495 1496
1498 1320 1324
1320 1498 1319
1319 1498 1315
1315 1316 1319
1330 1339 1493
1309 1311 1312
608 1300 702
1301 1310 1303
1303 1310 1305
1304 379 378
1304 378 1292
378 311 1292
1292 1293 1304
1298 711 705
1298 1499 711
711 1499 1500
1500 1499 1501
1499 1502 1501
1501 1502 1289
1289 1502 1296
1296 1502 1499
1296 1499 1298
1289 1296 1294
1289 1294 1291
1289 1291 1290
1289 1287 1501
1501 1287 1286
1286 1503 1501
1501 1503 1500
1500 1503 718
718 1503 721
721 1503 1504
1504 1503 1286
1504 1286 1284
1504 1284 1283
1283 1505 1504
1505 721 1504
1505 726 721
726 1505 1506
1505 1283 1506
1283 1281 1506
1281 1507 1506
1507 764 1506
764 726 1506
764 1507 1508
1508 1507 1277
1277 1507 1279
1279 1507 1281
1277 1509 1508
1509 763 1508
1508 763 764
763 1509 1510
1510 1509 1273
1509 1275 1273
1275 1509 1277
1273 1511 1510
1511 767 1510
1510 767 763
767 1511 1512
1512 1511 1271
1271 1511 1273
1512 1271 1268
1512 1268 1267
1267 1265 1512
1512 1265 767
1265 775 767
718 711 1500
1288 309 308
1288 308 1513
1513 308 285
1513 285 554
1513 554 1514
554 293 1514
1514 293 1515
1515 293 1516
1516 293 292
1516 292 1517
292 288 1517
1517 288 555
1517 555 1518
555 291 1518
1518 291 1519
1519 291 1520
1520 291 290
1520 290 1521
1521 290 279
1521 279 545
545 1257 1521
1257 1269 1521
1269 1520 1521
1269 1270 1520
1270 1519 1520
1519 1270 1272
1272 1274 1519
1519 1274 1518
1274 1276 1518
1518 1276 1517
1276 1516 1517
1276 1278 1516
1278 1515 1516
1278 1280 1515
1280 1282 1515
1515 1282 1514
1282 1285 1514
1514 1285 1513
1285 1288 1513
1257 1258 1269
545 546 1257
1263 1245 783
1245 782 783
1245 1263 1247
1263 1252 1247
1240 1241 1246
1241 1243 1246
1244 790 784
1244 1242 790
790 1242 1235
1235 1242 1236
549 537 1230
1234 848 791
848 1234 1218
1218 1234 1220
1234 1227 1220
550 532 1225
551 525 1223
525 1522 1223
1223 1522 1222
1522 1523 1222
1222 1523 1216
1523 1215 1216
1215 1523 1524
1523 1525 1524
1524 1525 1526
1526 1525 524
1525 525 524
525 1525 1522
1522 1525 1523
524 528 1526
528 552 1526
1526 552 1527
552 521 1527
521 1528 1527
1527 1528 1529
1528 1530 1529
1529 1530 1210
1530 1531 1210
1210 1531 1208
1531 1207 1208
1531 1532 1207
1207 1532 1206
1206 1532 1533
1532 1534 1533
1533 1534 1202
1202 1534 1159
1534 1158 1159
1534 1535 1158
1158 1535 1536
1535 1530 1536
1536 1530 1528
1536 1528 521
1536 521 520
520 1158 1536
1158 520 522
1530 1535 1531
1535 1532 1531
1532 1535 1534
1159 1160 1202
1202 1203 1533
1203 1205 1533
1533 1205 1206
1203 1204 1205
1210 1211 1529
1211 1537 1529
1529 1537 1527
1537 1526 1527
1537 1524 1526
1524 1537 1538
1537 1211 1538
1211 1212 1538
1538 1212 1213
1213 1215 1538
1215 1524 1538
1222 1216 1219
1216 1217 1219
1161 1162 1196
1193 830 833
1163 1164 1188
1192 1539 830
830 1539 822
822 1539 1182
1182 1539 1183
1183 1539 1185
1185 1539 1192
1192 1190 1185
1190 1186 1185
1190 1187 1186
822 1182 1179
822 1179 823
