-1.72456098 1.01429999 3.06793690
-2.35535693 2.48046303 4.03527212
-0.23593900 1.69850397 3.66056299
-3.01393294 3.84547210 6.28451586
-0.84489000 3.25002909 5.25526619
1.08569300 2.15854311 5.50183487
-3.60664511 4.82833719 9.40952206
-1.55891597 4.45313883 7.78562307
-4.10901022 5.42302418 13.08687019
-2.28557801 5.17837191 11.07442474
-0.42888099 4.45251799 10.13259506
0.35192701 3.53613400 7.47311783
1.98341000 2.20475507 8.37141800
1.16713905 3.28045988 10.51835346
2.56987405 1.94212103 11.75024986
-4.51095819 5.78468609 16.96237564
-2.97089100 5.52250004 14.89577484
-4.83145094 6.16093588 20.71193886
-3.51253009 5.77356005 18.83047676
-1.94580400 5.16846418 17.31444550
-5.03919220 6.75673914 24.07145309
-3.94212699 6.22565889 22.54831696
-5.12838507 7.50829983 26.69477844
-4.23297310 6.97994995 25.79644775
-2.96453500 6.18768978 24.74949074
-2.50971293 5.52144003 21.14472198
-0.93188101 4.71170807 20.02085495
-1.46689403 5.30444193 23.65365219
0.05765000 4.37932301 22.78192520
1.76353204 2.70187402 13.94798946
3.10135889 1.69706297 15.06445885
1.11698401 3.27956200 16.47626877
2.37285495 2.41911292 17.13808250
3.62421393 1.70863199 18.09097290
0.55217898 3.81006503 19.43723488
1.81271601 3.08097291 19.48541641
1.40253901 3.60209894 22.28078842
2.56406808 2.97753096 22.23432732
2.94763303 2.44519496 20.02522087
4.09805584 1.82556999 20.89775085
3.62178993 2.34901905 22.67846680
4.53718710 1.78251600 23.16939735
-0.30082500 4.30952883 16.40844154
0.40928599 3.90304589 13.16687965
-1.20995104 4.92295599 13.45151901
-5.64315224 8.57234001 28.51558685
-4.55332088 8.35853386 28.51592064
-6.18560219 9.36434460 30.84420776
-4.96450281 9.37394428 30.93608475
-3.71828103 8.88597870 30.74617386
-6.72010899 9.86030483 33.45114136
-5.45931721 10.08201504 33.54577637
-6.97985506 9.47471237 36.14881134
-5.79968214 9.88631439 36.25275803
-4.56273079 9.89421844 36.25540543
-4.17933416 9.84286499 33.46594620
-2.84956598 9.10012722 33.22773743
-3.25853896 9.47770596 36.14077377
-1.86891496 8.65201664 35.89071274
-6.19366312 9.72805500 37.96829987
-6.71616220 9.48203182 38.17645264
-7.28345919 9.13591099 37.86828613
-7.27622890 8.87267303 39.29758453
-6.78463697 9.24785233 39.33542633
-6.26863909 9.53902435 39.37062836
-5.72981310 9.74093056 39.40304565
-0.96367401 8.29340363 37.57427979
-1.69184399 8.82146645 38.00701523
-2.42891097 9.21411705 37.85573578
-2.65735602 9.39070129 39.40014648
-1.95146096 9.05470276 39.33731079
-1.20624900 8.63459396 39.23196411
-0.42329299 8.13937283 39.06109619
-3.77531004 9.77602768 37.98472977
-3.09735894 9.55885887 38.19325256
-5.02469921 9.94785118 38.01421356
-5.59345484 9.89227295 38.24911499
-4.39017582 9.92077637 38.26189041
-5.16593695 9.85249710 39.42962646
-4.57890177 9.87380600 39.44567108
-3.96673989 9.80306244 39.44813538
-3.32769990 9.64188576 39.43520355
1.65920103 6.82159281 39.45296860
1.45287395 7.19802713 40.88186646
2.11072707 6.72133207 40.52052307
3.02275109 5.69228601 38.66313934
3.60034204 4.73460913 36.60279083
2.00081897 6.09767103 37.35241699
4.03958416 3.55667210 33.63102722
2.53738904 4.82367897 34.28567505
1.04065096 6.16353416 34.72977066
0.66417301 7.04672909 37.11392975
-0.39428899 7.49228811 35.46430206
-0.15360500 7.74979019 37.63149261
0.37477499 7.58196402 38.81230164
1.12501001 7.01884794 38.56587982
2.32327104 6.32882977 39.26271820
4.24621105 2.67955709 30.59019852
2.82656598 3.71733189 31.13689804
4.32537079 2.16664600 27.67455292
2.99311709 3.01281905 27.96540070
1.78492796 3.98175097 28.48156929
4.44217205 1.97855103 25.12644196
3.25954509 2.72403693 25.12977982
2.13887691 3.38625598 25.22051239
0.94496799 4.12154007 25.66076660
-1.45017898 7.90333986 32.85602188
-0.96826398 6.55620289 29.75262070
-2.38650799 7.88066292 30.32757950
-0.47155899 5.24321985 26.41937828
-1.98877203 6.43695402 27.27607727
-3.39002299 7.55778122 28.05601120
0.46044099 5.16639519 29.10108185
0.00123300 6.44692898 32.35396194
1.43753898 4.98966312 31.75364685
-0.03533200 -0.13105200 3.22104907
1.73052502 0.44324699 4.16490316
1.88661504 -1.49413705 4.26909924
2.93500304 0.83240098 6.47675085
3.66196799 0.91772503 9.59789658
4.70114708 -0.43799901 7.96808910
3.61085892 -0.90222400 5.55656481
3.65327692 -2.78386903 6.27701378
5.24171591 -2.10255909 7.66360807
5.09643078 -3.83507204 8.97161865
4.11289501 0.81301999 13.02187824
4.62075090 0.89091998 16.15086365
5.84205389 -0.03985300 14.15238953
5.05831623 1.07286799 19.16686630
5.40384293 1.22654903 22.07935905
6.67008781 0.25015101 20.38649368
6.32849503 0.13053299 17.22365379
7.54420900 -0.93747997 15.49617195
7.95793676 -0.85702300 18.65270805
8.96874809 -2.02341509 17.35693932
6.61146498 -3.10032606 10.20154762
6.24396896 -4.71315384 11.98143482
7.69039202 -2.53107500 12.08414555
7.64259100 -4.00528812 13.05740547
7.19953585 -5.46047783 14.95854855
8.48770809 -2.18103409 14.44268322
8.70112419 -3.49260998 14.68447495
9.42963028 -3.24338794 16.98645401
9.35932541 -4.48031378 17.58057022
8.46399879 -4.81890392 15.95537853
7.96616507 -6.14974117 17.86352158
8.94076443 -5.66546297 18.82059479
8.38199234 -6.70026302 20.29288864
7.03825283 -1.13959301 12.47973633
6.31700420 -1.52353799 9.82527542
5.34949303 -0.18653999 10.98448467
5.57071209 1.13008797 24.74163818
5.68158007 1.25838006 27.34584427
6.91193819 0.26832199 26.65768051
5.67973804 1.69920695 30.10589981
5.53658581 2.44334197 33.01135254
6.95877981 1.36793995 32.41752625
7.06714487 0.63065702 29.56632614
8.12635136 -0.38460699 28.82302856
8.14574718 0.31042099 31.78743553
9.12102413 -0.82445598 31.13787842
5.06920815 3.47435403 35.73274994
4.63750887 4.35427523 37.92884827
3.83392501 5.08510303 38.54050446
5.88444901 3.44040608 37.94491577
2.79131293 6.19392681 40.19743347
3.53530598 5.60515022 39.89095688
6.73563719 2.96913600 38.97760773
6.05626917 3.66097903 39.57395172
5.45324707 4.19142723 39.82222748
5.14414120 4.65246296 41.05208206
5.73469305 4.12021780 40.71242142
6.36132097 3.52842999 40.32721710
6.95344019 2.94279504 39.96972656
5.02837515 4.36772680 39.13882446
4.31277180 4.96945381 39.51208496
9.00073242 0.05374500 34.00144196
9.71701622 -1.15857506 33.44385147
8.64428806 0.99967700 36.58681870
9.53754616 -0.20344600 36.06695938
10.15629578 -1.48883998 35.68433762
7.72238684 2.04118991 38.93150711
8.83347034 0.73857200 38.18284607
8.24005413 1.51436102 39.80680847
7.68618679 2.21107507 40.30573273
8.91706467 0.55085599 39.81546783
9.83549309 -0.48813099 37.88906097
10.32258987 -1.80727804 37.65332413
9.67077255 -0.78285098 39.33103561
10.27545738 -2.05263901 39.26890945
7.20651102 2.74821210 40.52751923
7.28173399 2.15689802 37.05043030
7.95236492 1.17792404 34.59867477
6.66012907 2.29806304 35.23389053
10.47745419 -3.14486599 37.62305069
10.44437599 -4.23355198 35.53517532
10.44107628 -2.86223793 35.48032761
10.27371597 -5.24663401 33.07349777
10.27272797 -3.89093709 32.86886597
10.02723694 -6.01247120 30.31123734
10.03494453 -4.82532787 29.93405533
9.88601971 -3.42293692 29.98061371
10.21307373 -2.50666499 33.03630447
9.63389587 -2.09014702 30.43484116
9.76061440 -6.52948093 27.36995316
9.91671085 -5.36478901 26.78747749
9.36079693 -6.63331079 24.49320030
9.75064278 -5.53351307 23.66934204
9.84974766 -4.35817194 23.22565079
8.89024353 -6.63673878 22.02511024
9.47905922 -5.56175709 20.92675972
9.79519653 -4.40403605 20.09223175
9.70662403 -3.18207693 19.92068291
8.89752388 -1.52581000 27.98511124
8.81884670 -1.85264206 24.50002289
7.92904902 -0.73034501 25.65310478
8.94199276 -1.94880700 20.82832909
7.89273977 -0.78942698 22.22064400
6.69235802 0.27271301 23.68456650
9.50695515 -3.09157300 23.49533653
9.42042446 -2.76884890 27.11698341
9.71384716 -4.09088707 26.66810608
-2.44050789 -0.46740201 3.49813509
-0.53970200 -1.94238603 4.24574518
-3.33999896 -2.22641492 5.28619814
1.38319302 -3.33972311 5.97819614
3.05448890 -4.51106977 8.52070522
0.52284098 -4.99110985 8.94754219
-1.34974802 -3.71601200 6.68084717
-4.13845491 -4.00076389 8.27772617
-2.17918205 -5.30341005 10.12658787
-4.75013590 -5.59727097 11.93896389
4.42269516 -5.48285389 11.60889816
5.60677814 -6.26629400 14.66427231
3.60563111 -6.99184084 14.83584213
6.64913511 -6.89852810 17.65233994
7.41619110 -7.43242216 20.44766998
6.00738192 -8.27727509 20.63756561
4.93257093 -7.74581623 17.82560921
2.84213305 -8.41018295 18.25225067
4.19701576 -9.11292458 21.04271126
2.05336690 -9.72058868 21.65662384
-2.89683390 -6.67539597 14.00781918
-5.24874020 -6.95581007 15.68937206
-1.12711406 -7.75699282 16.43304062
-3.49721408 -7.96305609 17.66107178
-5.67993879 -8.10282135 19.18623161
0.51994801 -8.74862385 18.94895172
-1.82674599 -8.92791176 19.87666130
-0.26041701 -9.98591042 22.42079163
-2.55547905 -9.95339012 23.25391388
-4.10018492 -8.99535561 20.97870827
-6.07148314 -8.96935081 22.27191544
-4.65427685 -9.74819946 24.09436607
-6.24454689 -9.53859901 24.83399963
1.27515697 -7.44604397 15.40413284
-0.38337201 -6.41747904 12.68722916
2.14550900 -6.07135487 11.83627892
8.09863758 -7.63372898 22.88717461
8.74990463 -7.67759418 25.35771179
7.70558023 -8.60307693 26.14468002
9.24662209 -7.49752378 28.13439941
9.70124626 -7.12593603 30.93291092
9.00535965 -8.08431053 31.67029762
8.42260456 -8.45322895 28.90994263
7.19549990 -9.32638836 29.65566826
7.93905210 -8.94158554 32.47190094
6.32840204 -9.43920135 33.10600281
10.01940346 -6.43276787 33.55839539
10.23623753 -5.49896479 35.88994598
9.52246284 -6.42682219 36.29605865
10.09562492 -4.32736921 37.69480133
9.95826530 -3.28954506 39.38882828
9.74613190 -4.34780121 39.33415985
9.59319305 -5.40883398 38.37041092
9.08338642 -6.38474083 38.37497711
9.21298027 -5.38493919 40.02297974
9.47488785 -4.87905979 39.81444931
9.13498497 -5.89295197 39.42190170
8.77889061 -6.33893204 39.74965668
6.93419504 -8.77339172 36.01198959
5.61342001 -9.38105011 35.93554688
6.38993216 -8.64087391 38.49031067
7.05558205 -8.35990906 38.14154053
5.94259882 -9.01597881 37.55826569
5.11041498 -9.26029205 37.98184586
7.73623085 -8.05150604 37.35463715
7.94660711 -7.62717915 38.61912537
7.37714815 -7.95044088 39.06613159
8.20490170 -7.19261885 39.30867767
8.34851837 -6.72464705 40.17822647
7.86546707 -7.04605293 40.64635468
6.71995687 -8.21829796 39.61880493
6.00505114 -8.43644142 40.18940735
8.63755989 -7.28550100 37.27767944
8.64011383 -6.81142282 39.00562286
8.30052662 -8.11897945 34.85090637
9.45248795 -7.46855879 34.24462891
-0.17699701 -10.14215946 37.60335541
-1.28709102 -10.40292454 35.73515320
0.66645402 -10.52994537 35.36254120
1.72419798 -10.13889885 37.25814056
2.66797900 -10.37370300 34.82972717
0.77780098 -10.12929916 37.75116730
3.66553593 -9.87891006 36.72407913
4.61420488 -9.96889305 34.12039948
4.64357901 -9.62513733 36.67440796
2.69625902 -9.99550819 37.33651733
4.14738798 -9.46619797 38.45329285
3.16982007 -9.65106392 38.74695587
2.22380400 -9.77944946 38.96051407
1.29280198 -9.84452248 39.12473679
-2.70323801 -10.92233181 32.86839294
-0.61519200 -11.20373535 32.43629456
-4.04122305 -10.74377823 29.95917892
-1.96514297 -11.15944958 29.54106903
0.28176099 -11.24965096 28.86489296
-5.33221817 -10.23636913 27.13784790
-3.34846401 -10.69450569 26.68392754
-1.10269701 -10.90703869 25.97430038
1.23095798 -10.81474113 25.17420769
5.61005878 -10.13108063 30.37087440
4.60316515 -10.39201927 27.39260101
6.34582281 -9.54203606 26.77391815
3.46456504 -10.39885330 24.44770050
5.42248106 -9.56546211 23.87088013
6.98209381 -8.62230873 23.42536354
2.53096700 -10.99479294 28.09439468
3.70197201 -10.77653122 31.08297729
1.57402802 -11.15303802 31.79741287
-3.87904596 1.13080204 3.84171796
-5.08749390 -0.56235600 4.93207312
-6.31454897 1.10944104 5.83260393
-6.06245899 -2.43359995 7.25340319
-6.65164804 -4.26977491 10.52819061
-8.37034798 -2.62490106 9.91476917
-7.58964205 -0.71102899 7.30796719
-8.46118546 0.97996002 8.61394310
-9.57100868 -0.86288798 10.32531357
-10.17426014 0.85004699 11.81324387
-6.99344921 -5.87597084 14.25909805
-7.29403210 -7.15939093 17.84487724
-8.92325211 -5.98913002 16.88219452
-7.55108500 -8.14165497 21.07826424
-7.56436396 -8.92354584 24.08931160
-8.97008801 -7.99723387 23.38690758
-9.01673794 -7.09382200 20.19312477
-10.47480011 -5.73927116 19.60288429
-10.30942154 -6.75274706 22.87850189
-11.58244133 -5.21267700 22.57624817
-11.11070061 -0.88304198 13.62347221
-11.55091763 0.84081501 15.10751915
-11.58760357 -2.53484297 16.23517418
-12.32032681 -0.70796001 16.94274330
-12.64583588 1.01447594 18.31101227
-11.75942230 -4.00466919 19.35249710
-12.68343353 -2.17647791 19.55077744
-12.65329647 -3.45116997 22.49229813
-13.40269947 -1.62103105 22.69170761
-13.27249813 -0.33335301 20.18757629
-13.44546890 1.28342104 21.34691429
-13.86714554 0.16141801 23.17672348
-13.94491482 1.56338298 23.71538925
-10.42048740 -4.37163591 16.20927048
-10.18043137 -2.70890999 12.98627090
-8.72339153 -4.45235777 13.27167130
-7.00881100 -9.49868011 27.05315018
-5.85425901 -10.03265858 30.02055931
-7.40853596 -9.09232330 29.76653290
-4.57248211 -10.33311081 33.01576614
-3.10123610 -9.99588776 35.93025208
-4.71552706 -9.33779812 35.94480133
-6.18543816 -9.48813629 32.90041351
-7.56750107 -8.45400238 32.62961578
-6.11343384 -8.46751213 35.82481003
-7.31295586 -7.41636801 35.64777374
-1.97715497 -9.87547112 37.80885315
-1.07072604 -9.99670792 38.00925827
0.37904599 -9.84540367 39.24500275
-0.51344001 -9.78039646 39.33383942
-1.37384105 -9.64913177 39.40343857
-2.20040703 -9.45379639 39.45380402
-7.32495880 -6.59333897 37.56791687
-6.75469494 -7.13337898 37.90869904
-6.27588701 -7.69528198 37.69327164
-5.62858486 -7.69331694 39.31790161
-6.16593885 -7.20296001 39.26791382
-6.66144514 -6.66747999 39.22948456
-7.12360382 -6.08859301 39.19345093
-5.04732418 -8.62138653 37.81705475
-5.63083076 -8.14313984 38.03463364
-3.61375308 -9.35766602 37.87502670
-2.78468990 -9.60108566 38.13944244
-4.31176710 -8.97312355 38.13346863
-2.98533797 -9.20203781 39.47047424
-3.72263694 -8.89773369 39.45528412
-4.40787506 -8.54231262 39.42208099
-5.04352093 -8.13908577 39.37449646
-9.64933777 -2.33553410 37.36154175
-10.58263111 -1.63774300 35.21786499
-9.98732853 -3.27830100 35.27340698
-9.00215340 -3.89782405 37.40711212
-9.23557091 -4.81221485 35.35571289
-9.25490379 -3.11235595 37.68278122
-8.22826290 -5.32439709 37.46896362
-8.34571266 -6.19675112 35.48050690
-7.71884108 -5.95153093 37.80059814
-8.54831886 -4.60726595 37.72825623
-7.55266094 -5.47076178 39.16368103
-7.94854689 -4.81244802 39.14814377
-8.31459427 -4.11549616 39.14031601
-8.65373135 -3.37996101 39.13235474
-11.98457146 -0.95760202 31.82673836
-11.44908142 -2.70299506 31.86531830
-13.04819202 -0.09853500 28.69640350
-12.65656471 -1.84571695 28.68485069
-11.98038673 -3.60656309 28.72602463
-13.85400391 0.81327099 25.80867577
-13.62020779 -0.85329300 25.70192719
-13.08590126 -2.65393710 25.62847900
-12.20126247 -4.45667982 25.64222336
-8.76224327 -7.26760006 32.33533859
-9.98171997 -6.73971415 29.05035400
-8.76938343 -7.99715424 29.38186264
-11.02314186 -6.13136482 25.78637695
-9.79704571 -7.49632406 26.09715271
-8.44425201 -8.58972740 26.57345963
-11.06289101 -5.27023602 28.83750916
-9.80389786 -5.91511393 32.10431671
-10.70675564 -4.38164997 31.95344925
-4.66534185 2.66682196 5.57633495
-6.89441395 2.60452700 8.02597523
-8.77614594 2.44868207 11.01184082
-7.11685801 3.77437091 11.12213039
-5.17560911 3.91892004 8.38985062
-5.49134302 4.79279709 11.86585140
-10.34070683 2.34250593 14.22516537
-11.62356091 2.37887907 17.37149048
-10.22505188 3.56557798 17.20813370
-12.62292194 2.52993202 20.38741112
-13.39991570 2.62240505 23.23316193
-12.45177460 3.76313090 23.00976753
-11.43273163 3.66958094 20.12062836
-9.95670605 4.62688303 20.37700462
-11.14215755 4.78757906 23.17428780
-9.61046791 5.69866610 23.55783081
-5.71110392 5.37685490 15.70663738
-7.12113619 5.32289982 18.45460129
-5.87753487 5.87621498 19.43687820
-8.43729019 5.44357109 21.03711700
-7.09918404 6.07315302 21.85347366
-8.20238590 6.42911005 24.21813393
-6.97820616 7.00133085 25.01674271
-5.98585081 6.51862001 22.84383965
-5.95348597 7.38598108 25.85836792
-8.61238575 4.53060007 17.67615318
-7.13700294 4.62266111 14.77462864
-8.77859497 3.59963298 14.19107246
-13.73396492 2.30431509 25.76280594
-13.11536026 1.56104100 28.72030258
-12.81247902 3.11075306 28.75030136
-12.25962353 0.77758700 31.83079529
-10.98448181 0.04333500 35.17544556
-11.14120007 1.70011103 35.17392731
-12.23597717 2.45453811 31.86991501
-11.88876057 4.05765009 31.97146988
-11.01418114 3.31443000 35.25256348
-10.61096764 4.87656307 35.38225555
-10.14743996 -0.68594199 37.30938721
-9.82967758 -1.50136101 37.63916779
-8.96483135 -2.60962701 39.12165833
-9.24598122 -1.81160605 39.10413742
-9.49035072 -0.99421799 39.08020401
-9.69755554 -0.15254000 39.04374313
-9.80575371 5.67342091 37.48160172
-9.98432732 4.93186617 37.73901367
-10.26044369 4.14164019 37.39986420
-9.82198429 3.73432493 39.09045029
-9.65418911 4.54544401 39.15264130
-9.46595955 5.32087183 39.12448883
-9.22386742 6.04081821 39.11419296
-10.50193405 2.55559301 37.25608444
-10.33444595 3.35154605 37.61592102
-10.45940971 0.96106499 37.22595215
-10.24625015 0.16175701 37.55867767
-10.43417358 1.77245605 37.51266479
-9.88746166 0.65717697 38.90311813
-9.98009586 1.42835200 38.87545013
-10.00665092 2.19558191 38.88574219
-9.96503353 2.95094299 38.93254089
-8.09356785 8.70102692 35.96915436
-8.27865410 8.21848965 37.73094559
-9.10597801 7.62923622 35.75101471
-7.75318193 8.71946335 38.06285095
-9.13701820 7.04519320 37.58648682
-9.96312046 6.33370209 35.54385376
-9.43546486 6.39038610 37.80529785
-8.67683220 7.66656685 37.92503357
-8.92462254 6.71214819 39.12949371
-8.57494259 7.33512115 39.16220093
-8.17788887 7.90727282 39.20700836
-7.74334002 8.42249393 39.25341034
-7.96972990 9.22621441 33.20719910
-7.42767000 8.93235207 30.52023697
-8.70166969 8.16939068 30.06052399
-6.74841595 8.28648186 28.08324814
-7.95322084 7.71428299 27.44087410
-9.27415562 6.94777822 26.78636169
-11.21922684 5.57585192 32.18054581
-11.14862728 5.90017414 29.14962769
-12.13378716 4.56208086 28.87331200
-10.64417553 5.93913221 26.23442650
-11.94715214 4.87091923 25.88323402
-12.97596645 3.63900304 25.76512146
-9.96858501 7.12631512 29.56960297
-10.28763580 6.98862505 32.49581528
-9.17936516 8.23999596 32.86415482
6.61601114 3.37283301 41.02336884
6.81734800 3.19269705 41.58281708
8.39533806 1.22972798 41.12501144
7.91971684 1.85748601 41.54081726
7.99520922 1.64617205 42.01779175
7.82093287 2.04698610 40.94627380
9.00847435 -0.26443300 41.76184845
8.70572853 0.31914401 42.03446579
8.66458511 0.11375200 42.45733643
9.12135315 0.00520100 40.61203766
8.73727417 0.69083798 40.96111298
8.73609734 0.51277900 41.51548004
8.28590775 1.45091701 40.64811325
9.31713104 -1.30035996 41.58280945
9.16298771 -0.73418403 41.72411728
9.01515198 -0.85890299 42.25418472
9.43505478 -0.91748899 40.78934479
9.03375721 -0.06055400 41.32892609
9.33526421 -2.24033594 41.80578995
9.33661747 -1.77835906 41.74850845
9.11556053 -1.82635403 42.34452057
9.62692547 -2.17951894 40.83098602
9.20310020 -2.70072603 42.08253479
9.45610237 -2.69670200 41.41205978
9.61087990 -3.15424109 40.75779724
9.40587711 -3.75061202 41.09231567
9.67490005 -3.78255296 40.21315002
9.18547821 -4.85118389 40.79614258
8.84853935 -5.84302092 40.47481155
8.86421585 -5.33530378 41.12665176
9.46797752 -4.32801390 40.46379089
9.31599426 -3.19712901 41.62744904
9.05834389 -2.26242208 42.48823166
9.09970856 -1.35672605 42.26313019
8.86947823 -0.36385599 42.31979370
8.37071323 1.10453105 41.76696396
7.30916977 2.64983511 41.28179169
5.56767988 -8.85523224 39.19960403
7.64226198 -7.50382805 39.93260193
4.76465178 4.82197905 40.38141632
0.91744602 7.39976597 39.96530533
-7.53481722 0.19221900 44.43004608
-7.25181818 -0.79993701 44.59936523
-6.84445000 -0.02937200 45.39932251
-6.40442801 -1.06812000 45.75460052
-6.12648201 -0.04129600 46.35883713
-6.90430307 -1.70295596 44.80544662
-6.35677195 -2.04086804 45.48982239
-5.51961517 -0.86957097 46.98024750
-6.70650101 -2.59042692 44.66091919
-5.97180796 -2.85009408 45.65103149
-5.73864508 -1.96994603 46.38804626
-6.34492922 -3.59941101 44.54906082
-5.50788784 -3.79943395 45.76690292
-5.11524010 -3.07021189 46.83491135
-4.99627399 -1.89765203 47.42098999
-4.91725111 -0.12725700 47.80790710
-4.82928610 -1.05962002 47.80704498
-5.74813890 -4.55115604 44.71520233
-4.87789202 -4.72920084 46.02545166
-4.93886995 -3.96356106 46.61820602
-4.22311687 -4.23556519 47.72776031
-4.36672688 -2.74542999 48.06951904
-4.34796000 -1.65298700 48.28945160
-5.19081116 -5.43431377 44.69638824
-4.71264505 -6.16240978 44.51996613
-4.38739014 -5.76910019 45.62645721
-3.92417598 -6.69833899 44.93125916
-3.48423409 -6.23881197 46.58206177
-4.10168791 -5.31067419 46.80151367
-3.50796509 -5.55258417 47.91055298
-3.52442598 -5.05048084 49.00216293
-2.78396797 -6.42233801 47.94310379
-2.90560007 -6.03100586 49.28971100
-3.24191594 -5.48607922 49.95855331
-3.27210307 -7.34773016 44.66963196
-2.98351693 -7.03971910 45.76804733
-2.66993999 -6.83258200 46.90077972
-2.49432611 -7.67481613 44.96584702
-2.03370190 -7.39594507 46.37018204
-2.04752398 -7.03030920 47.71494293
-2.07053804 -6.81810713 49.14848328
-1.40413594 -7.41418695 47.35340881
-1.30926001 -7.26097488 48.45502472
-1.06879199 -7.74795818 46.45396042
-1.54961300 -7.97160101 45.24137115
-0.75775403 -8.08616447 45.58583069
-0.55312502 -7.59768105 47.66386414
-0.46474099 -7.45378494 49.19454956
-1.30856597 -7.22040319 49.56652069
-0.10653700 -7.96509886 46.34860992
-0.17709200 -8.33002853 45.11492157
0.19867800 -7.56281614 48.30776215
-3.79822397 -3.39914608 48.97092438
-3.67447901 -2.19960093 49.04991531
-4.31405210 -0.73998803 48.41596985
-3.72330403 -4.26352310 49.12165070
-3.85601091 -1.26264095 48.85397339
-3.68354106 -0.48865801 49.03352737
-3.52623105 -4.71914387 49.93325043
-3.52729988 -3.90281892 49.91745758
-3.24693108 -3.03549004 49.86128998
-3.22377706 -1.22446597 49.40302277
-2.84198594 -2.06556702 49.80858231
-2.29514599 -1.05503201 49.99095535
-1.98273206 -2.13876104 50.26371002
-1.32070100 -1.35266399 50.33740234
-1.02383602 -2.22818995 50.44860077
-0.56145102 -1.56464696 50.44926453
-0.06714200 -2.10543609 50.47941589
-0.58169502 -0.78884798 50.48662567
-7.12947321 0.74997902 45.10721588
-6.53784323 0.80154997 45.90368652
-5.83144093 0.83329302 46.79179382
-5.54211998 0.09371600 47.11354828
-7.66431904 1.21165097 44.31887436
-6.99673510 1.57481599 45.27064514
-6.21701622 1.72230005 46.26354980
-6.72243214 2.45849895 45.51561737
-7.62951422 2.49411392 44.25981140
-6.80429077 3.57161808 45.13231659
-5.25455904 0.67931199 47.47785187
-5.90380621 2.91028690 46.44257355
-5.23544407 1.74448204 47.43571472
-7.22303200 4.87652302 44.11516571
-6.37960100 4.53442001 45.34037781
-6.01066208 3.94796991 46.02664185
-6.22164679 5.42646885 45.05979156
-4.68962717 0.85380203 48.10047150
-4.93801498 3.01218009 47.59623718
-4.50666809 2.32558298 48.23740387
-5.32586384 3.88500905 46.87284088
-4.55454016 3.98752093 47.76975632
-4.90655708 4.61334610 47.05275345
-5.59319401 4.80348206 46.14427185
-5.47994995 5.68315315 45.73923492
-4.19675207 0.16029400 48.58643341
-4.01587200 1.05835497 48.80976105
-4.45965385 1.60809600 48.34683990
-4.05266094 3.20007706 48.65212250
-4.77644396 5.47155809 46.63901901
-3.50883007 0.41001099 49.23891830
-3.80849791 2.05464792 49.04459381
-3.81600308 4.30232620 48.61189651
-2.95962906 -0.26913899 49.61549377
-2.77237606 0.73872399 49.87029648
-3.38666296 1.26316094 49.43836212
-3.31110501 3.83401489 49.62368393
-3.39564204 2.86762094 49.55172729
-3.17727995 4.72242022 49.41843414
-4.25157213 4.88319588 47.67326355
-3.52638888 5.16388321 48.42457581
-2.80100107 2.05379605 50.16891479
-2.98719907 3.19045210 50.21700287
-2.88800502 5.40514708 49.22732162
-2.24463010 0.00822300 50.09770966
-1.70945895 0.96758002 50.61315918
-0.66341901 0.18574899 50.66295624
-0.65761799 0.94599801 50.97899628
-5.80094814 6.34764814 44.88840866
-5.17446613 7.11477709 44.79896545
-6.11022997 7.22266006 43.84392548
-4.97779417 6.30778980 45.75032806
-3.90300798 5.72038984 47.37934875
-4.28871012 6.22009087 46.48242188
-4.32078695 6.92739487 45.70049286
-4.40941000 7.80660105 44.59185791
-5.40581799 7.97056484 43.73242569
-3.10761595 5.91702223 48.12356949
-3.44985509 6.61136389 46.76244354
-3.39546108 8.17357540 44.53192520
-3.60987091 7.40722609 45.57151031
-2.43993497 6.57075691 47.78626633
-2.46931791 7.42364788 46.07403564
-2.43057108 5.98475504 49.04168701
-2.49533391 8.12711525 44.74208069
-1.69269800 6.45955801 48.99988174
-1.48864400 6.96675491 47.59370422
-0.72886503 6.77742910 48.86407852
-0.44046900 7.04946709 47.45834351
-1.16614497 7.44523621 46.26351166
-1.71371901 7.93686581 45.08121490
-0.14647000 7.35570478 46.13754272
-0.74993998 7.81821299 45.06949234
0.28699499 -7.72628212 47.39580536
0.67423397 -8.29244804 45.38773346
0.84962100 -7.90189981 46.64739227
1.04452801 -7.56057882 47.90371323
1.45778406 -8.45097160 44.79399872
1.51615405 -8.09068298 45.82666397
1.67519200 -7.71330309 46.86600494
1.40844095 -7.22431898 49.77557373
1.60492504 -7.21677017 48.87160110
2.06088591 -6.89279604 49.67634583
2.27343512 -8.23933220 45.00397110
2.15310001 -7.87223005 46.07689667
2.46509194 -7.48682880 46.78475952
2.01018000 -7.30578423 47.80523682
2.42050910 -6.84373283 48.69309998
2.79774690 -6.31744385 49.67944336
2.82114410 -7.77076387 45.75389481
3.01551104 -8.06468582 44.89686584
2.83921003 -6.96641016 47.59407806
3.27434897 -7.23025179 46.45546722
3.72367311 -7.65632200 45.11442566
3.99629211 -5.71004915 47.99378204
3.20032001 -6.33218288 48.44922256
3.64829612 -6.55184793 47.24810791
4.12624121 -6.88597202 46.06753159
4.61405993 -7.21655512 45.00919724
5.03777790 -6.45954180 45.60883331
4.43122005 -6.13835812 46.78495789
5.09939098 -5.69724178 46.40015793
0.18933000 -1.34789598 50.48630905
0.34234399 -0.31411701 50.60194016
0.92729199 -2.16062188 50.46711731
1.07830799 -1.15437198 50.42428970
1.24618304 -0.31718701 50.46321106
1.86598098 -1.94720995 50.30745697
1.89723802 -0.84186703 50.20659256
1.88372600 0.14208300 50.30866241
2.70873189 -2.51539612 50.15560913
2.66795993 -1.42919397 49.88284302
2.63548708 -0.35204300 49.82930756
3.35979390 -3.02530789 49.92864990
3.48349905 -2.03928900 49.44874954
3.40679598 -0.88837498 49.31456375
3.48564005 -5.57238579 49.39226532
3.74603796 -3.79197502 49.74899292
3.95187593 -2.86751795 49.19002533
4.17309999 -2.16154790 48.82068634
4.09751797 -1.39893496 48.78804016
3.39665604 0.33309999 49.25070953
3.98776007 -5.03324509 48.79879379
4.17434311 -4.32041502 48.85832214
4.54549599 -4.82809591 47.91891479
4.66265202 -4.03526306 48.13858414
3.72286391 -4.72139215 49.76290894
4.36215401 -3.50271511 48.70328903
4.56779480 -2.68860602 48.42690277
4.14130211 -0.46249300 48.62828827
5.16084623 -4.20623112 47.34901428
5.15437889 -4.98846006 46.92564774
5.04629803 -3.31051397 47.77294922
4.74374485 -1.82325995 48.18403625
4.61048698 -1.03863704 48.25203705
5.99186802 -6.35306883 44.61696625
5.35276508 -7.00307608 44.54243851
5.60815191 -5.85227680 45.60998535
6.19906187 -5.48679686 45.19378662
6.78879976 -5.77762508 44.22712708
5.67844582 -5.22302580 46.06723022
5.76381207 -3.59134412 46.76767731
5.66414595 -2.67542410 47.09159470
5.09955311 -2.47331500 47.79620361
5.44259501 -1.87881005 47.41003036
5.17412186 -1.14599097 47.67605972
4.86726093 -0.38745201 47.90172958
6.86742020 -4.86239576 44.78389740
6.21138096 -4.80778313 45.65992355
6.51418495 -3.97271991 45.67054749
5.75489521 -4.46861792 46.43373871
6.18953896 -1.90068603 46.52815628
5.73753595 -1.27829599 47.06267548
5.60009193 -0.50436300 47.13177490
7.14527893 -3.14319491 45.15970230
7.39333916 -4.01029205 44.55515289
7.02437401 -2.17856693 45.50227356
6.39381504 -2.90894890 46.14379120
6.75664091 -1.42503095 45.87043762
6.23755217 -0.99370199 46.46294785
6.21692324 -0.22384401 46.37831116
6.86362219 -0.68041199 45.67902374
7.40920210 -1.40878105 45.07451248
7.43180895 -0.72162497 44.98329163
0.10196500 0.64323401 50.91586685
1.02707803 0.57876998 50.76070786
1.94136798 1.21869802 50.59591675
2.54908395 0.55773902 49.97200012
2.42369795 1.91202700 50.51502609
2.87969208 1.43358099 49.84446716
2.84074998 2.43029308 50.17482376
3.29222798 2.12035799 49.43911743
3.11538291 3.83980799 49.61877441
3.26340795 2.89025998 49.48684692
3.61791897 3.27471495 48.70594788
3.38654208 4.09796286 48.60739517
3.87856007 3.60111690 47.95027161
3.70127106 1.43692994 48.91577911
3.76489210 2.38190293 48.72916031
4.28305006 2.77907610 47.77047348
4.37805796 3.52659702 47.03541565
4.44130707 0.57334697 48.17816162
4.41274500 1.73560202 47.98105240
5.08984900 3.35954189 45.95815277
4.30249214 4.30386209 46.16463470
0.18770400 6.80620718 48.61692429
0.68900001 6.85986185 47.16415405
1.03545105 6.56773376 48.64456940
0.75704902 7.22308922 45.54656219
0.01477200 7.60585213 45.16488647
1.70400906 6.19671679 49.08243942
1.95239604 6.17258120 47.37966919
1.46005905 6.72724915 46.23365784
2.15276694 6.40290785 45.90782928
2.68984890 6.31180286 44.80216217
1.73203695 6.86650991 45.05164337
2.91084695 5.81792784 45.94775772
3.12298012 4.77470779 48.31523895
3.71093607 4.25928402 47.55290222
3.17778802 5.15866995 47.14210510
2.46860695 5.52365112 48.78059387
2.85998392 4.77708817 49.43040466
3.71510601 5.58559895 44.58405304
3.75463104 5.13857508 45.72597122
5.33020687 3.82606602 44.91372681
4.64676714 4.71027422 44.66880798
4.92219400 2.08584094 47.17392731
5.57365322 1.99890995 46.30247879
4.97847700 2.75125599 46.69910431
5.92665911 2.97280312 44.97163391
5.19812822 0.20949200 47.43783569
5.33573008 1.08785200 47.02109528
6.20820284 1.25539804 45.84412384
6.36557007 2.05543709 45.12190628
5.59280920 2.64851689 45.83207321
5.71119690 0.22724099 46.86125183
6.16388416 0.50771898 46.23550797
6.66649723 0.03134500 45.77474213
6.79052782 0.58186299 45.41176224
6.97075605 1.19440496 44.85296631
7.24426317 -0.09761700 45.06958008
-2.60940599 -2.73539400 50.24148560
-1.47099805 -0.33936200 50.36844635
-6.80818605 6.24224281 43.84991455
0.67887503 -7.44404793 49.30218506
4.65037823 -5.47824621 47.22924042
2.93843699 3.25975609 50.20531464
0.00000000 1.48386300 51.17419815
0.00000000 1.20429206 51.24910736
0.50818998 1.53220904 51.16124344
0.56465602 1.25801003 51.23471451
0.99685103 1.67539203 51.12287521
1.10761201 1.41710305 51.19208527
1.44720304 1.90790796 51.06057358
1.60800397 1.67545402 51.12285995
1.84194005 2.22082210 50.97673035
2.04660010 2.02313590 51.02969742
2.16589189 2.60210800 50.87456512
2.40654707 2.44678712 50.91618347
2.40661097 3.03711605 50.75800323
2.67401195 2.93012905 50.78667068
2.55484509 3.50912595 50.63153076
2.83871603 3.45458388 50.64614487
2.60489702 4.00000000 50.50000000
2.89433002 4.00000000 50.50000000
2.83871603 4.54541588 50.35385513
2.55484509 4.49087381 50.36846924
2.67401195 5.06987190 50.21332932
2.40661097 4.96288395 50.24199677
2.40654802 5.55321217 50.08381653
2.16589308 5.39789104 50.12543488
2.04660106 5.97686386 49.97030258
1.84194100 5.77917814 50.02326965
1.60800397 6.32454586 49.87714005
1.44720304 6.09209204 49.93942642
1.10761201 6.58289814 49.80791473
0.99685103 6.32460785 49.87712479
0.56465602 6.74199009 49.76528549
0.50818998 6.46779108 49.83875656
0.00000000 6.79570818 49.75089264
0.00000000 6.51613712 49.82580185
-0.50818998 1.53220904 51.16124344
-0.56465602 1.25801003 51.23471451
-0.99685103 1.67539203 51.12287521
-1.10761201 1.41710305 51.19208527
-1.44720304 1.90790796 51.06057358
-1.60800397 1.67545402 51.12285995
-1.84194005 2.22082210 50.97673035
-2.04660010 2.02313590 51.02969742
-2.16589189 2.60210800 50.87456512
-2.40654707 2.44678712 50.91618347
-2.40661097 3.03711605 50.75800323
-2.67401195 2.93012905 50.78667068
-2.55484509 3.50912595 50.63153076
-2.83871603 3.45458388 50.64614487
-2.60489702 4.00000000 50.50000000
-2.89433002 4.00000000 50.50000000
-2.83871603 4.54541588 50.35385513
-2.55484509 4.49087381 50.36846924
-2.67401195 5.06987190 50.21332932
-2.40661097 4.96288395 50.24199677
-2.40654802 5.55321217 50.08381653
-2.16589308 5.39789104 50.12543488
-2.04660106 5.97686386 49.97030258
-1.84194100 5.77917814 50.02326965
-1.60800397 6.32454586 49.87714005
-1.44720304 6.09209204 49.93942642
-1.10761201 6.58289814 49.80791473
-0.99685103 6.32460785 49.87712479
-0.56465602 6.74199009 49.76528549
-0.50818998 6.46779108 49.83875656
0.57886600 4.96846199 50.24050140
0.00000000 5.11828279 50.20035553
0.00000000 4.69892693 50.31272125
0.51165003 4.49421597 50.36757660
1.00262499 4.55914211 50.35017776
0.72358298 4.00000000 50.50000000
1.15773201 4.00000000 50.50000000
1.00262499 3.44085789 50.64982224
0.51165003 3.50578403 50.63242340
0.57886600 3.03153801 50.75949860
0.00000000 3.30107307 50.68727875
0.00000000 2.88171697 50.79964447
0.00000000 2.32257509 50.94946289
0.66456699 2.45026207 50.91525269
1.22795999 2.81388092 50.81781769
1.60440695 3.35807705 50.67200089
1.73659801 4.00000000 50.50000000
1.60440695 4.64192295 50.32799911
1.22795999 5.18611908 50.18218231
0.66456699 5.54973888 50.08474731
0.00000000 5.67742491 50.05053711
0.00000000 6.09678078 49.93816757
0.83070898 5.93717289 49.98093414
1.53495097 5.48264790 50.10272598
2.00550890 4.80240393 50.28499603
2.17074800 4.00000000 50.50000000
2.00550890 3.19759607 50.71500397
1.53495002 2.51735210 50.89727402
0.83070898 2.06282711 51.01906586
0.00000000 1.90321898 51.06183243
-0.57886600 4.96846199 50.24050140
-0.51165003 4.49421597 50.36757660
-1.00262499 4.55914211 50.35017776
-0.72358298 4.00000000 50.50000000
-1.15773201 4.00000000 50.50000000
-1.00262499 3.44085789 50.64982224
-0.51165003 3.50578403 50.63242340
-0.57886600 3.03153801 50.75949860
-0.66456699 2.45026207 50.91525269
-1.22795999 2.81388092 50.81781769
-1.60440695 3.35807705 50.67200089
-1.73659801 4.00000000 50.50000000
-1.60440695 4.64192295 50.32799911
-1.22795999 5.18611908 50.18218231
-0.66456699 5.54973888 50.08474731
-0.83070898 5.93717289 49.98093414
-1.53495097 5.48264790 50.10272598
-2.00550890 4.80240393 50.28499603
-2.17074800 4.00000000 50.50000000
-2.00550890 3.19759607 50.71500397
-1.53495002 2.51735210 50.89727402
-0.83070898 2.06282711 51.01906586
0.00000000 3.72042894 50.57490921
0.28943300 4.00000000 50.50000000
0.00000000 4.00000000 50.50000000
-0.28943300 4.00000000 50.50000000
0.00000000 4.27957106 50.42509079
0.00000000 -6.95830488 50.50000000
-0.00000200 -7.61095619 50.50000000
0.49988401 -6.93274784 50.50000000
0.95789599 -7.45392513 50.50000000
0.98437202 -6.84255123 50.50000000
1.73755503 -7.10293293 50.50000000
1.51913702 -6.67446899 50.50000000
2.01829696 -6.42265987 50.50000000
2.39211702 -6.63687611 50.50000000
2.45092392 -6.05639601 50.50000000
2.80525088 -6.23410797 50.50000000
2.79179001 -5.71896887 50.50000000
3.21320510 -5.69464302 50.50000000
3.01775193 -5.36455917 50.50000000
3.47028899 -5.18120193 50.50000000
3.18573689 -5.02515793 50.50000000
3.57184911 -4.80017805 50.50000000
3.27013302 -4.65823698 50.50000000
3.61493611 -4.34319115 50.50000000
3.26870894 -4.37479305 50.50000000
3.26124907 -4.12673998 50.50000000
3.48112607 -3.92839599 50.50000000
3.22025704 -3.95435810 50.50000000
3.28822708 -3.62482500 50.50000000
3.12448096 -3.76941299 50.50000000
2.99232411 -3.58684111 50.50000000
2.97207093 -3.31531596 50.50000000
2.82253194 -3.44931102 50.50000000
2.58417892 -3.30219293 50.50000000
2.55100298 -3.03992009 50.50000000
2.25031400 -3.13970304 50.50000000
2.05455589 -2.81540704 50.50000000
1.85079801 -2.97983098 50.50000000
1.72398996 -2.71719003 50.50000000
1.52555096 -2.87808990 50.50000000
1.39342403 -2.61897206 50.50000000
1.23650599 -2.79502010 50.50000000
1.06289303 -2.56286907 50.50000000
0.77706599 -2.72589588 50.50000000
0.73236197 -2.50676489 50.50000000
0.31762701 -2.71296597 50.50000000
0.36618000 -2.48588705 50.50000000
-0.00000200 -2.46500897 50.50000000
0.00000000 -2.71784902 50.50000000
-0.49988401 -6.93274784 50.50000000
-0.95789599 -7.45392513 50.50000000
-0.98437202 -6.84255123 50.50000000
-1.73755503 -7.10293293 50.50000000
-1.51913702 -6.67446899 50.50000000
-2.01829696 -6.42265987 50.50000000
-2.39211702 -6.63687611 50.50000000
-2.45092392 -6.05639601 50.50000000
-2.80525088 -6.23410797 50.50000000
-2.79179001 -5.71896887 50.50000000
-3.21320510 -5.69464302 50.50000000
-3.01775193 -5.36455917 50.50000000
-3.47028899 -5.18120193 50.50000000
-3.18573689 -5.02515793 50.50000000
-3.57184911 -4.80017805 50.50000000
-3.27013302 -4.65823698 50.50000000
-3.61493611 -4.34319115 50.50000000
-3.26870894 -4.37479305 50.50000000
-3.26124907 -4.12673998 50.50000000
-3.48112607 -3.92839599 50.50000000
-3.22025704 -3.95435810 50.50000000
-3.28822708 -3.62482500 50.50000000
-3.12448096 -3.76941299 50.50000000
-2.99232411 -3.58684111 50.50000000
-2.97207093 -3.31531596 50.50000000
-2.82253194 -3.44931102 50.50000000
-2.58417892 -3.30219293 50.50000000
-2.55100298 -3.03992009 50.50000000
-2.25031400 -3.13970304 50.50000000
-2.05455589 -2.81540704 50.50000000
-1.85079801 -2.97983098 50.50000000
-1.72398996 -2.71719003 50.50000000
-1.52555096 -2.87808990 50.50000000
-1.39342403 -2.61897206 50.50000000
-1.23650599 -2.79502010 50.50000000
-1.06289303 -2.56286907 50.50000000
-0.77706599 -2.72589588 50.50000000
-0.73236197 -2.50676489 50.50000000
-0.31762701 -2.71296597 50.50000000
-0.36618000 -2.48588705 50.50000000
3.02915597 -3.96753502 50.50000000
3.06106305 -4.11556292 50.50000000
3.01142001 -4.34270191 50.50000000
2.89420104 -4.56114006 50.50000000
2.80458498 -3.99209809 50.50000000
2.91072392 -3.89559293 50.50000000
2.82684708 -3.71384311 50.50000000
2.57130504 -3.77538610 50.50000000
2.51210594 -4.21804285 50.50000000
2.70619798 -4.34240198 50.50000000
2.51358294 -4.69188690 50.50000000
2.23442292 -4.56310606 50.50000000
2.22912693 -5.03757381 50.50000000
2.23972011 -4.08863783 50.50000000
2.24501705 -3.61417103 50.50000000
1.84237099 -4.70964098 50.50000000
1.83956206 -5.28624296 50.50000000
1.84518003 -4.13303804 50.50000000
1.84798896 -3.55643392 50.50000000
1.43902397 -4.82082081 50.50000000
1.41018200 -5.46839809 50.50000000
1.46786702 -4.17324400 50.50000000
1.49670899 -3.52566695 50.50000000
1.02512598 -4.89515305 50.50000000
0.95466602 -5.59519720 50.50000000
1.09558594 -4.19510794 50.50000000
1.16604602 -3.49506402 50.50000000
0.51727200 -3.38905191 50.50000000
0.50512302 -4.14953995 50.50000000
0.49297500 -4.91002893 50.50000000
0.48082599 -5.67051792 50.50000000
0.00000000 -4.95090008 50.50000000
0.00000000 -5.69525003 50.50000000
0.00000000 -4.20655012 50.50000000
0.00000000 -3.46219993 50.50000000
2.91666102 -4.99723005 50.50000000
2.68604207 -4.96520376 50.50000000
2.71968699 -5.34413481 50.50000000
2.35562611 -5.67839718 50.50000000
2.29473805 -5.30208588 50.50000000
1.94548595 -6.01983786 50.50000000
1.87267399 -5.61701584 50.50000000
1.45595396 -5.84258413 50.50000000
1.48754501 -6.25852680 50.50000000
0.95311999 -6.39876080 50.50000000
0.92186898 -5.95497084 50.50000000
0.44811800 -6.46671581 50.50000000
0.39635101 -6.00068283 50.50000000
0.00000000 -6.01178885 50.50000000
0.00000000 -6.48504686 50.50000000
2.99937606 -3.79428005 50.50000000
-3.02915597 -3.96753502 50.50000000
-3.06106305 -4.11556292 50.50000000
-3.01142001 -4.34270191 50.50000000
-2.89420104 -4.56114006 50.50000000
-2.80458498 -3.99209809 50.50000000
-2.82684708 -3.71384311 50.50000000
-2.91072392 -3.89559293 50.50000000
-2.57130504 -3.77538610 50.50000000
-2.51210594 -4.21804285 50.50000000
-2.70619798 -4.34240198 50.50000000
-2.51358294 -4.69188690 50.50000000
-2.23442292 -4.56310606 50.50000000
-2.22912693 -5.03757381 50.50000000
-2.23972011 -4.08863783 50.50000000
-2.24501705 -3.61417103 50.50000000
-1.84237099 -4.70964098 50.50000000
-1.83956206 -5.28624296 50.50000000
-1.84518003 -4.13303804 50.50000000
-1.84798896 -3.55643392 50.50000000
-1.43902397 -4.82082081 50.50000000
-1.41018200 -5.46839809 50.50000000
-1.46786702 -4.17324400 50.50000000
-1.49670899 -3.52566695 50.50000000
-1.02512598 -4.89515305 50.50000000
-0.95466602 -5.59519720 50.50000000
-1.09558594 -4.19510794 50.50000000
-1.16604602 -3.49506402 50.50000000
-0.51727200 -3.38905191 50.50000000
-0.50512302 -4.14953995 50.50000000
-0.49297500 -4.91002893 50.50000000
-0.48082599 -5.67051792 50.50000000
-2.91666102 -4.99723005 50.50000000
-2.68604207 -4.96520376 50.50000000
-2.71968699 -5.34413481 50.50000000
-2.35562611 -5.67839718 50.50000000
-2.29473805 -5.30208588 50.50000000
-1.94548595 -6.01983786 50.50000000
-1.87267399 -5.61701584 50.50000000
-1.45595396 -5.84258413 50.50000000
-1.48754501 -6.25852680 50.50000000
-0.95311999 -6.39876080 50.50000000
-0.92186898 -5.95497084 50.50000000
-0.44811800 -6.46671581 50.50000000
-0.39635101 -6.00068283 50.50000000
-2.99937606 -3.79428005 50.50000000
2.92039299 -4.10927677 50.50047684
-2.92039299 -4.10927677 50.50047684
7.34517002 2.51617503 42.05477142
6.87174702 3.08438492 42.19928360
6.51327705 3.48303699 42.33332062
6.30823898 3.70205092 42.02548981
5.94722223 4.02158117 41.60119629
5.35456419 4.56075716 41.75923920
4.91691208 4.94046879 41.91204834
4.57644510 5.15225983 41.55752182
3.99774408 5.48446798 41.04344177
3.20013189 6.08000088 41.22425461
2.51707411 6.58616781 41.44711304
2.84660292 6.44789505 42.34030151
2.23488903 6.86607409 42.50316620
1.89203894 7.02730799 41.69127655
1.65046895 7.23101807 42.65515137
1.36537194 7.36626291 41.92481995
1.06403399 7.54500294 42.68129730
1.37293506 7.34672308 43.51030350
0.74212003 7.63983011 43.56940460
1.11973095 7.33259201 44.41191101
1.68595004 7.10126305 44.13226318
2.23071909 6.77186108 44.12265778
1.95410800 7.03169012 43.40036392
2.52636099 6.67689705 43.26958466
2.77048206 6.45835876 43.88525391
3.09632897 6.29418993 43.15780258
3.47904205 5.99841499 42.22837067
3.64195299 5.91444588 43.10708618
4.06217813 5.59416580 42.29017639
4.52978706 5.26983023 42.47565460
4.94743109 4.93859482 42.55857086
4.52850294 5.24970484 43.21124268
4.11707211 5.57622099 43.12586212
4.12995100 5.49320698 43.74404907
3.78274107 5.76012421 43.72660065
4.48388290 5.14961100 43.91336441
4.93548393 4.89887285 43.25665665
5.38799191 4.54881096 42.54765320
5.79097700 4.16940308 42.64427185
5.31649399 4.54808187 43.29206848
4.92035818 4.79129696 43.83345032
5.19615316 4.51159477 43.89007568
5.63869286 4.20574903 43.40745163
6.11006498 3.83878899 42.83214569
6.42064190 3.48142791 42.91809464
5.95361614 3.84015107 43.51562881
5.43496418 4.16705704 44.10872650
5.81523180 3.75013804 44.09894562
6.06048822 3.34661388 44.25547028
6.40858984 2.91437101 44.20437622
6.59816504 2.49404407 44.36131287
6.90444088 2.06164908 44.29268646
7.09488010 2.20519900 43.75888824
7.33524704 1.79161203 43.77224731
7.09235096 1.64493704 44.35856628
7.37258196 1.25146103 44.23478699
7.47294283 0.93142903 44.29584503
7.72440100 0.99779397 43.81520081
7.81767893 0.61164600 43.92290115
7.42885399 0.49990499 44.58079529
7.69568682 -0.02261700 44.43262482
7.93202114 0.17383499 43.97370148
8.06097794 -0.29511601 43.96739578
8.32086563 -0.14346100 43.43571472
8.19245720 0.28831899 43.43993378
8.53526878 -0.02521900 42.91686630
8.68035412 -0.48259401 42.86338043
8.78655434 -0.96603602 42.84778976
8.43531227 -0.61440098 43.42393494
8.14867401 -0.77966797 43.97644043
8.51399994 -1.09693396 43.42891693
8.84099579 -1.44536805 42.87663269
8.84137917 -1.89667702 42.94081879
8.54958344 -1.57153106 43.45103073
8.21385384 -1.26426399 43.97246170
7.82657623 -1.00599599 44.50396729
7.74847794 -0.47363999 44.50298691
7.91850805 -1.45140195 44.42731857
8.22696209 -1.73512197 43.98480988
8.54737091 -2.03309989 43.46892166
8.80096912 -2.26795602 43.01316833
8.89170647 -2.65209103 42.76163483
8.55971527 -2.50763702 43.38509750
8.19299984 -2.24561810 43.99079514
7.83808184 -1.88335395 44.52759171
7.68486595 -2.50525594 44.63423920
7.50337696 -1.98866904 44.95408630
7.78688908 -3.28613591 44.30874634
8.20051384 -2.83110499 43.85969925
8.26768684 -3.42049193 43.58480072
8.61287689 -3.02601600 43.15396881
8.98011208 -3.14839602 42.41723251
9.05126762 -3.70886803 41.99394989
8.66620064 -3.59063792 42.83685303
8.30062580 -3.97488499 43.30519104
8.67636871 -4.24455595 42.46414185
9.12355328 -4.29129124 41.44857788
8.81072807 -4.81506681 41.77339935
8.49949646 -5.28281116 42.04309845
8.50403595 -5.76009703 41.48602295
8.15364265 -5.65748978 42.35222244
8.17141724 -5.24135113 42.72616196
8.40525818 -4.83132601 42.61006927
8.25717735 -4.45801592 43.12509918
7.90223312 -4.30857515 43.75449753
7.94416380 -3.80287194 43.92590332
7.50802803 -4.67552900 44.09405518
7.38782787 -5.26692677 43.86824799
7.93175793 -4.90280294 43.35722351
7.80536509 -5.49218607 43.10697174
7.75917387 -5.98689890 42.69137573
8.11070919 -6.12359190 41.85275269
7.70140600 -6.43267679 42.21023178
7.36045218 -6.30667782 42.96324158
7.33582592 -6.66352987 42.50296021
6.92883015 -6.64420700 43.13538361
7.08341885 -7.01564407 42.27264786
6.64289904 -7.06852722 42.85795593
6.66383314 -7.48101711 41.94248581
6.12967396 -7.32791281 43.09882355
6.02590084 -7.78297520 42.26436996
5.70972776 -7.66655302 43.02788544
5.54823208 -7.94591713 42.56676483
5.25846100 -7.79906702 43.27915573
5.01914978 -8.21928406 42.42417526
4.69442892 -7.94633722 43.56353760
4.37670517 -8.28851700 42.99501801
4.30235910 -8.67257690 41.75026703
3.77437401 -8.46445465 43.09222031
3.45606208 -8.81742287 42.17951202
3.57767510 -9.18203354 40.50905609
2.59885812 -9.05427933 42.01473236
2.67088008 -9.44351387 40.25213623
1.76291203 -9.44972801 40.79913712
0.87442601 -9.57759094 40.49103546
0.90972102 -9.19989204 42.13667297
1.74787796 -9.12344170 42.29266357
1.43213105 -8.98214340 43.03047562
2.02059507 -8.85804844 43.25380707
1.45791197 -8.75458527 43.86274338
1.93188596 -8.59408283 44.20351791
0.87816602 -8.65328026 44.26538467
0.29236901 -8.56851864 44.49066925
0.36447701 -8.86795616 43.44139862
1.01075006 -8.90511799 43.38902664
0.04967900 -9.12185478 42.36496735
0.01803000 -9.45863724 40.92427444
-0.73358399 -9.11745834 42.00649643
-0.84420401 -9.45788574 40.57764053
-1.61285698 -9.20530224 40.99873352
-1.44809902 -8.88254166 42.38945770
-0.98218000 -8.70860100 43.38441849
-0.31628099 -8.90215683 43.09399414
-0.28318599 -8.63519478 44.06160736
-0.88276798 -8.36096191 44.61467361
-1.54270804 -8.36521053 44.08572388
-1.66654098 -8.61767769 43.15273285
-2.24207091 -8.70903492 42.18549728
-2.11244297 -8.37039185 43.50946426
-2.05446792 -8.09693909 44.38286591
-2.56210494 -8.05074501 43.92657471
-2.59605598 -8.32146358 43.07961273
-3.11639810 -8.02841854 43.22673035
-2.98374200 -7.75348282 44.15872192
-3.45801806 -7.61853981 43.81074524
-3.65294194 -7.81044102 43.00512695
-3.60737705 -8.17969322 41.97206116
-4.13330078 -7.71279001 42.39918518
-3.93726611 -7.47025919 43.39784622
-3.76629996 -7.24759817 44.16157913
-4.22117901 -7.06041384 43.79965210
-4.37420988 -7.32212687 42.95301056
-4.79394197 -7.40950203 41.87152100
-4.77351809 -6.91882706 43.07238770
-4.53098297 -6.65746403 44.03093719
-5.00407600 -6.40903616 43.62493515
-5.21009111 -5.96204996 43.97338867
-5.52358484 -6.12142420 43.09904480
-5.25335884 -6.58857393 42.79251099
-5.73666477 -6.52566004 41.81475067
-5.21989298 -6.93277311 42.11878967
-5.53671408 -7.18445206 40.80557632
-6.11463404 -6.75550985 40.42611694
-6.46855307 -6.14580917 40.78919220
-6.03603888 -5.89850903 42.33868408
-5.80949593 -5.77016211 43.11356354
-6.07008314 -5.38620710 43.11686707
-5.59833097 -5.64768505 43.71468353
-5.76269722 -5.17109299 44.02582169
-6.18183184 -4.80284023 43.67263412
-6.32476282 -4.27760315 43.99295807
-6.67716789 -4.42553377 43.10205460
-6.48151398 -4.96660995 42.81643677
-6.86595821 -4.78591204 42.14086533
-6.60212183 -5.40027905 41.81302261
-7.28680992 -4.94846582 40.76420593
-7.27909613 -4.15540123 41.96706390
-7.75956678 -4.33367395 40.40897751
-7.97384596 -3.59204793 40.80502319
-8.40728760 -2.88857102 40.42628479
-7.87541723 -2.74969411 42.04129791
-7.52772379 -3.46674490 42.20215607
-7.30644512 -3.13666797 43.11473083
-7.19328594 -3.66847205 42.84061813
-6.94112492 -3.96845794 43.08901215
-6.89404106 -3.58410406 43.59174728
-6.90036488 -3.11724901 43.97579956
-6.64213324 -3.97730994 43.70959473
-7.21073294 -2.64579606 43.74268341
-7.18622208 -2.13857508 44.12314606
-7.61008787 -2.17489505 43.23021698
-7.50660276 -2.68255091 43.07962799
-8.08132172 -1.93449795 42.27603912
-8.56655216 -2.07313609 40.81095505
-8.42134762 -1.16555798 41.99014282
-8.95502090 -1.30824196 40.39588547
-9.03573990 -0.46969000 40.76710129
-8.55573273 -0.38851699 42.16537476
-8.15134525 -0.57595599 43.05821991
-8.07296753 -1.05697203 42.98733902
-7.77648687 -0.98678100 43.64186859
-7.76108217 -0.42848599 43.90488815
-7.45007896 -1.55238402 43.95574188
-7.90981102 -1.48316598 43.06205750
-8.03229427 0.04279900 43.56061554
-8.37589931 -0.02543000 42.80990601
-8.33448219 0.49678001 43.06466675
-7.96829987 0.60954702 43.80293274
-8.21415997 1.10719097 43.39777374
-8.59404182 0.94329602 42.56541443
-8.56973743 1.63023698 42.69476318
-8.08586121 1.74642205 43.63561630
-8.29217911 2.27532601 43.25476074
-8.70352554 2.24721003 42.42971039
-8.53569603 2.81768703 42.73055267
-8.16167068 2.68918300 43.46343994
-8.14281273 3.14661908 43.40069580
-8.46430492 3.30576491 42.80144119
-8.31188202 3.79910111 42.92131805
-7.68558502 3.73068309 43.91203308
-7.93576908 4.44518518 43.33700562
-8.37019730 4.39006186 42.61994171
-8.17690468 4.93025398 42.71624756
-7.78522682 4.87814903 43.41281891
-7.76571703 5.21177101 43.26565552
-8.05998135 5.56255913 42.54239655
-8.56322289 5.29616022 41.65792465
-8.68920803 4.63655901 41.78365326
-9.09210205 4.94343090 40.54283142
-9.18321133 4.09924603 40.76548004
-8.68611813 4.08153200 42.06104279
-8.82388496 3.42733002 41.93445587
-9.42593765 3.23810697 40.42544937
-9.08768559 2.58665395 41.44850922
-8.98433304 1.90227902 41.74513245
-9.04576302 1.17130101 41.45986176
-9.47400379 1.85671103 40.41609573
-9.60256481 2.57270908 40.07227325
-8.91469002 5.66596079 40.45705414
-8.38390541 5.94573402 41.56258011
-8.67683601 6.33413887 40.41883087
-8.15033340 6.55307484 41.50894928
-7.87872124 6.15601301 42.44141388
-7.53627014 5.74488497 43.26576614
-7.43063307 6.33138609 43.04579926
-7.23087788 6.73370981 43.01384735
-7.66062403 6.69630623 42.37214661
-7.36509991 7.17863607 42.37516785
-7.86212778 7.11169195 41.49209213
-8.38405991 6.95404577 40.41222382
-8.04038620 7.52600622 40.42716217
-7.65270185 8.04884529 40.45180511
-7.23024511 8.51652718 40.47602844
-7.14012289 8.10250473 41.50756836
-6.73143721 8.52492619 41.50968933
-6.78129387 8.91870880 40.49559021
-6.30508280 8.88098907 41.50352478
-6.31070709 9.24358368 40.51342773
-5.86692905 9.15447235 41.49976730
-5.81500101 9.48032188 40.54253387
-5.38878489 9.32205391 41.56048584
-5.28891182 9.63014603 40.58163071
-4.86969090 9.42552853 41.61916351
-4.97288179 9.02029800 42.55039215
-5.49861479 9.01384544 42.22789764
-5.39164400 8.63686752 42.93840408
-5.85790300 8.78643036 42.30142593
-5.81186914 8.39456940 42.94091034
-6.25187922 8.46929169 42.34680939
-6.13464117 7.98575306 43.10007858
-6.64446592 8.08559704 42.37062073
-6.55799484 7.63582182 43.02397156
-7.01992893 7.64910603 42.37867355
-6.85482121 7.12964582 43.13812637
-4.78629398 8.47741508 43.54055023
-4.36591911 8.85165405 43.17637634
-4.16086578 8.42665100 43.93871307
-3.84262300 8.69775772 43.60645294
-3.93185306 9.11145210 42.70659637
-4.49424219 9.20593357 42.39975739
-4.32335377 9.46086884 41.67297363
-4.73395300 9.69911575 40.61724091
-4.15184879 9.68527222 40.64611435
-3.54051304 9.58726406 40.66782761
-2.89504695 9.40709496 40.67781448
-3.13716602 9.29786110 41.78429031
-3.74680209 9.41740608 41.72627258
-3.38800311 9.13711452 42.56737518
-3.35701108 8.78674698 43.43091583
-2.81891894 8.51809502 43.94766998
-2.76602411 8.90453911 42.93422318
-2.48145294 9.10668945 41.83060455
-2.21000910 9.14885139 40.66849518
-1.47972405 8.81405926 40.63287354
-0.69324201 8.40094471 40.55842209
-1.02229202 8.53309345 41.87856293
-1.77929699 8.85486412 41.86050034
-2.09804106 8.79876709 42.76771545
-2.08466196 8.45631123 43.87501526
-1.38247299 8.49973488 43.10603333
-1.32800198 8.19901085 44.24720001
-0.72011501 8.13561153 43.90969086
-0.20909999 7.86124420 44.44807434
-0.01136800 7.96114588 43.45486450
-0.65451902 8.28444099 42.90100861
-0.14418299 8.11915970 41.94765472
0.48309800 7.81975317 42.67501068
0.75424600 7.65912199 41.52769470
0.12997200 7.92088699 40.35012054
0.40562201 7.63435698 44.46617508
-7.52108908 7.62755489 41.49873352
-9.55171585 1.11137605 40.06298828
-9.33576679 0.43667501 40.41278076
-8.76095676 0.30807599 41.94461060
-7.00595713 -5.62043190 40.38921356
-5.08752823 -7.70333910 40.50283051
-4.42180109 -8.03544521 40.92205429
-3.85886002 -8.48693848 40.59811401
-3.11581993 -8.71879578 40.99905777
-2.43459201 -9.07154465 40.66524124
-2.93745399 -8.40087509 42.33711243
2.43406296 -8.59618092 43.90914917
2.83144498 -8.36545944 44.28913879
3.00692511 -8.63225555 43.29886627
2.51870704 -8.80010986 43.16275024
3.40803695 -8.22193146 44.14220428
4.07124805 -8.06032562 43.92291641
4.42339802 -7.69490385 44.38510132
4.98914194 -7.52409220 44.12171936
5.56022120 -7.39949179 43.71261597
5.88816404 -6.99052095 43.95973206
6.37517500 -6.80430698 43.63025665
6.62903881 -6.36650419 43.87320709
7.02240515 -6.19890213 43.56580353
7.36338186 -5.84747601 43.44020462
4.66195679 -9.02720642 39.84137726
5.21697807 -8.58548641 40.88270569
5.70310497 -8.17963409 41.61220551
6.36637688 -7.99702978 41.06836700
7.02774096 -7.76321220 40.51544952
7.31867790 -7.29550791 41.21475601
7.56408024 -6.85487223 41.72956085
8.02045441 -6.58659887 41.28591919
8.45314026 -6.24551678 40.87150574
8.38338470 0.34270200 42.98839569
8.08852386 0.66137898 43.36464691
7.97827101 1.02316594 43.22604370
8.36578846 0.58576602 42.75209045
8.28607559 0.94598401 42.43231964
7.95301485 1.50780296 42.54872513
7.67971087 1.90979004 42.67261505
7.53341198 1.87490201 43.18926239
7.30691099 2.25398803 43.13630295
6.85005999 2.61070800 43.69902802
6.57819605 3.02354407 43.62806702
6.27138805 3.44126797 43.57811737
6.76746702 3.05264211 42.91467285
7.07598591 2.62572908 42.99166870
7.56415701 2.15612602 42.41436768
7.78330183 1.44259501 43.16767883
7.55656910 1.38085604 43.77566528
3.28719711 6.08385515 43.90953827
