-2.00344205 1.25317705 3.88055301
-2.60474205 2.25971389 4.94139624
-0.78264701 1.50176501 4.03229380
-3.24196005 3.10519600 7.18552113
-1.32070994 2.49978995 5.88955879
0.58681500 1.67634404 5.30246115
-3.75872898 3.66018105 10.21331310
-1.93824506 3.18999696 8.69435883
-4.11003923 4.00804615 13.69921112
-2.50226688 3.63522005 12.09312153
-0.74554700 3.15435290 10.96893311
-0.04576300 2.56743193 7.75489092
1.79190600 1.80087495 7.56356192
1.03989601 2.59548593 10.36821175
2.75793910 1.87882400 10.43332767
-4.31760883 4.32060480 17.31613350
-2.95705605 3.98501110 15.75866699
-4.39274597 4.68947220 20.81685448
-3.30503297 4.38890409 19.38467407
-1.99729300 4.05146217 18.25785637
-4.31411982 5.10184717 23.99605942
-3.49009395 4.85513306 22.75308990
-4.14929819 5.33766794 26.59511185
-3.56080794 5.25873709 25.76901627
-2.70073009 5.02922392 24.97899437
-2.42234111 4.55585098 21.73762512
-1.14465106 4.18402195 20.84482574
-1.62307203 4.69836712 24.18535233
-0.33292899 4.23574495 23.40807152
1.93062794 2.61704206 13.32680225
3.51793790 1.86061895 13.47245884
1.08633399 3.17886400 16.62953949
2.67005491 2.55706501 16.25185585
4.14276886 1.81745899 16.35389709
0.30037299 3.72094297 20.02876663
1.83180904 3.14795589 19.38195229
1.12053299 3.64652205 22.64664841
2.62621498 2.95112205 21.98130798
3.33307600 2.46221900 18.97563362
4.67046595 1.68641901 19.04314423
4.02061081 2.15431190 21.58943176
5.07634211 1.41484702 21.31523895
-0.51156801 3.67595100 17.34650803
0.25615400 3.16497588 13.75291348
-1.40402603 3.59502292 14.58638954
-4.34356499 5.58569717 28.56845856
-3.56773210 5.42909908 28.55312538
-4.59611082 5.97850323 31.09980011
-3.67907810 5.76955509 31.19694901
-2.84476995 5.48064423 30.99722672
-4.86450911 6.40144920 33.81456757
-3.85593700 6.21808100 33.94439697
-5.23449516 6.58486605 36.44608307
-4.19275522 6.56664896 36.57306671
-3.22128296 6.37118387 36.58526993
-2.95351911 5.90113878 33.86953735
-2.08094501 5.50508118 33.58210754
-2.28091192 6.04472303 36.44857025
-1.30715597 5.61353922 36.13992310
-4.58071995 6.78752613 38.23686218
-5.07382298 6.78408480 38.42727661
-5.62238407 6.66493988 38.11479950
-5.74681997 6.70092487 39.49784851
-5.23852682 6.83640194 39.54573059
-4.73802710 6.91211319 39.59150314
-4.24723577 6.93406391 39.63366699
-0.61120498 5.60024023 37.75303650
-1.13314295 5.90622997 38.21652985
-1.66408503 6.09628201 38.09954834
-1.83283305 6.42386103 39.61492920
-1.31744897 6.22013998 39.52972794
-0.77279299 5.97865295 39.39595413
-0.19467700 5.69129705 39.19219208
-2.63588190 6.46395397 38.26481628
-2.14035201 6.33385086 38.45378494
-3.59162998 6.70501900 38.29928207
-4.06301594 6.80170393 38.52146912
-3.09679103 6.63789701 38.54205322
-3.76343203 6.90773010 39.66757202
-3.28514004 6.83984423 39.68695831
-2.80822492 6.73416805 39.68726349
-2.32673192 6.59507608 39.66568375
1.41340804 5.00773907 39.48322296
1.26373804 5.41944408 40.91656113
1.78808606 5.07272387 40.53298950
2.53522611 4.24832678 38.62644577
3.05271602 3.55506206 36.50000381
1.68653500 4.43567896 37.36432648
3.48652411 2.81587291 33.43993759
2.10582590 3.64595008 34.25337219
0.87720400 4.42947388 34.80684662
0.61240500 4.93644619 37.20581055
-0.23892100 5.07419300 35.63021088
-0.00969300 5.33050919 37.76603699
0.40521899 5.35991716 38.90733337
0.98525101 5.02499485 38.62438202
1.94903803 4.69113207 39.26436615
3.95878506 2.29978895 30.21851158
2.55793095 3.17638803 31.06204796
4.39430523 1.90712094 26.94962692
3.02749801 2.82336903 27.81585503
1.58550596 3.61409092 28.57388687
4.77933121 1.63772500 23.80351639
3.48701906 2.51479411 24.54932976
2.04116297 3.32771707 25.29613876
0.56837302 4.03731680 26.04784393
-1.14572406 5.06572914 33.11492538
-0.97733599 4.75215387 29.97071457
-1.97871602 5.14175510 30.55601883
-0.77947599 4.55583620 26.79433060
-1.90560901 4.96485710 27.48403549
-2.81454492 5.24939013 28.10675812
0.21818800 4.26709986 29.29866028
-0.06751900 4.56673288 32.51055908
1.18325901 3.94549203 31.81677246
-0.58273298 0.20027800 3.62044311
1.04074097 0.45586801 4.00895977
1.15046203 -1.08039904 4.30490112
2.42130303 0.69227302 5.65766907
3.51276588 0.89010602 8.22801971
4.08125591 -0.35529801 7.06356907
2.81126189 -0.71289599 5.10337210
2.84752393 -2.30018091 6.11277819
4.36765194 -1.78825104 7.23508215
4.31022882 -3.30619693 8.68217659
4.33730221 0.97986698 11.27420235
4.98176384 0.99344599 14.25925732
5.71799994 0.03285000 12.76569653
5.49530792 0.93505698 17.12972641
5.86307001 0.84021199 19.91899872
6.73267412 -0.07705400 18.62163162
6.28525114 0.02634000 15.67938519
6.90329790 -0.98088199 14.76048756
7.45868301 -1.07638502 17.68596268
7.95511913 -2.11121798 17.13118362
5.63180494 -2.71015811 9.94318104
5.45066690 -4.15455723 11.53145790
6.54689693 -2.31958604 12.01088142
6.53851700 -3.59564495 12.77849960
6.33383322 -4.90695810 14.21151161
7.29205513 -2.11717606 14.43539429
7.38546801 -3.27045107 14.65557957
8.15919685 -3.19839406 17.02597809
8.12253857 -4.29764891 17.30973816
7.29830694 -4.44251108 15.44255066
7.05519485 -5.67148876 16.71795082
7.90563297 -5.39002609 17.94174957
7.60766220 -6.41492319 18.81539536
6.26231813 -1.07251406 11.98132896
5.47474718 -1.34270704 9.33043098
5.01959610 -0.07381700 9.78819847
5.88876200 0.70013100 22.83250427
5.67379713 0.93722200 25.97635651
6.83563185 -0.09682500 24.90278053
5.31439590 1.35685503 29.28908539
4.89146900 1.91141498 32.55714417
6.26190901 0.94556803 31.63624573
6.60457087 0.32807699 28.28685379
7.76725101 -0.71474701 27.30145264
7.54438591 -0.06730100 30.72707367
8.72382832 -1.19481504 29.90394020
4.38810301 2.64124298 35.47552490
3.95953488 3.30215597 37.78379059
3.23139596 3.83996010 38.45964813
5.13481522 2.61876607 37.71473694
2.34736204 4.70438910 40.18376160
2.97785401 4.29200697 39.84526825
6.01385021 2.28524709 38.75060272
5.30928707 2.86872411 39.40975952
4.71637583 3.29031491 39.69229889
4.45109177 3.75083709 40.97105408
5.01662779 3.31717491 40.60268021
5.64571381 2.82471609 40.18126678
6.27093410 2.32842493 39.78504944
4.30778503 3.36624789 39.00707245
3.65667701 3.82555389 39.42565155
8.48471737 -0.36017400 33.16980362
9.61144161 -1.56696296 32.55032730
8.03308105 0.53106201 36.09255981
9.26854801 -0.59071702 35.46694946
10.30782509 -1.85791600 35.04408264
7.11566496 1.52001595 38.65125275
8.45451164 0.34630099 37.80065155
7.78537893 1.12163401 39.56491470
7.12799215 1.75576901 40.11290741
8.66900539 0.26791501 39.54893494
9.78198433 -0.78605503 37.46500778
10.60689640 -2.07470703 37.17107391
9.69874382 -1.00058401 38.99697876
10.56140327 -2.20977998 38.89051819
6.58059406 2.21933198 40.36048126
6.55606318 1.55217004 36.66654968
7.19742680 0.69698399 33.94277191
5.80776405 1.67043102 34.80318451
10.98963165 -3.40384197 37.06940460
11.13942719 -4.59005022 34.76485443
10.97361946 -3.23168898 34.81017303
11.05731106 -5.67040586 32.05904388
10.99594975 -4.32667112 31.97982788
10.71620369 -6.46030521 29.09600830
10.87956524 -5.28055477 28.86313629
10.53556347 -3.88525295 28.92247009
10.66243935 -2.96632409 32.18158340
9.80506516 -2.52883101 29.26971245
10.23017120 -6.97210312 26.01710892
10.39972305 -5.74681807 25.66180801
9.37841702 -6.93264723 23.12466812
9.66011429 -5.76313305 22.67074966
9.69479084 -4.58760405 22.48286438
8.43029499 -6.66041517 20.60712242
8.78194714 -5.54971981 20.02855301
8.94167995 -4.43099117 19.69488716
8.85910416 -3.30920696 19.66325378
8.82055664 -1.90308201 26.45961380
8.74667454 -2.21642303 23.08412552
7.87397909 -1.12944996 23.88295746
8.43890476 -2.20628691 19.97728920
7.76710701 -1.16836298 20.67480087
6.88921404 -0.17370500 21.64483452
9.39400291 -3.38347697 22.60854340
9.70445156 -3.16181397 25.84911156
10.24319458 -4.46675777 25.58916855
-2.44320107 0.15876900 4.36671305
-0.90682697 -1.31092000 4.71027184
-3.12965989 -1.39111400 6.00652790
0.81882298 -2.73020601 6.09031820
2.48778105 -3.91946697 8.35876656
0.18655400 -4.40643978 8.91147518
-1.54461598 -3.00237393 6.97960806
-3.91420293 -3.11064506 8.67720032
-2.30985999 -4.68200684 10.13393688
-4.64604521 -4.75569010 11.97926331
3.91631794 -4.88779211 11.13167191
5.07653904 -5.66428709 13.80924225
3.33380008 -6.48853493 14.05524731
6.04732418 -6.35973406 16.35773087
6.83468914 -7.09074402 18.78307915
5.67927694 -7.96127605 19.12475204
4.62611103 -7.28201103 16.64879990
2.72034097 -8.12644577 17.31104660
4.06590986 -8.91597557 19.83119583
2.00879002 -9.71444416 20.71189690
-3.05722690 -6.25306320 13.70538330
-5.24480486 -6.22328901 15.46790314
-1.29507303 -7.61815882 15.90460014
-3.65299010 -7.70902777 17.19478989
-5.73093224 -7.53085184 18.79533386
0.42129201 -8.71981335 18.21044731
-1.95885098 -8.99373436 19.23427773
-0.31992099 -10.17526054 21.62121773
-2.67082691 -10.21503258 22.50437546
-4.23658609 -8.92123985 20.38911057
-6.13486195 -8.57273865 21.74907303
-4.79776812 -9.85498810 23.36217499
-6.33430386 -9.32296753 24.15221024
1.12265897 -7.15658283 14.77587986
-0.59027302 -6.04082823 12.37430191
1.85662603 -5.56806517 11.46480274
7.79242182 -7.68155003 21.16774178
8.82805729 -8.04963684 23.73133850
7.79671192 -8.98719406 24.50690651
9.62200737 -7.97796392 26.63170052
10.30028343 -7.61217594 29.55260468
9.51631832 -8.64224434 30.20750427
8.76949692 -9.01473141 27.32839012
7.49445820 -9.94852066 28.15017319
8.37464523 -9.59479904 31.03894806
6.64095592 -10.10032177 31.89057159
10.72227764 -6.86147404 32.39710617
10.93325615 -5.84885216 34.99727631
10.11551476 -6.81236506 35.36832047
10.64131927 -4.60134220 37.06276703
10.33983231 -3.47369409 38.95756912
10.19271946 -4.56270409 38.84031677
10.11712837 -5.69587183 37.71974182
9.59204483 -6.72655582 37.66088486
9.65618706 -5.62338018 39.53644180
9.91737938 -5.09801483 39.33480835
9.61066914 -6.17708588 38.84587097
9.23301506 -6.64461899 39.18273163
7.31317902 -9.37481499 35.00324631
5.90403700 -10.04593277 34.97765350
6.72851896 -9.20524406 37.73820496
7.44008780 -8.89533234 37.34195709
6.25787210 -9.63685799 36.72624207
5.37112522 -9.90358925 37.21629333
8.17185974 -8.56120491 36.46797943
8.38547039 -8.07206917 37.87337494
7.77318907 -8.42402840 38.36595917
8.64517307 -7.57969522 38.65314484
8.77132225 -7.05127478 39.63898468
8.25159264 -7.39179420 40.14608765
7.06712723 -8.71361732 38.98264694
6.30087996 -8.94529247 39.62183762
9.13900757 -7.71755123 36.39730072
9.11066628 -7.17033482 38.33339310
8.78161430 -8.66001225 33.69271851
10.05736446 -7.94312716 32.98777008
-0.23638900 -10.78791618 36.87820053
-1.40360200 -10.97440910 34.86001968
0.64686799 -11.20346832 34.47137451
1.77329898 -10.83992290 36.50433350
2.76740289 -11.09001160 33.89719391
0.77135402 -10.81035233 37.03778839
3.83402205 -10.58337212 35.89997864
4.82985592 -10.67184258 33.07897568
4.87468576 -10.31327915 35.81510162
2.80550194 -10.70307922 36.57969284
4.34575987 -10.12246513 37.75728607
3.30738306 -10.31925869 38.09657669
2.30423999 -10.45081806 38.33978653
1.31796598 -10.50812721 38.52318573
-2.89365292 -11.35142136 31.72859955
-0.73146099 -11.80811977 31.30860901
-4.23459911 -10.96928787 28.83099747
-2.13823104 -11.57107544 28.40270042
0.19948500 -11.76603603 27.78820419
-5.49843502 -10.30439281 26.17969894
-3.53413892 -11.00436783 25.69458771
-1.22180796 -11.31727409 25.03244781
1.18778598 -11.15382862 24.24206924
5.84896898 -10.81441879 29.04391670
4.70661592 -10.85416985 26.13733673
6.45386791 -9.95723534 25.27623749
3.47815394 -10.54987144 23.33700180
5.35038090 -9.62188053 22.43480682
6.77290678 -8.64262962 21.70598602
2.56611800 -11.51353073 27.01436234
3.84906793 -11.50570679 29.93049240
1.58824396 -11.86521626 30.70485497
-3.59689498 1.54482603 4.99082899
-4.40443420 0.23489401 6.10610580
-5.40420818 1.63917804 7.18375111
-5.22672701 -1.39699996 8.19941521
-5.98784208 -3.10542107 11.06835365
-7.04212713 -1.43766499 11.04332733
-6.24697924 0.19075499 8.73199844
-7.08558702 1.51636899 10.07761288
-7.86957502 0.04472300 11.83631516
-8.54635429 1.29081202 13.27251816
-6.63582182 -4.71605110 14.35929108
-7.07482195 -6.10753393 17.70567513
-8.24822235 -4.61446190 17.08303070
-7.40641403 -7.24987984 20.75322342
-7.47782421 -8.24495029 23.60695267
-8.60140610 -6.91552782 23.10898590
-8.51377773 -5.81532812 20.12091637
-9.51139832 -4.32355309 19.79082298
-9.57827854 -5.47041082 22.76966476
-10.46912956 -3.94761801 22.60405540
-9.22576141 -0.08999700 15.04173470
-9.78193378 1.13261402 16.41906548
-9.78207397 -1.43777800 17.25238419
-10.38554192 -0.07905000 18.08884239
-10.81678772 1.13141096 19.36132812
-10.24940872 -2.74009204 19.83095932
-10.89525223 -1.26673400 20.21006203
-11.19919682 -2.38775897 22.63793182
-11.75579071 -0.90285498 22.96673584
-11.41361141 0.10178800 20.94812012
-11.66716766 1.24296701 22.11070442
-12.19509983 0.47328299 23.61203766
-12.32047367 1.49021101 24.25335312
-9.09645939 -2.95546293 16.85526466
-8.54256344 -1.48600101 14.16308403
-7.72545290 -3.07456398 13.89481735
-7.05945587 -9.26451778 26.26586151
-5.98198700 -10.03941154 29.02219772
-7.40082121 -8.87335491 28.97630310
-4.76065207 -10.56271744 31.95744705
-3.27132010 -10.42486382 35.09770203
-4.88983917 -9.61030197 35.20227814
-6.30404615 -9.52536392 32.00656509
-7.57254505 -8.31717300 31.93526649
-6.25045109 -8.59067154 35.20881653
-7.38626194 -7.41183615 35.17140198
-2.11845207 -10.41853523 37.11207581
-1.17482102 -10.59971237 37.31864166
0.35243201 -10.48977757 38.65575409
-0.58772600 -10.39388371 38.75484467
-1.48925900 -10.22137070 38.83709717
-2.35015607 -9.97587585 38.90519714
-7.45092106 -6.65453386 37.22935104
-6.91387177 -7.25176191 37.52764130
-6.44445086 -7.85157585 37.24452209
-5.83517504 -7.93598986 38.93370438
-6.36483622 -7.39803123 38.92685318
-6.84813023 -6.82145691 38.93222427
-7.29464388 -6.20875597 38.93949890
-5.23938179 -8.89935493 37.26258087
-5.82082605 -8.36915398 37.54769897
-3.79940391 -9.77048016 37.23400879
-2.95402098 -10.08720779 37.48814392
-4.50838280 -9.32682800 37.55180359
-3.16143894 -9.66920853 38.94476318
-3.91735697 -9.30715847 38.95797348
-4.61321211 -8.89395428 38.95858383
-5.25262213 -8.43421555 38.94933319
-9.56345177 -2.35134912 37.31034851
-10.30044270 -1.57946002 35.21267319
-9.81724453 -3.15413189 35.16338348
-9.00669861 -3.88642406 37.26823044
-9.15386200 -4.67304802 35.13465118
-9.23635387 -3.12446499 37.59109879
-8.30001640 -5.32772017 37.23465347
-8.34371853 -6.09989119 35.13809204
-7.83250523 -5.99387980 37.52400589
-8.60486221 -4.61355495 37.54827499
-7.70463181 -5.56552696 38.95144653
-8.07774353 -4.89051104 38.97626877
-8.41630077 -4.18548012 39.00688171
-8.72203541 -3.45027089 39.03565216
-11.42074585 -0.76775402 31.90128708
-11.00603104 -2.38209009 31.80249023
-12.08859825 0.15929000 28.87920380
-11.81012821 -1.37913799 28.70444870
-11.24104881 -2.97454500 28.60181808
-12.52130127 0.98387098 26.13616943
-12.31460571 -0.38468599 25.84462738
-11.86677647 -1.88729596 25.59450150
-11.15996361 -3.48591900 25.50656891
-8.63886070 -6.98272419 31.83175468
-9.59115124 -6.12416601 28.65733719
-8.57744408 -7.55769396 28.81070328
-10.32153511 -5.11294508 25.54756165
-9.38018799 -6.60891199 25.73829842
-8.30001926 -8.00586224 26.01607132
-10.47762680 -4.57870817 28.58500290
-9.56056976 -5.53209877 31.76389122
-10.35984802 -3.98509502 31.75518417
-4.44633818 2.65662503 6.62988901
-6.17811489 2.72964811 9.10477829
-7.69572878 2.55212593 12.10639572
-6.63346577 3.47768903 11.73366356
-5.05552721 3.44837308 9.14593410
-5.38894701 3.92380905 12.29941559
-8.97387886 2.29652905 15.28869438
-10.07698154 2.17210603 18.31565666
-9.07283592 3.12224793 17.79089737
-10.98032188 2.16441703 21.17429733
-11.76169300 2.18601799 23.88893127
-10.91169834 3.06730700 23.62820244
-10.04684925 3.06809807 20.72709465
-8.85784912 3.85142899 20.68160057
-9.75781631 3.88698506 23.64570999
-8.36777020 4.58422184 23.83522797
-5.48409224 4.22198009 15.79398060
-6.62529993 4.32257414 18.27807045
-5.43483305 4.55960894 19.33984375
-7.58327723 4.42316484 21.01476669
-6.33320189 4.76639318 21.70098495
-7.05825615 5.02977085 24.32627678
-5.86946583 5.26152802 24.97716331
-5.22573709 4.94369602 22.69356918
-4.87209082 5.35207176 25.74246597
-7.88577080 3.86542392 17.74905396
-6.75077677 3.93716502 14.87477493
-7.94952393 3.29009509 14.73096848
-12.30181599 2.16628098 26.24831772
-11.99542046 1.59343195 29.05717468
-11.49839783 2.86989403 29.20172310
-11.51755524 0.80976200 32.03821182
-10.54812622 -0.00440600 35.26871490
-10.50230598 1.50373805 35.35248184
-11.26108742 2.28973389 32.18782806
-10.64730072 3.60781002 32.35710907
-10.13144112 2.90178394 35.49356079
-9.45827866 4.14441013 35.65730286
-9.93274307 -0.76651001 37.33933258
-9.70483685 -1.55756700 37.62891006
-8.99235916 -2.68834996 39.05987549
-9.22365189 -1.90674698 39.07578278
-9.40770721 -1.11396098 39.08361435
-9.54083633 -0.30603400 39.07778931
-8.66067696 4.75093603 37.69870758
-9.00087738 4.20437908 37.93916702
-9.39568233 3.57089305 37.59638977
-9.15834141 3.24323297 39.23050690
-8.85463619 3.91991305 39.30437469
-8.52248764 4.53141117 39.28693008
-8.14318180 5.06415319 39.28420258
-9.89263535 2.22112608 37.41542816
-9.62455940 2.91226006 37.78853607
-10.06809616 0.77876103 37.32831955
-9.96899414 0.02588400 37.62316132
-9.95985985 1.51685500 37.64004517
-9.64316654 0.46208999 38.96641922
-9.64420319 1.18270695 38.96326447
-9.56845474 1.88569498 38.99562073
-9.41756153 2.56241798 39.06010437
-6.34520006 6.37645721 36.24996948
-6.69701815 6.29679585 37.96249390
-7.47748280 5.90632915 36.03040314
-6.13160706 6.53861523 38.29363251
-7.73881102 5.66177416 37.81150055
-8.54701233 5.16008902 35.82740021
-8.17688370 5.25909519 38.01898193
-7.19310999 6.03484011 38.14498901
-7.71754408 5.52444077 39.30492401
-7.25574017 5.91678619 39.34233475
-6.76531696 6.24240780 39.39224243
-6.25929403 6.50375795 39.44527435
-6.00849009 6.38527584 33.54033279
-5.66593885 6.04761410 30.77884293
-6.88413715 5.89905310 30.36324692
-5.29332113 5.68514490 28.16234016
-6.42562294 5.60317183 27.63892174
-7.71009207 5.29877377 27.12627792
-9.70431709 4.70998716 32.58078384
-9.48450756 4.85251808 29.61375427
-10.62532806 3.96268392 29.36851120
-9.06113911 4.78214502 26.71654129
-10.34449005 4.03935719 26.45214844
-11.40742397 3.14289403 26.35477829
-8.19130135 5.50340986 29.95425987
-8.52977753 5.55341911 32.86907959
-7.25726509 6.11168814 33.20272064
5.95140600 2.76796293 40.89707184
6.21014977 2.68122602 41.47288895
8.06822395 0.97398102 40.95539093
7.50636721 1.55718505 41.40379333
7.64372301 1.41232598 41.90003204
7.33541012 1.66896701 40.78315735
8.93766117 -0.35883901 41.60277176
8.55451965 0.20743100 41.89973450
8.54653168 0.03617100 42.34143448
8.99745083 -0.17974301 40.38702393
8.49820995 0.47836801 40.77270508
8.54424953 0.35420600 41.35572433
7.89219999 1.12956798 40.45646667
9.38238144 -1.37720597 41.39147568
9.15490055 -0.81333798 41.55450821
9.01547241 -0.91387898 42.11311340
9.46740532 -1.04495597 40.55251694
8.92954063 -0.19186801 41.14825439
9.49610996 -2.30995893 41.60712433
9.45311737 -1.84513104 41.55753326
9.21683311 -1.87513101 42.19067764
9.82293510 -2.28847289 40.56010437
9.39190674 -2.77234793 41.88954163
9.67593002 -2.78835011 41.17100525
9.90324211 -3.28124499 40.44669724
9.72345066 -3.88482308 40.78418350
10.04415512 -3.94676900 39.82819366
9.57305813 -5.04098606 40.41122818
9.27107716 -6.09715223 40.01027298
9.24449539 -5.54253292 40.75108337
9.85382748 -4.50364017 40.07397842
9.56594467 -3.29624200 41.38450623
9.19362831 -2.31425500 42.33317566
9.15544701 -1.40667701 42.11362457
8.81017876 -0.42783499 42.19046021
8.09210777 0.91049701 41.62963486
6.74973392 2.20595789 41.14752197
5.84982491 -9.43423653 38.53679657
8.03759670 -7.91120386 39.33762360
4.07796478 3.80042696 40.29602051
0.83302301 5.40487385 40.02555466
-7.53248119 0.03198000 44.43087006
-7.30182505 -0.93909699 44.59040070
-6.85457802 -0.16168900 45.39658737
-6.45384884 -1.17973697 45.74451447
-6.13487482 -0.14695200 46.35563660
-6.98975277 -1.83212197 44.78753281
-6.44131804 -2.15616298 45.47093964
-5.54929304 -0.95028901 46.97361374
-6.82249498 -2.72322798 44.63191223
-6.07167387 -2.96536207 45.62471771
-5.80299520 -2.06488800 46.37329102
-6.48698616 -3.74239302 44.50423050
-5.62020206 -3.92195392 45.73054504
-5.18893099 -3.16018891 46.81435394
-5.04010677 -1.96642601 47.41079330
-4.92416620 -0.18922099 47.80525208
-4.85390997 -1.11700404 47.80165482
-5.89965010 -4.70704794 44.65550613
-4.99078894 -4.86143780 45.97945404
-5.02903700 -4.06800318 46.58834076
-4.28477383 -4.31398678 47.70553589
-4.40902090 -2.80218005 48.05819321
-4.37464619 -1.69878495 48.28351212
-5.34863091 -5.61349201 44.61904144
-4.87445307 -6.37131023 44.42279053
-4.51307583 -5.93810511 45.55883026
-4.06411982 -6.92171192 44.82986450
-3.57530308 -6.39128923 46.52454376
-4.19134188 -5.43373585 46.75900269
-3.56625700 -5.64248991 47.88143921
-3.55697489 -5.09683704 48.98902130
-2.83621192 -6.52542305 47.90823746
-2.93065596 -6.07512188 49.27614594
-3.25334501 -5.50346899 49.95372009
-3.40532899 -7.61447906 44.54549408
-3.08543801 -7.25132704 45.68074799
-2.74188399 -6.98970509 46.84305573
-2.60111904 -7.95138311 44.84064484
-2.10352302 -7.59698391 46.29141235
-2.09452295 -7.15649509 47.67120361
-2.09334493 -6.87583923 49.12997437
-1.44626200 -7.56749201 47.29888916
-1.33504903 -7.35671902 48.42340088
-1.11540103 -7.95923996 46.37216949
-1.62459004 -8.25523376 45.11653900
-0.80543900 -8.35929680 45.47115707
-0.57657301 -7.74057198 47.61354828
-0.47452500 -7.51600790 49.17438507
-1.32007504 -7.26267910 49.55328369
-0.13000999 -8.19149399 46.25942993
-0.21041401 -8.64309120 44.97609711
0.19068600 -7.67028522 48.27162933
-3.82698393 -3.43658400 48.96250916
-3.69443488 -2.22954202 49.04522324
-4.32789087 -0.78228599 48.41280365
-3.75222397 -4.30122423 49.11200714
-3.87141609 -1.29425299 48.85071564
-3.69054508 -0.51720899 49.03177643
-3.53809309 -4.73531580 49.92910767
-3.53852391 -3.91738510 49.91415405
-3.25699210 -3.04920506 49.85878754
-3.23330498 -1.24493098 49.40100479
-2.85007310 -2.07868099 49.80686188
-2.29900002 -1.06492996 49.99016571
-1.98517597 -2.14311504 50.26323700
-1.32230604 -1.35641098 50.33712006
-1.02439404 -2.22923398 50.44850922
-0.56226599 -1.56626594 50.44913864
-0.06748600 -2.10599399 50.47937012
-0.58267599 -0.79126197 50.48646927
-7.09681416 0.59152001 45.11069489
-6.50781202 0.66452497 45.90550232
-5.80708122 0.72435200 46.79233932
-5.54493904 0.00937600 47.11113739
-7.58967781 1.01526499 44.32947159
-6.91099596 1.38971496 45.27937317
-6.14179611 1.56464803 46.26917648
-6.58036518 2.23521900 45.52830505
-7.44331980 2.22639799 44.28160095
-6.55542707 3.24520898 45.15371704
-5.23989582 0.59659100 47.47742462
-5.76449919 2.69798493 46.45256042
-5.18282080 1.63127506 47.43851471
-6.77580309 4.34751987 44.15451813
-6.06258202 4.11989307 45.36450958
-5.78646088 3.63760090 46.04264450
-5.79942608 4.86090899 45.09168243
-4.67423582 0.78806698 48.10032654
-4.84241581 2.85660005 47.60185242
-4.45648289 2.23106909 48.23987579
-5.15547609 3.63196111 46.88372040
-4.43015099 3.78846312 47.77710724
-4.71081400 4.31037378 47.06511688
-5.31727409 4.40860987 46.16316223
-5.10527897 5.12750483 45.76582336
-4.19721079 0.11760000 48.58510590
-4.00346613 1.01256096 48.80971909
-4.43025017 1.53737295 48.34790802
-3.99231601 3.09675789 48.65531921
-4.50309515 5.02753878 46.65773773
-3.50716209 0.38174099 49.23824310
-3.78223705 1.99942398 49.04562378
-3.72831202 4.15044403 48.61710739
-2.96273303 -0.28680700 49.61458588
-2.77022004 0.72170198 49.87001038
-3.37743902 1.23252702 49.43838501
-3.27934599 3.77793193 49.62539673
-3.36976600 2.82006502 49.55292130
-3.12909102 4.63199806 49.42147446
-4.08780622 4.60554981 47.68373489
-3.40886307 4.94054699 48.43260193
-2.79326105 2.03562498 50.16914368
-2.97687793 3.17132092 50.21747589
-2.82522011 5.27221489 49.23201752
-2.24579597 -0.00196000 50.09729004
-1.70879602 0.96200198 50.61307526
-0.66396499 0.18313400 50.66284561
-0.65770000 0.94459498 50.97895813
-5.27774906 5.58417511 44.92835236
-4.58633089 6.14029694 44.84696198
-5.36648607 6.14245081 43.90509033
-4.56420517 5.62992477 45.78116226
-3.68907690 5.31675100 47.39498138
-3.96841311 5.63602400 46.50665283
-3.87892199 6.09557486 45.73728180
-3.78035593 6.58187199 44.65055847
-4.59378099 6.61611319 43.80469894
-2.95724106 5.58812618 48.13584137
-3.16067791 5.98026991 46.78792953
-2.82319498 6.78600502 44.59656906
-3.16443110 6.42223310 45.61450958
-2.27175212 6.11798382 47.80335999
-2.15198708 6.50684977 46.11125946
-2.35887098 5.80484200 49.04817581
-2.04972005 6.77429485 44.80111694
-1.63390398 6.26871681 49.00658798
-1.34961605 6.44722509 47.61217880
-0.68840802 6.56829214 48.87071991
-0.36490399 6.51837015 47.47458267
-0.98026001 6.58233500 46.29399109
-1.39564502 6.70556879 45.13040543
-0.06115600 6.50741291 46.16278076
-0.55798900 6.63145924 45.11098862
0.27691600 -7.88567877 47.33863831
0.66952598 -8.58817101 45.25904083
0.85016203 -8.10766983 46.56753540
1.04818904 -7.68803310 47.85851288
1.47980201 -8.78798199 44.63661194
1.53591704 -8.34855270 45.71725464
1.69383597 -7.89766598 46.79418182
1.41082704 -7.25593281 49.76538849
1.61235797 -7.28945398 48.84680176
2.06649709 -6.92651510 49.66495895
2.32178807 -8.54880142 44.85646057
2.18843699 -8.10344505 45.97846222
2.50108910 -7.66486311 46.71133041
2.02894807 -7.42977095 47.75913239
2.43674898 -6.91799116 48.66590500
2.80645299 -6.34709501 49.66846466
2.87759089 -8.01237583 45.64213562
3.08918405 -8.36618614 44.74425888
2.87257290 -7.08970690 47.54391479
3.33171105 -7.41268015 46.37122345
3.81589293 -7.92104387 44.97227097
4.03528404 -5.78370285 47.95923615
3.22661400 -6.40620518 48.41896820
3.69835496 -6.67538309 47.19144440
4.20801592 -7.06743622 45.97277832
4.73312616 -7.45559406 44.86848068
5.14824915 -6.63321590 45.50336075
4.50029087 -6.26113701 46.72072601
5.18330908 -5.81208420 46.33219147
0.18852600 -1.34911799 50.48619080
0.34118301 -0.31573600 50.60179138
0.92688900 -2.16110492 50.46703339
1.07682800 -1.15589595 50.42402649
1.24375200 -0.31933901 50.46286774
1.86469102 -1.94878995 50.30700684
1.89376998 -0.84502399 50.20589447
1.87873602 0.13810600 50.30799866
2.70813608 -2.51776505 50.15463257
2.66422105 -1.43388605 49.88132477
2.62727690 -0.35896599 49.82776642
3.36146903 -3.02991605 49.92635345
3.48230195 -2.04653406 49.44535065
3.39776897 -0.89788997 49.31145096
3.50035691 -5.60429192 49.37885284
3.75232697 -3.80120492 49.74430466
3.95772505 -2.87842894 49.18391418
4.17541122 -2.17303896 48.81400299
4.09192419 -1.41043103 48.78242493
3.37676692 0.31760499 49.24763870
4.01124620 -5.07203388 48.78072739
4.19410181 -4.34777308 48.84443665
4.58449078 -4.88171101 47.89048004
4.69166517 -4.07008600 48.11844254
3.73171592 -4.73608923 49.75628662
4.37823296 -3.52315402 48.69141388
4.57887888 -2.70569801 48.41577911
4.12323093 -0.47850701 48.62278748
5.20791101 -4.25685501 47.31621933
5.21934223 -5.06619501 46.87849808
5.07407284 -3.34056497 47.75186157
4.74526215 -1.83855402 48.17377472
4.59965897 -1.05383694 48.24412155
6.15425396 -6.54826117 44.47097397
5.50501394 -7.24329615 44.38190460
5.72386312 -5.99386978 45.51511383
6.33404589 -5.62101889 45.08923340
6.97742987 -5.94675112 44.07471466
5.77398491 -5.32662678 45.99636459
5.81708002 -3.63859510 46.72863770
5.69249105 -2.70505095 47.06504822
5.11449003 -2.49449897 47.78001022
5.45040178 -1.89939702 47.39225769
5.16473198 -1.16418898 47.66374207
4.84242010 -0.40851700 47.89250183
7.01702595 -4.97674894 44.67363358
6.31974983 -4.90437698 45.58193207
6.60847092 -4.04337502 45.60224152
5.83062983 -4.54075813 46.38049316
6.20638609 -1.92711401 46.49859619
5.73271608 -1.29947197 47.04393005
5.57271099 -0.52849102 47.11643982
7.23337698 -3.19664502 45.08954239
7.53456116 -4.09395409 44.45223236
7.06661987 -2.21179700 45.45278168
6.44682884 -2.95063210 46.09873199
6.76275492 -1.45066905 45.83486938
6.22446680 -1.01772404 46.43847275
6.17340088 -0.25358900 46.35633087
6.83619499 -0.70724601 45.64573669
7.42174101 -1.43462801 45.02555084
7.40527582 -0.74748701 44.93883514
0.10138800 0.64214402 50.91579437
1.02517295 0.57711500 50.76050186
1.93634903 1.21477902 50.59546280
2.53845501 0.54949898 49.97071838
2.41661596 1.90620196 50.51455688
2.86219096 1.41953099 49.84297943
2.82636499 2.41724300 50.17407990
3.26078510 2.09305096 49.43714523
3.08314610 3.79937291 49.61783600
3.22844601 2.85529709 49.48529053
3.55031490 3.20153189 48.70304108
3.30850410 3.99134588 48.60517502
3.77028990 3.47598100 47.94572449
3.66254497 1.40623701 48.91210175
3.70828199 2.33100796 48.72557068
4.17936993 2.68237305 47.76386261
4.21625996 3.35241795 47.02672958
4.39905977 0.54286498 48.17106247
4.34122086 1.67975295 47.97402954
4.85852385 3.14419508 45.94164276
4.06323099 3.99817395 46.15345764
0.20277300 6.55996418 48.62339020
0.68435103 6.31704903 47.17673492
1.01748204 6.35165215 48.64868164
0.74291301 6.30282879 45.56814575
0.09986900 6.50993490 45.19727325
1.67657697 6.07103920 49.08392334
1.86258495 5.77219677 47.38388824
1.37811899 6.04511118 46.24517822
1.99526501 5.73673010 45.91405869
2.43204308 5.49646091 44.80434418
1.59081995 5.95210600 45.06475830
2.69578695 5.26842880 45.94689941
3.03054595 4.61306906 48.31358337
3.57279992 4.06596804 47.54824066
3.02099800 4.84625101 47.13942337
2.41140103 5.37427282 48.78087616
2.82336092 4.71322918 49.42988968
3.35741305 4.90998411 44.57427216
3.48438811 4.67732096 45.71795654
4.99113417 3.49790001 44.88967896
4.26370096 4.22004604 44.64958572
4.80990505 1.99982798 47.16312790
5.42320013 1.89546502 46.28479004
4.81893921 2.61639190 46.68650818
5.63917398 2.75345492 44.94344711
5.15235615 0.17819101 47.42638397
5.25104618 1.03263700 47.00745392
6.07653904 1.18035102 45.81993103
6.15029097 1.92268205 45.09145737
5.38518715 2.49138403 45.81200790
5.65613222 0.19226600 46.84540558
6.08468580 0.46313399 46.21403885
6.60333109 -0.00383900 45.74652863
6.68768978 0.53092003 45.38048935
6.80769920 1.11417496 44.81578064
7.17860889 -0.13167100 45.03033066
-2.61277390 -2.74031401 50.24076080
-1.47224104 -0.34460300 50.36817169
-6.17152119 5.43276310 43.90221786
0.67822498 -7.50008488 49.28385544
4.70812511 -5.56427908 47.18346405
2.92522311 3.24563599 50.20484924
0.00000000 1.48386300 51.17419815
0.00000000 1.20429206 51.24910736
0.50818998 1.53220904 51.16124344
0.56465602 1.25801003 51.23471451
0.99685103 1.67539203 51.12287521
1.10761201 1.41710305 51.19208527
1.44720304 1.90790796 51.06057358
1.60800397 1.67545402 51.12285995
1.84194005 2.22082210 50.97673035
2.04660010 2.02313590 51.02969742
2.16589189 2.60210800 50.87456512
2.40654707 2.44678712 50.91618347
2.40661097 3.03711605 50.75800323
2.67401195 2.93012905 50.78667068
2.55484509 3.50912595 50.63153076
2.83871603 3.45458388 50.64614487
2.60489702 4.00000000 50.50000000
2.89433002 4.00000000 50.50000000
2.83871603 4.54541588 50.35385513
2.55484509 4.49087381 50.36846924
2.67401195 5.06987190 50.21332932
2.40661097 4.96288395 50.24199677
2.40654802 5.55321217 50.08381653
2.16589308 5.39789104 50.12543488
2.04660106 5.97686386 49.97030258
1.84194100 5.77917814 50.02326965
1.60800397 6.32454586 49.87714005
1.44720304 6.09209204 49.93942642
1.10761201 6.58289814 49.80791473
0.99685103 6.32460785 49.87712479
0.56465602 6.74199009 49.76528549
0.50818998 6.46779108 49.83875656
0.00000000 6.79570818 49.75089264
0.00000000 6.51613712 49.82580185
-0.50818998 1.53220904 51.16124344
-0.56465602 1.25801003 51.23471451
-0.99685103 1.67539203 51.12287521
-1.10761201 1.41710305 51.19208527
-1.44720304 1.90790796 51.06057358
-1.60800397 1.67545402 51.12285995
-1.84194005 2.22082210 50.97673035
-2.04660010 2.02313590 51.02969742
-2.16589189 2.60210800 50.87456512
-2.40654707 2.44678712 50.91618347
-2.40661097 3.03711605 50.75800323
-2.67401195 2.93012905 50.78667068
-2.55484509 3.50912595 50.63153076
-2.83871603 3.45458388 50.64614487
-2.60489702 4.00000000 50.50000000
-2.89433002 4.00000000 50.50000000
-2.83871603 4.54541588 50.35385513
-2.55484509 4.49087381 50.36846924
-2.67401195 5.06987190 50.21332932
-2.40661097 4.96288395 50.24199677
-2.40654802 5.55321217 50.08381653
-2.16589308 5.39789104 50.12543488
-2.04660106 5.97686386 49.97030258
-1.84194100 5.77917814 50.02326965
-1.60800397 6.32454586 49.87714005
-1.44720304 6.09209204 49.93942642
-1.10761201 6.58289814 49.80791473
-0.99685103 6.32460785 49.87712479
-0.56465602 6.74199009 49.76528549
-0.50818998 6.46779108 49.83875656
0.57886600 4.96846199 50.24050140
0.00000000 5.11828279 50.20035553
0.00000000 4.69892693 50.31272125
0.51165003 4.49421597 50.36757660
1.00262499 4.55914211 50.35017776
0.72358298 4.00000000 50.50000000
1.15773201 4.00000000 50.50000000
1.00262499 3.44085789 50.64982224
0.51165003 3.50578403 50.63242340
0.57886600 3.03153801 50.75949860
0.00000000 3.30107307 50.68727875
0.00000000 2.88171697 50.79964447
0.00000000 2.32257509 50.94946289
0.66456699 2.45026207 50.91525269
1.22795999 2.81388092 50.81781769
1.60440695 3.35807705 50.67200089
1.73659801 4.00000000 50.50000000
1.60440695 4.64192295 50.32799911
1.22795999 5.18611908 50.18218231
0.66456699 5.54973888 50.08474731
0.00000000 5.67742491 50.05053711
0.00000000 6.09678078 49.93816757
0.83070898 5.93717289 49.98093414
1.53495097 5.48264790 50.10272598
2.00550890 4.80240393 50.28499603
2.17074800 4.00000000 50.50000000
2.00550890 3.19759607 50.71500397
1.53495002 2.51735210 50.89727402
0.83070898 2.06282711 51.01906586
0.00000000 1.90321898 51.06183243
-0.57886600 4.96846199 50.24050140
-0.51165003 4.49421597 50.36757660
-1.00262499 4.55914211 50.35017776
-0.72358298 4.00000000 50.50000000
-1.15773201 4.00000000 50.50000000
-1.00262499 3.44085789 50.64982224
-0.51165003 3.50578403 50.63242340
-0.57886600 3.03153801 50.75949860
-0.66456699 2.45026207 50.91525269
-1.22795999 2.81388092 50.81781769
-1.60440695 3.35807705 50.67200089
-1.73659801 4.00000000 50.50000000
-1.60440695 4.64192295 50.32799911
-1.22795999 5.18611908 50.18218231
-0.66456699 5.54973888 50.08474731
-0.83070898 5.93717289 49.98093414
-1.53495097 5.48264790 50.10272598
-2.00550890 4.80240393 50.28499603
-2.17074800 4.00000000 50.50000000
-2.00550890 3.19759607 50.71500397
-1.53495002 2.51735210 50.89727402
-0.83070898 2.06282711 51.01906586
0.00000000 3.72042894 50.57490921
0.28943300 4.00000000 50.50000000
0.00000000 4.00000000 50.50000000
-0.28943300 4.00000000 50.50000000
0.00000000 4.27957106 50.42509079
0.00000000 -6.95830488 50.50000000
-0.00000200 -7.61095619 50.50000000
0.49988401 -6.93274784 50.50000000
0.95789599 -7.45392513 50.50000000
0.98437202 -6.84255123 50.50000000
1.73755503 -7.10293293 50.50000000
1.51913702 -6.67446899 50.50000000
2.01829696 -6.42265987 50.50000000
2.39211702 -6.63687611 50.50000000
2.45092392 -6.05639601 50.50000000
2.80525088 -6.23410797 50.50000000
2.79179001 -5.71896887 50.50000000
3.21320510 -5.69464302 50.50000000
3.01775193 -5.36455917 50.50000000
3.47028899 -5.18120193 50.50000000
3.18573689 -5.02515793 50.50000000
3.57184911 -4.80017805 50.50000000
3.27013302 -4.65823698 50.50000000
3.61493611 -4.34319115 50.50000000
3.26870894 -4.37479305 50.50000000
3.26124907 -4.12673998 50.50000000
3.48112607 -3.92839599 50.50000000
3.22025704 -3.95435810 50.50000000
3.28822708 -3.62482500 50.50000000
3.12448096 -3.76941299 50.50000000
2.99232411 -3.58684111 50.50000000
2.97207093 -3.31531596 50.50000000
2.82253194 -3.44931102 50.50000000
2.58417892 -3.30219293 50.50000000
2.55100298 -3.03992009 50.50000000
2.25031400 -3.13970304 50.50000000
2.05455589 -2.81540704 50.50000000
1.85079801 -2.97983098 50.50000000
1.72398996 -2.71719003 50.50000000
1.52555096 -2.87808990 50.50000000
1.39342403 -2.61897206 50.50000000
1.23650599 -2.79502010 50.50000000
1.06289303 -2.56286907 50.50000000
0.77706599 -2.72589588 50.50000000
0.73236197 -2.50676489 50.50000000
0.31762701 -2.71296597 50.50000000
0.36618000 -2.48588705 50.50000000
-0.00000200 -2.46500897 50.50000000
0.00000000 -2.71784902 50.50000000
-0.49988401 -6.93274784 50.50000000
-0.95789599 -7.45392513 50.50000000
-0.98437202 -6.84255123 50.50000000
-1.73755503 -7.10293293 50.50000000
-1.51913702 -6.67446899 50.50000000
-2.01829696 -6.42265987 50.50000000
-2.39211702 -6.63687611 50.50000000
-2.45092392 -6.05639601 50.50000000
-2.80525088 -6.23410797 50.50000000
-2.79179001 -5.71896887 50.50000000
-3.21320510 -5.69464302 50.50000000
-3.01775193 -5.36455917 50.50000000
-3.47028899 -5.18120193 50.50000000
-3.18573689 -5.02515793 50.50000000
-3.57184911 -4.80017805 50.50000000
-3.27013302 -4.65823698 50.50000000
-3.61493611 -4.34319115 50.50000000
-3.26870894 -4.37479305 50.50000000
-3.26124907 -4.12673998 50.50000000
-3.48112607 -3.92839599 50.50000000
-3.22025704 -3.95435810 50.50000000
-3.28822708 -3.62482500 50.50000000
-3.12448096 -3.76941299 50.50000000
-2.99232411 -3.58684111 50.50000000
-2.97207093 -3.31531596 50.50000000
-2.82253194 -3.44931102 50.50000000
-2.58417892 -3.30219293 50.50000000
-2.55100298 -3.03992009 50.50000000
-2.25031400 -3.13970304 50.50000000
-2.05455589 -2.81540704 50.50000000
-1.85079801 -2.97983098 50.50000000
-1.72398996 -2.71719003 50.50000000
-1.52555096 -2.87808990 50.50000000
-1.39342403 -2.61897206 50.50000000
-1.23650599 -2.79502010 50.50000000
-1.06289303 -2.56286907 50.50000000
-0.77706599 -2.72589588 50.50000000
-0.73236197 -2.50676489 50.50000000
-0.31762701 -2.71296597 50.50000000
-0.36618000 -2.48588705 50.50000000
3.02915597 -3.96753502 50.50000000
3.06106305 -4.11556292 50.50000000
3.01142001 -4.34270191 50.50000000
2.89420104 -4.56114006 50.50000000
2.80458498 -3.99209809 50.50000000
2.91072392 -3.89559293 50.50000000
2.82684708 -3.71384311 50.50000000
2.57130504 -3.77538610 50.50000000
2.51210594 -4.21804285 50.50000000
2.70619798 -4.34240198 50.50000000
2.51358294 -4.69188690 50.50000000
2.23442292 -4.56310606 50.50000000
2.22912693 -5.03757381 50.50000000
2.23972011 -4.08863783 50.50000000
2.24501705 -3.61417103 50.50000000
1.84237099 -4.70964098 50.50000000
1.83956206 -5.28624296 50.50000000
1.84518003 -4.13303804 50.50000000
1.84798896 -3.55643392 50.50000000
1.43902397 -4.82082081 50.50000000
1.41018200 -5.46839809 50.50000000
1.46786702 -4.17324400 50.50000000
1.49670899 -3.52566695 50.50000000
1.02512598 -4.89515305 50.50000000
0.95466602 -5.59519720 50.50000000
1.09558594 -4.19510794 50.50000000
1.16604602 -3.49506402 50.50000000
0.51727200 -3.38905191 50.50000000
0.50512302 -4.14953995 50.50000000
0.49297500 -4.91002893 50.50000000
0.48082599 -5.67051792 50.50000000
0.00000000 -4.95090008 50.50000000
0.00000000 -5.69525003 50.50000000
0.00000000 -4.20655012 50.50000000
0.00000000 -3.46219993 50.50000000
2.91666102 -4.99723005 50.50000000
2.68604207 -4.96520376 50.50000000
2.71968699 -5.34413481 50.50000000
2.35562611 -5.67839718 50.50000000
2.29473805 -5.30208588 50.50000000
1.94548595 -6.01983786 50.50000000
1.87267399 -5.61701584 50.50000000
1.45595396 -5.84258413 50.50000000
1.48754501 -6.25852680 50.50000000
0.95311999 -6.39876080 50.50000000
0.92186898 -5.95497084 50.50000000
0.44811800 -6.46671581 50.50000000
0.39635101 -6.00068283 50.50000000
0.00000000 -6.01178885 50.50000000
0.00000000 -6.48504686 50.50000000
2.99937606 -3.79428005 50.50000000
-3.02915597 -3.96753502 50.50000000
-3.06106305 -4.11556292 50.50000000
-3.01142001 -4.34270191 50.50000000
-2.89420104 -4.56114006 50.50000000
-2.80458498 -3.99209809 50.50000000
-2.82684708 -3.71384311 50.50000000
-2.91072392 -3.89559293 50.50000000
-2.57130504 -3.77538610 50.50000000
-2.51210594 -4.21804285 50.50000000
-2.70619798 -4.34240198 50.50000000
-2.51358294 -4.69188690 50.50000000
-2.23442292 -4.56310606 50.50000000
-2.22912693 -5.03757381 50.50000000
-2.23972011 -4.08863783 50.50000000
-2.24501705 -3.61417103 50.50000000
-1.84237099 -4.70964098 50.50000000
-1.83956206 -5.28624296 50.50000000
-1.84518003 -4.13303804 50.50000000
-1.84798896 -3.55643392 50.50000000
-1.43902397 -4.82082081 50.50000000
-1.41018200 -5.46839809 50.50000000
-1.46786702 -4.17324400 50.50000000
-1.49670899 -3.52566695 50.50000000
-1.02512598 -4.89515305 50.50000000
-0.95466602 -5.59519720 50.50000000
-1.09558594 -4.19510794 50.50000000
-1.16604602 -3.49506402 50.50000000
-0.51727200 -3.38905191 50.50000000
-0.50512302 -4.14953995 50.50000000
-0.49297500 -4.91002893 50.50000000
-0.48082599 -5.67051792 50.50000000
-2.91666102 -4.99723005 50.50000000
-2.68604207 -4.96520376 50.50000000
-2.71968699 -5.34413481 50.50000000
-2.35562611 -5.67839718 50.50000000
-2.29473805 -5.30208588 50.50000000
-1.94548595 -6.01983786 50.50000000
-1.87267399 -5.61701584 50.50000000
-1.45595396 -5.84258413 50.50000000
-1.48754501 -6.25852680 50.50000000
-0.95311999 -6.39876080 50.50000000
-0.92186898 -5.95497084 50.50000000
-0.44811800 -6.46671581 50.50000000
-0.39635101 -6.00068283 50.50000000
-2.99937606 -3.79428005 50.50000000
2.92039299 -4.10927677 50.50047684
-2.92039299 -4.10927677 50.50047684
6.86777401 2.16532493 41.94926453
6.32950306 2.65553308 42.10899353
5.93823719 2.99716997 42.25485992
5.69079399 3.13862896 41.94136810
5.28345680 3.34055996 41.51170349
4.69103289 3.76952600 41.68965912
4.27361298 4.07083702 41.85700226
3.94258809 4.17778301 41.50350189
3.40826702 4.34642792 40.99635696
2.71736503 4.76858521 41.20371246
2.14332509 5.12701178 41.44798279
2.45071197 5.18757915 42.33565903
1.93751395 5.48994207 42.51284790
1.63183105 5.44559622 41.71022797
1.45600402 5.75546598 42.67795944
1.20941401 5.70130777 41.95787811
0.97804099 5.96534204 42.71775055
1.24520898 6.00314283 43.53532410
0.72326100 6.21070385 43.60588837
1.04757702 6.17023897 44.43619537
1.52414095 5.95739317 44.14936829
1.99329996 5.72358179 44.13157654
1.72996700 5.76997089 43.41501236
2.21269011 5.50587988 43.27385330
2.45353794 5.46128511 43.88631439
2.70235491 5.22409487 43.15169144
2.99440289 4.86900187 42.20862579
3.18139791 4.95099211 43.09154892
3.51273799 4.59854412 42.25893402
3.94662094 4.39231110 42.43816376
4.34738493 4.15958786 42.51420975
3.99968505 4.48340988 43.18308258
3.61049008 4.71217108 43.10319519
3.66999507 4.73860598 43.72610855
3.34889698 4.93303823 43.71316147
4.02342319 4.49588299 43.89189529
4.39610386 4.22433901 43.22262573
4.78278399 3.86376810 42.49393463
5.20233393 3.58154011 42.58531189
4.77880716 3.95765400 43.25286102
4.43935299 4.20948410 43.80609131
4.72297096 3.99413705 43.85988617
5.12235880 3.69828510 43.36550140
5.55466223 3.33989310 42.77276611
5.90246296 3.05681300 42.85561371
5.46814203 3.41120100 43.47131348
4.99747086 3.73137903 44.07780075
5.39652395 3.38442206 44.06397247
5.68498802 3.04934907 44.21949768
6.06202316 2.67127609 44.16465759
6.29957914 2.30369496 44.32171631
6.64003420 1.91196299 44.24967957
6.78147221 2.02122903 43.70552063
7.06683302 1.64859903 43.71652222
6.87036324 1.53083599 44.31478500
7.18079185 1.16350603 44.18725967
7.31224918 0.86208898 44.24806213
7.54042101 0.91672999 43.75646973
7.67432117 0.55208600 43.86454773
7.31181097 0.44904500 44.53592682
7.61711311 -0.05804100 44.38209534
7.83022213 0.13062800 43.91349792
7.99991083 -0.32733399 43.90331268
8.24154091 -0.18465599 43.35661316
8.06944847 0.23410600 43.36535645
8.43834686 -0.08051900 42.81983566
8.63391018 -0.52730799 42.75800323
8.79090595 -1.00432801 42.73486710
8.40125179 -0.64723098 43.33919907
8.12753296 -0.80605799 43.90808105
8.52350044 -1.12599599 43.33865356
8.89145279 -1.48157406 42.75791931
8.93008614 -1.93490696 42.81781769
8.59837341 -1.60126102 43.35542297
8.23012447 -1.28932202 43.89897919
7.81940079 -1.03007495 44.44736481
7.70454311 -0.50131202 44.45076752
7.94174719 -1.47613394 44.36439514
8.27665615 -1.76329398 43.90562057
8.63097572 -2.06795311 43.36666870
8.91699791 -2.31112003 42.88652039
9.04639053 -2.70882511 42.61164093
8.67938805 -2.55331206 43.26924133
8.27576637 -2.28214598 43.90296173
7.88601112 -1.91272199 44.46137238
7.76308918 -2.54587507 44.56052017
7.54806614 -2.01927304 44.89656830
7.91224909 -3.34799290 44.21131134
8.32195282 -2.88256001 43.75515747
8.43175697 -3.49223709 43.45540619
8.77526665 -3.08943701 43.01369476
9.18566704 -3.22736502 42.23105621
9.31468582 -3.81811690 41.75847626
8.87665939 -3.67880511 42.66227341
8.50462246 -4.07052994 43.14753342
8.93968391 -4.36675596 42.24362946
9.44986534 -4.43824387 41.14658356
9.13816547 -4.97905111 41.47806549
8.82277679 -5.46541691 41.75454712
8.86768818 -5.98469877 41.12728882
8.46263313 -5.85571384 42.07728958
8.45085907 -5.40680313 42.49533463
8.68158531 -4.97771406 42.38249969
8.49015617 -4.57685184 42.94423294
8.09421921 -4.41172886 43.61242676
8.10858154 -3.88417411 43.80361938
7.69117022 -4.79038620 43.95959854
7.59502316 -5.41402817 43.70885468
8.16369247 -5.03920412 43.17829514
8.06372833 -5.66489506 42.89581299
8.04727936 -6.19945288 42.43389130
8.45156479 -6.36478710 41.51518250
8.01669788 -6.68884897 41.89585495
7.62896395 -6.53563690 42.71839142
7.62804890 -6.93127918 42.20806122
7.17958403 -6.89539003 42.89280701
7.37723923 -7.32055998 41.94367981
6.89743423 -7.36304092 42.57990265
6.95235109 -7.83980513 41.56726074
6.35732508 -7.63883018 42.83441162
6.27680588 -8.16319084 41.91774750
5.92459106 -8.01034737 42.75417328
5.76977110 -8.33253098 42.24821854
5.44770193 -8.14651012 43.02317047
5.21922779 -8.63810253 42.08812714
4.85416317 -8.29630280 43.32574844
4.53579521 -8.69264507 42.70870209
4.47922421 -9.16098022 41.35262680
3.90542698 -8.88136864 42.81340408
3.58513594 -9.30535889 41.82571793
3.72978091 -9.76261616 40.00603485
2.68698096 -9.57183266 41.65237427
2.77381992 -10.05874634 39.73748398
1.81304002 -10.04545975 40.33865356
0.87634403 -10.18736839 40.00795746
0.91361701 -9.72352409 41.79311371
1.79241300 -9.63786411 41.95977783
1.45898998 -9.45221901 42.75853729
2.07310295 -9.30589390 42.99584198
1.48339903 -9.16446304 43.65032578
1.97433305 -8.97237968 44.01185608
0.87989199 -9.03437805 44.07828522
0.27241999 -8.93130493 44.31783295
0.34466201 -9.30655861 43.20072937
1.01836300 -9.35096741 43.14409637
0.01252500 -9.62550926 42.04439163
-0.02468400 -10.03354454 40.48208618
-0.80828100 -9.62279320 41.66153717
-0.93115002 -10.02350998 40.11074448
-1.73233104 -9.72072792 40.57782745
-1.55172706 -9.34658146 42.08419037
-1.05824900 -9.12941742 43.14780807
-0.36687300 -9.35620880 42.83224106
-0.32673699 -9.02383614 43.86535263
-0.94374597 -8.70085621 44.45390320
-1.63290405 -8.72754955 43.90146255
-1.77224696 -9.03384399 42.90907669
-2.37858391 -9.14834404 41.87669373
-2.23057103 -8.75088787 43.29736328
-2.15817809 -8.42563915 44.22315979
-2.68957210 -8.39044380 43.74941254
-2.73687696 -8.70667839 42.84769440
-3.27191710 -8.38058567 43.01705170
-3.12011099 -8.06253815 44.00353241
-3.61427903 -7.92617178 43.64700317
-3.82750297 -8.14525223 42.79576874
-3.79063511 -8.55148506 41.68451691
-4.32603502 -8.03897858 42.16350555
-4.11300802 -7.77273083 43.22253418
-3.92278099 -7.52159023 44.02404785
-4.39455509 -7.32782793 43.65483856
-4.56565380 -7.61568594 42.76396942
-5.00183392 -7.70332813 41.62660980
-4.96892881 -7.18304920 42.90514374
-4.70399189 -6.89749622 43.90703583
-5.19214296 -6.64150620 43.49688721
-5.39096880 -6.17081213 43.86880493
-5.72409678 -6.34147501 42.96447754
-5.45821524 -6.83283615 42.62963867
-5.94922400 -6.75478888 41.61724854
-5.43118477 -7.19352198 41.91260910
-5.75160599 -7.43606710 40.52750397
-6.32501984 -6.96403694 40.16339874
-6.67232180 -6.32873106 40.57751083
-6.24302816 -6.10306311 42.18868637
-6.01059914 -5.97601700 42.99270248
-6.26626396 -5.57678604 43.00751495
-5.78614712 -5.84650898 43.61268616
-5.93959379 -5.35155106 43.94252014
-6.36296606 -4.97604895 43.59153366
-6.49253988 -4.43766403 43.92934799
-6.86015701 -4.59124088 43.02067184
-6.67625380 -5.14401722 42.71318054
-7.05753517 -4.95168781 42.02872467
-6.80237913 -5.57731009 41.66867828
-7.46460199 -5.08708715 40.61543274
-7.45250416 -4.30559301 41.87342834
-7.91171312 -4.45105696 40.28263092
-8.10650444 -3.71299696 40.71507263
-8.49944401 -3.00202203 40.35951996
-7.99834490 -2.89091206 41.99040604
-7.68339205 -3.61375999 42.13348389
-7.45628500 -3.28645802 43.06505585
-7.36127806 -3.82299805 42.77510071
-7.11630201 -4.12708282 43.01969910
-7.05535889 -3.73713112 43.53800201
-7.04347897 -3.26268005 43.93454742
-6.81105280 -4.13480997 43.64876938
-7.34209919 -2.79032397 43.70749283
-7.29620123 -2.27787209 44.09762573
-7.72326708 -2.32132101 43.19953156
-7.64082098 -2.83008409 43.03893280
-8.17194843 -2.08195210 42.24627686
-8.62634659 -2.20187092 40.77355194
-8.46325493 -1.32116199 41.97711182
-8.95487976 -1.44561899 40.38259125
-8.98743439 -0.63498700 40.77622986
-8.55411053 -0.56204098 42.16774750
-8.18449783 -0.74002898 43.05367661
-8.13348293 -1.21375799 42.97550964
-7.83891392 -1.13857806 43.63080215
-7.79471779 -0.58491302 43.90047455
-7.53771591 -1.69526696 43.93732071
-7.99132490 -1.63462102 43.04320145
-8.03450584 -0.12883601 43.56282043
-8.36816216 -0.20492700 42.81503296
-8.29383945 0.30514100 43.07558441
-7.93386698 0.42576700 43.81047821
-8.13140488 0.89801902 43.41373444
-8.49967480 0.72827899 42.58695221
-8.41500473 1.38455796 42.72437286
-7.95273781 1.51147902 43.65619659
-8.09536552 2.00286293 43.28482819
-8.47240353 1.95941997 42.47102356
-8.25359154 2.49369907 42.77396774
-7.93004704 2.39335203 43.49494171
-7.85638809 2.80935597 43.43702698
-8.12807655 2.94035506 42.84834290
-7.91964912 3.38338900 42.97074127
-7.35737514 3.34449697 43.94631958
-7.48927879 3.96146798 43.38396454
-7.87862301 3.89213991 42.67964935
-7.61498117 4.35260916 42.77841949
-7.28877115 4.33765078 43.46128082
-7.20964909 4.60654688 43.31915283
-7.38632679 4.85667419 42.61310577
-7.84940290 4.60385799 41.74810791
-8.09291553 4.07006407 41.86473846
-8.33835697 4.27696323 40.65972519
-8.58756256 3.58206511 40.86671448
-8.19480801 3.60599303 42.13037872
-8.41397667 3.02481198 41.99986267
-8.93894958 2.82673097 40.52222443
-8.75936127 2.25513601 41.51206970
-8.75664330 1.62608802 41.79235840
-8.88147736 0.93515098 41.49868011
-9.17726135 1.57333505 40.48593903
-9.19013691 2.22774410 40.16443253
-8.02562428 4.84022284 40.58341599
-7.55184889 5.10384083 41.66041565
-7.66251087 5.32943106 40.55208206
-7.20906401 5.54560995 41.61300278
-7.10212278 5.30984783 42.51865005
-6.90416813 5.02876806 43.32326889
-6.69310617 5.47403288 43.11122894
-6.43143892 5.76470709 43.08319855
-6.79182100 5.70206022 42.45505524
-6.42340899 6.03201103 42.46262741
-6.82519484 5.92611885 41.60161209
-7.25662994 5.75202608 40.55113220
-6.81517601 6.11133003 40.57153702
-6.34767389 6.41051197 40.60237122
-5.86619997 6.65046120 40.63402557
-5.95687008 6.52825689 41.62896729
-5.50082922 6.75045776 41.63840485
-5.38232517 6.83050013 40.66223907
-5.04853201 6.91507101 41.64028549
-4.90450716 6.95081997 40.68930817
-4.61020088 7.02025890 41.64437103
-4.43347979 7.01408815 40.72692490
-4.17068005 7.06797791 41.71006775
-3.96391010 7.02738810 40.77272034
-3.71548009 7.07641411 41.77233887
-3.94215202 7.04755306 42.66628265
-4.37414885 7.03566599 42.34941101
-4.40620804 6.92534113 43.03556824
-4.73825216 6.95109510 42.41496277
-4.82365513 6.81056881 43.03244400
-5.15349293 6.80087280 42.45268250
-5.20153284 6.58903217 43.18219757
-5.58432913 6.59385586 42.46948242
-5.64536095 6.37192202 43.10257339
-6.01303005 6.33359003 42.47140503
-6.01893520 6.04272223 43.20922470
-3.94444394 6.88274908 43.62459564
-3.49151802 7.02327585 43.27482986
-3.42917109 6.88714409 44.01512909
-3.08931804 6.97844887 43.69396973
-3.04679990 7.04545307 42.82299423
-3.48890305 7.08226299 42.52497101
-3.25464296 7.05009794 41.82732773
-3.49332905 6.99839020 40.81235886
-3.02112293 6.93081808 40.84139252
-2.54287910 6.82769012 40.85837555
-2.05064011 6.69180822 40.85813904
-2.30543804 6.88865709 41.92998505
-2.78680396 6.98528099 41.87834930
-2.57625198 6.99111414 42.68768311
-2.64848900 6.96727610 43.52396011
-2.25012994 6.88458920 44.02505493
-2.10545897 6.90283203 43.03916168
-1.79659998 6.76013422 41.96556091
-1.53529894 6.52414608 40.83303833
-0.98803198 6.32179689 40.77629852
-0.39626300 6.07565784 40.67587280
-0.66909498 6.41457081 41.97967529
-1.25348997 6.60469580 41.98078918
-1.55273604 6.78093719 42.86956024
-1.62240398 6.81146002 43.94977188
-0.99839300 6.66467285 43.18862152
-1.01137400 6.71985579 44.30697632
-0.48916301 6.60845518 43.96708679
-0.07790600 6.54330492 44.49072266
0.10438000 6.39843893 43.50680161
-0.40558499 6.48445177 42.97367096
0.01405100 6.18132687 42.02350616
0.50909901 6.14234781 42.72523499
0.71910697 5.81634378 41.58146667
0.22883999 5.76709414 40.43902588
0.44252101 6.39068508 44.50045776
-6.40335703 6.25213814 41.61379623
-9.32450294 0.87736303 40.12118530
-9.19452953 0.23748501 40.44879150
-8.69739723 0.11269900 41.96160889
-7.19512510 -5.76899481 40.19680786
-5.30229521 -7.99393177 40.17198181
-4.62804317 -8.37272263 40.58576202
-4.05636120 -8.87429428 40.20732498
-3.29114509 -9.14859962 40.61375809
-2.58914590 -9.55468845 40.23080826
-3.09782290 -8.80100822 42.05776596
2.49867606 -8.98869419 43.69660187
2.90708208 -8.71931839 44.10054016
3.10152292 -9.05604172 43.03916168
2.59374595 -9.24629402 42.89608002
3.50677490 -8.57161522 43.94210815
4.19918013 -8.40604115 43.70826721
4.55332184 -7.99139309 44.20532227
5.14434385 -7.81726313 43.92906189
5.74709988 -7.69668818 43.49536133
6.07563305 -7.24765205 43.76560593
6.58921289 -7.05619097 43.41805267
6.83683920 -6.57950878 43.68850327
7.25217581 -6.40694809 43.36701584
7.60241222 -6.03526306 43.24180603
4.88282013 -9.61029243 39.25966644
5.45673800 -9.09282112 40.39461517
5.95529413 -8.62138557 41.19688416
6.66507292 -8.43413639 40.59473801
7.37496996 -8.18714905 39.98168182
7.66101408 -7.65335894 40.76857376
7.89775991 -7.15814877 41.35282898
8.38799381 -6.87692595 40.87288666
8.85075092 -6.51833582 40.42915344
8.24540901 0.27489099 42.89849091
7.92439222 0.58770400 43.29047394
7.76974297 0.92038900 43.14907837
8.19418716 0.49349901 42.65411377
8.05828953 0.80875999 42.32331085
7.65109110 1.32689500 42.45143127
7.32860899 1.69454503 42.58487320
7.22008705 1.69600999 43.11812973
6.94367123 2.02880502 43.06666565
6.49016905 2.37683201 43.64685822
6.17206907 2.73099089 43.57736588
5.82248878 3.08343291 43.53048706
6.29437017 2.69751000 42.84574890
6.65821314 2.34021306 42.92029572
7.16283178 1.88908195 42.31895065
7.52253914 1.30319297 43.09175873
7.33205414 1.27216101 43.71766663
2.91500902 5.19474316 43.90332031
