-1.17733097 0.70555300 1.34449100
-1.78984702 2.20157194 2.21501303
0.35117501 1.42410803 2.00276494
-2.42322803 3.66105509 4.50121021
-0.25007999 3.05509090 3.56772304
1.72596800 1.98240399 3.94419789
-2.97558093 4.80634212 7.75930595
-0.96045399 4.36814213 6.23824310
-3.43126702 5.61034203 11.56152058
-1.65769601 5.27253103 9.70666790
0.12984200 4.55408001 8.82723236
0.95280600 3.48808908 5.95972395
2.63559890 2.20088291 6.92125511
1.74144995 3.45632291 9.17310524
3.22365594 2.15607309 10.39083481
-3.80387998 6.16177416 15.47879601
-2.30169892 5.85914612 13.60102654
-4.11024714 6.62579823 19.20828056
-2.83119202 6.29193306 17.48197365
-1.37380397 5.78595686 16.14602280
-4.31228590 7.16375113 22.58681679
-3.24781609 6.78594494 21.13165283
-4.40693378 7.75037813 25.29400253
-3.53125811 7.43246508 24.42911530
-2.37567210 6.97831011 23.47218704
-1.93574798 6.30701590 19.88868713
-0.46422800 5.70219183 18.93387794
-1.01703799 6.47907400 22.52097130
0.51081902 5.77895021 21.80577850
2.35383606 3.16581106 12.70825768
3.82295394 2.12416196 13.77818108
1.65599000 4.05426979 15.39635754
3.09204698 3.11425996 15.97260284
4.52868080 2.28577900 16.88289833
1.05798900 4.91172314 18.44939804
2.51795697 4.11478090 18.50012970
2.07852197 5.00540781 21.39123535
3.59117007 4.19914913 21.33681107
3.93143702 3.31413698 18.92522240
5.29429722 2.51609302 19.75416946
4.95930195 3.34917402 21.65932465
6.04957008 2.59928799 22.06959534
0.17618500 5.04078007 15.35713863
0.91465998 4.32728815 12.01956844
-0.64627302 5.26995420 12.30541706
-4.95384312 8.56789875 27.31302071
-3.87890697 8.46770954 27.34465218
-5.58466482 9.27869225 29.85789108
-4.37207890 9.31781292 29.99897194
-3.15676498 9.07711601 29.82384872
-6.22618198 9.79294777 32.65142059
-4.96379995 9.98373985 32.79831696
-6.65628481 9.60060501 35.63211060
-5.44049311 9.99388313 35.76824951
-4.18161106 10.08461761 35.79006195
-3.69386292 9.88741493 32.74575806
-2.35792208 9.50478172 32.49746323
-2.84479094 9.88555717 35.67393494
-1.38351500 9.39992523 35.40163040
-5.92694998 9.89911270 37.66962051
-6.48031521 9.66359901 37.89662933
-7.06589508 9.32940960 37.54548264
-7.12622499 9.08465290 39.14971161
-6.60601902 9.44954872 39.19635010
-6.06709099 9.73717308 39.23934937
-5.50959587 9.94761086 39.27777100
-0.45596200 9.22102356 37.24288940
-1.25769603 9.58165741 37.72037506
-2.03493500 9.81961346 37.55718994
-2.32711005 9.93322563 39.26019669
-1.57895100 9.72537804 39.18371582
-0.77798998 9.44657707 39.06079102
0.07831000 9.09740067 38.86688614
-3.44203997 10.13162041 37.70245743
-2.74706793 10.03025818 37.93186951
-4.72621584 10.16103363 37.73112488
-5.31971693 10.07969093 37.98872375
-4.08542681 10.19720459 38.00908661
-4.92904520 10.08385468 39.30818176
-4.32497501 10.14975643 39.32482910
-3.69321489 10.14573097 39.32457352
-3.02948308 10.07363033 39.30519867
2.33800197 7.98984289 39.29246140
2.01625609 8.22767353 40.83791733
2.74175811 7.80789089 40.45842361
3.83457208 6.91630507 38.48306274
4.59113979 6.07701588 36.29418182
2.83378410 7.42852497 37.02419662
5.34749699 5.11632204 33.12374878
3.68163705 6.51604891 33.68848038
1.88642895 7.61308479 34.16299438
1.36337805 8.28089333 36.74228668
0.23335800 8.62629890 34.94067764
0.43202499 8.83496761 37.30326843
0.96740901 8.67853928 38.59079742
1.80899501 8.21665955 38.32353592
3.06005311 7.52851582 39.10122681
5.80829477 4.17545223 29.96619225
4.20878506 5.46894312 30.42963409
6.10841322 3.46361399 26.90928268
4.61365986 4.64237213 27.18370247
2.92490292 5.76475811 27.64431000
6.16168594 3.02177000 24.18924141
4.78450584 4.02177286 24.25831604
3.28013611 4.97553110 24.36339188
1.67428005 5.85705280 24.73822784
-0.89856398 8.83974648 32.08933258
-0.40831101 7.81143713 28.81224442
-1.85573494 8.55437469 29.39068031
0.00809300 6.75608921 25.37528419
-1.48593700 7.47564983 26.12763977
-2.78079200 8.03270340 26.87079811
1.21894097 6.85958099 28.19785309
0.72308701 7.91398096 31.56311035
2.46778798 6.75736523 30.98359299
0.52619302 -0.46372101 1.68313301
2.38094091 0.16933499 2.71149802
2.46874189 -1.88641405 2.95619011
3.63430309 0.67271900 5.10204315
4.36011887 0.92860699 8.29360390
5.39728689 -0.60617799 6.84872580
4.28663921 -1.20130205 4.34634113
4.22132111 -3.23248601 5.16084099
5.88434601 -2.43526793 6.67868090
5.62892580 -4.31348419 8.03691673
4.84636402 1.02606201 11.76082802
5.48149204 1.25091600 14.96833611
6.60896492 0.10866900 13.17101002
6.17176199 1.54498196 18.03187370
6.79254293 1.81325400 21.01085091
7.89744377 0.65109098 19.50252533
7.29677010 0.39756501 16.29511642
8.35150242 -0.87171799 14.86091232
9.00870228 -0.65101600 18.04762268
9.85503006 -2.00884891 17.06322098
7.20136690 -3.45514393 9.44454002
6.78213310 -5.19569016 11.22245598
8.29860687 -2.74959397 11.53025055
8.25037861 -4.36744404 12.52587700
7.79738188 -5.95241308 14.43778801
9.17951202 -2.29021192 14.06149483
9.37783146 -3.75162792 14.40633392
10.24704170 -3.39442897 16.90542984
10.19509792 -4.80457211 17.61003113
9.15784931 -5.20332813 15.67361546
8.68996143 -6.67542219 17.60963440
9.80759716 -6.12887621 18.84350204
9.26156235 -7.26555395 20.25802994
7.68193722 -1.18530798 11.78848743
6.94427299 -1.71270001 9.00001144
6.03013992 -0.19125099 9.94787407
7.25904608 1.94705999 23.79265976
7.44410515 2.29660606 26.58714867
8.59040642 1.07714903 25.96813202
7.22847080 2.89694190 29.55775833
6.83493519 3.72576189 32.62117767
8.15212059 2.35618091 32.14911652
8.56105614 1.57947099 29.08902740
9.59700775 0.30736700 28.47866821
9.27890015 1.01828694 31.65055847
10.31402302 -0.35361800 31.16435814
6.12016296 4.68109989 35.48187256
5.51815891 5.47437620 37.79631805
4.67582417 6.26299000 38.39627457
6.70147181 4.35162783 37.91467285
3.47615695 7.29958487 40.13107300
4.25965977 6.69328403 39.83473969
7.41301107 3.63635492 39.07787704
6.73178816 4.42396498 39.64821625
6.14104080 5.04271793 39.87221527
5.73171282 5.44667482 41.15594101
6.32434416 4.84889984 40.82555389
6.94780111 4.17194700 40.45814133
7.53316593 3.49248004 40.12826538
5.79643011 5.34206676 39.11912537
5.06812906 6.01269579 39.47187805
9.86264038 0.48444000 34.16199493
10.78778172 -0.94059598 33.75839233
9.28965855 1.40504801 36.81859970
10.26906395 -0.01807200 36.43959045
11.13272953 -1.47721803 36.18424988
8.33435631 2.49384594 39.12583542
9.46517658 0.97765797 38.49800491
8.78742886 1.79302800 40.06781769
8.20151520 2.58137393 40.52340698
9.48946095 0.67439997 40.14493561
10.50766373 -0.47422001 38.37628937
11.22316456 -1.92635405 38.23466492
10.36852074 -0.81866199 39.76623917
11.08583069 -2.23345304 39.82644653
7.72183418 3.20414495 40.71753693
8.04935741 2.84277201 37.11418915
8.81329155 1.87257397 34.61001205
7.62879610 3.28661799 35.10038376
11.58440590 -3.37783909 38.24303436
11.88555813 -4.50910711 36.16925049
11.73153782 -2.99608588 36.07182312
11.96890354 -5.57176208 33.70317841
11.96207905 -4.04024982 33.44645691
11.75303078 -6.39526415 30.90939522
12.02178001 -5.02454901 30.51531982
11.77398872 -3.40204906 30.44035339
11.66970539 -2.46589804 33.51548004
11.15531921 -1.84556997 30.68655396
11.35694695 -6.97384119 27.91198730
11.73535538 -5.63900900 27.31756783
10.67006016 -7.13048983 24.88786888
11.23224354 -5.88294220 24.09451675
11.41936302 -4.52299881 23.58223724
9.94454002 -7.18273020 22.21420479
10.60681629 -5.97613287 21.17957687
10.94513893 -4.65786791 20.32614136
10.86743259 -3.23581910 20.00158501
10.48500824 -1.07630301 27.84947968
10.41630268 -1.53963602 24.28528214
9.55647945 -0.16840599 25.14152527
10.21064568 -1.79963505 20.59053040
9.30583954 -0.42415699 21.64785004
8.25483704 0.85545802 22.85885620
11.11317921 -3.02563810 23.62642288
11.20753956 -2.58215594 27.28798676
11.63803482 -4.16089010 27.08270073
-1.92074597 -0.84857398 1.87895000
-0.04785400 -2.41080904 2.82406592
-2.90724802 -2.75830197 3.81067610
1.83261299 -3.89125109 4.75260115
3.45311093 -5.11062717 7.45788622
0.78299397 -5.70644808 7.78897095
-0.99403697 -4.35369015 5.38131285
-3.87377596 -4.70050001 6.91964722
-2.02715206 -6.10688877 8.91154099
-4.70636892 -6.45165014 10.65300846
4.81890583 -6.08915520 10.67923641
6.06949520 -6.87959480 13.95266342
3.86433601 -7.71956301 13.98236084
7.23345709 -7.52629900 17.19432259
8.17326736 -8.06040001 20.24471092
6.56169319 -8.98601913 20.29346466
5.30731010 -8.46041775 17.21557999
2.97644401 -9.20850182 17.48860931
4.51087284 -9.89422226 20.55783463
2.12871790 -10.59122086 21.01129532
-2.95442700 -7.61438179 12.82261181
-5.39347696 -7.91973686 14.43663025
-1.22781801 -8.69836998 15.35564804
-3.69285488 -8.96342659 16.50476456
-5.91138601 -9.11313725 17.98418427
0.46017200 -9.66129684 18.05204010
-2.02173400 -9.92858505 18.85677338
-0.37972799 -10.95736027 21.60676575
-2.79274392 -10.99672508 22.30582428
-4.37494802 -10.06058121 19.87948990
-6.34662294 -10.01428413 21.14192200
-4.92530012 -10.81116199 23.07483292
-6.48748779 -10.56935120 23.80956078
1.32735503 -8.29738235 14.44134521
-0.32718799 -7.27673817 11.56440258
2.35138202 -6.81085300 10.78888702
9.00994205 -8.27549553 22.95922089
9.83521175 -8.29177189 25.66167450
8.57993507 -9.30670929 26.30607605
10.53805161 -8.07525826 28.59522247
11.16308403 -7.65955782 31.50361633
10.17513466 -8.73616314 32.15506744
9.44909191 -9.13818169 29.26425552
7.99299479 -10.08812332 29.87850571
8.84343338 -9.68074036 32.83746338
7.00507212 -10.22428417 33.33796692
11.52283955 -6.90958214 34.17601013
11.63081169 -5.91225004 36.51238251
10.73101139 -6.95039606 36.83524704
11.26418495 -4.66313601 38.25302124
10.90025330 -3.55577493 39.86804962
10.73828888 -4.70375013 39.80560303
10.67153358 -5.85326719 38.87055588
10.08337593 -6.92365599 38.84500122
10.10714722 -5.82021999 40.45024490
10.41280365 -5.27751493 40.25536728
10.06995964 -6.38117313 39.86865997
9.63261986 -6.85940695 40.17498016
7.65741396 -9.51256847 36.34951782
6.16655302 -10.15820885 36.18405151
6.96323490 -9.33875084 38.82633209
7.73003578 -9.05693245 38.50531006
6.49595213 -9.75187683 37.86172867
5.55631399 -9.98931313 38.25018692
8.54819298 -8.73805046 37.75439072
8.73660278 -8.26906586 39.02893066
8.05584145 -8.60365582 39.44762421
8.99550629 -7.78771114 39.72252655
9.10391617 -7.26412678 40.58135223
8.52022457 -7.59181118 41.02919769
7.28432417 -8.86592960 39.97370529
6.46492290 -9.06586170 40.52061462
9.61106682 -7.90336323 37.73654556
9.52147293 -7.38373518 39.44107056
9.27968407 -8.80208015 35.28564453
10.69758224 -8.07109070 34.79564285
-0.17327800 -10.89467430 37.56499481
-1.34747100 -11.21863747 35.52984238
0.74790698 -11.36147499 35.25205231
1.87595606 -10.90823174 37.30692291
2.92708206 -11.20219994 34.83420563
0.84993798 -10.88065720 37.77014542
3.99418211 -10.65585518 36.87110901
5.07682800 -10.78364182 34.24444580
5.07082081 -10.39863014 36.88179779
2.92798996 -10.75936413 37.44706726
4.48632717 -10.17864609 38.68259811
3.41827512 -10.35300732 38.93528748
2.39421892 -10.47308254 39.10882568
1.39160001 -10.52908134 39.23429871
-2.83974004 -11.83233070 32.39428329
-0.62996000 -12.12713242 32.06674957
-4.22273302 -11.71721840 29.27534485
-2.07845306 -12.15250111 28.93421364
0.32081899 -12.20814323 28.39884567
-5.54803181 -11.25573826 26.25110245
-3.55679202 -11.74648857 25.83588600
-1.22225106 -11.92308426 25.23793602
1.29182303 -11.74525166 24.61228180
6.20052814 -10.94733047 30.45576096
5.07669592 -11.22230911 27.27107430
7.02382898 -10.31435776 26.79768944
3.76115799 -11.23517132 24.07609749
5.95810890 -10.34369564 23.65759277
7.72666693 -9.33584976 23.35154915
2.78202009 -11.88752079 27.80599594
4.08397818 -11.63665009 31.02046204
1.74409699 -12.05291271 31.57577324
-3.33945107 0.79806298 2.02334189
-4.61939812 -1.01250601 3.25545812
-5.80758095 0.75239003 3.96445799
-5.71523094 -3.03169799 5.72508717
-6.49984312 -5.01895189 9.11049557
-8.13729000 -3.29060507 8.34158611
-7.19844198 -1.22053397 5.56841993
-8.00842285 0.59680098 6.76285696
-9.27995777 -1.43035305 8.60267353
-9.79522514 0.43816200 10.05615902
-7.05384779 -6.75920200 12.89314365
-7.47487497 -8.11725044 16.53608513
-9.05254269 -6.88233709 15.46741867
-7.79551315 -9.15231705 19.87691879
-7.78503990 -9.91481972 23.01794434
-9.16844177 -8.94099617 22.26700974
-9.20324039 -8.03929901 18.90934372
-10.63147545 -6.62660408 18.24068260
-10.48660278 -7.64478588 21.70440292
-11.73596668 -6.04683781 21.34092712
-10.93679428 -1.49650896 11.96791553
-11.26476192 0.42620799 13.47312164
-11.60328484 -3.29033804 14.69384480
-12.22857666 -1.31109405 15.38905430
-12.43630409 0.63364601 16.81891251
-11.88455105 -4.82718992 17.92058563
-12.73030472 -2.87737393 18.09695816
-12.80209923 -4.20519400 21.20504189
-13.50223255 -2.23641896 21.39768410
-13.20514679 -0.86807197 18.77148056
-13.27445126 0.97063601 20.01345825
-13.86786461 -0.27645701 21.91188812
-13.85554504 1.30721498 22.53063965
-10.50323868 -5.21624994 14.73479652
-10.08264542 -3.43801403 11.40858173
-8.69759560 -5.25323200 11.80315685
-7.18509579 -10.45688915 26.16204071
-6.03757477 -10.94301891 29.31098175
-7.56952906 -9.92186546 29.05179214
-4.76159382 -11.18934059 32.48703384
-3.25753498 -10.77106190 35.65983582
-4.92754698 -10.05141068 35.63621521
-6.38534594 -10.26504898 32.35020065
-7.77807713 -9.14444447 32.06771088
-6.36190319 -9.10775185 35.49335480
-7.60175419 -7.97984600 35.29461670
-2.08789492 -10.59379005 37.70450211
-1.12946701 -10.72235489 37.95292664
0.41215000 -10.51936054 39.31871033
-0.54012001 -10.44059563 39.37559509
-1.45286405 -10.29164028 39.41866684
-2.32445502 -10.07433319 39.44780731
-7.65564489 -7.05426979 37.35710144
-7.06006098 -7.61987114 37.73219299
-6.55764914 -8.22815418 37.50312805
-5.89296913 -8.17202568 39.26090622
-6.45272207 -7.64956999 39.20472717
-6.97186184 -7.08126783 39.15945435
-7.45967102 -6.46911287 39.11489105
-5.28653622 -9.22399330 37.64505768
-5.89152479 -8.69988346 37.87552261
-3.80208898 -10.02410507 37.72818375
-2.93846393 -10.28276634 38.03100586
-4.52779579 -9.59653282 37.99365234
-3.14699793 -9.79793739 39.44821167
-3.91552997 -9.46671867 39.42069244
-4.62695599 -9.08243179 39.37850952
-5.28586578 -8.64881039 39.32382202
-10.12033081 -2.55952597 37.06025696
-11.05457497 -1.86145902 34.71616364
-10.44398594 -3.60320306 34.80646515
-9.44283676 -4.20828676 37.13575363
-9.64319611 -5.22269201 34.93059158
-9.71431446 -3.37315392 37.42256927
-8.61616611 -5.71220016 37.23001862
-8.69016457 -6.68425083 35.09630203
-8.07794857 -6.36637592 37.60091400
-8.96433258 -4.94825602 37.49879456
-7.91530895 -5.81790304 39.07501221
-8.33744907 -5.12522697 39.04840469
-8.72735977 -4.39304399 39.02904129
-9.08634090 -3.62069392 39.00950241
-12.43762016 -1.19926202 31.03357315
-11.90847588 -3.07063794 31.10862350
-13.36226845 -0.35753700 27.73859024
-13.00171757 -2.26426411 27.73689651
-12.31295776 -4.14740801 27.80732346
-13.97566319 0.54956597 24.72408676
-13.80251026 -1.31294096 24.57949066
-13.30354691 -3.27119398 24.48455811
-12.41028881 -5.17484522 24.53767586
-9.01480579 -7.87660599 31.74808121
-10.18221378 -7.41906881 28.27574158
-8.92957211 -8.74667835 28.65325165
-11.18450928 -6.89986801 24.77964211
-9.93507671 -8.32394218 25.15832138
-8.58369923 -9.48138046 25.67332840
-11.33706856 -5.88873816 27.98618889
-10.13451385 -6.45180702 31.46510124
-11.12012482 -4.84500599 31.24952698
-4.11215019 2.42172909 3.66802192
-6.35416889 2.39369988 6.10051918
-8.27047443 2.26335692 9.15708542
-6.55109406 3.77873707 9.23499393
-4.58968782 3.81825495 6.51770115
-4.86832094 4.90628719 10.09872341
-9.90331745 2.17879891 12.50173473
-11.28336143 2.23864388 15.79333687
-9.79897404 3.70637202 15.53126335
-12.35303116 2.41283894 18.99284744
-13.22141266 2.55326200 21.99325943
-12.19631767 3.90726590 21.68599129
-11.09678555 3.81221890 18.61771393
-9.56186581 4.99387407 18.77911758
-10.82079697 5.12015581 21.75407600
-9.23333645 6.12553978 22.08464432
-5.07034302 5.72657204 14.01704597
-6.57771492 5.80493116 16.69859314
-5.21607399 6.34027481 17.79024124
-7.98515081 5.93481493 19.36338615
-6.53448820 6.55992317 20.19781494
-7.72576618 6.85369682 22.71323395
-6.38808584 7.34562016 23.53101921
-5.31436110 6.94458389 21.25872421
-5.27498198 7.64175081 24.42184258
-8.15035057 4.91878510 15.90956879
-6.58295393 4.91106606 12.95354366
-8.26968193 3.70219588 12.37605762
-13.75651741 2.23908997 24.68059921
-13.36546326 1.47915304 27.74327469
-12.95832062 3.20009089 27.73569870
-12.66065025 0.68114698 31.00403976
-11.43077469 -0.06417300 34.64488983
-11.52195454 1.71422803 34.61700439
-12.54218674 2.50573802 31.00635529
-12.05356979 4.23751593 31.07427979
-11.29149818 3.44085693 34.67391968
-10.75342560 5.08928299 34.79003143
-10.61344147 -0.81084502 36.98406982
-10.30260086 -1.67099905 37.35340500
-9.41119480 -2.81166196 38.98822403
-9.69861221 -1.97230899 38.96143341
-9.94064426 -1.11078703 38.92989349
-10.13610458 -0.22136500 38.88631439
-9.91033554 5.90856504 37.10304260
-10.15857697 5.14166021 37.39348602
-10.49587059 4.31699705 37.02535248
-10.08679962 3.88541889 38.90783691
-9.86148262 4.73081398 38.97064590
-9.61371136 5.53366184 38.93763733
-9.31240654 6.27195597 38.92704010
-10.84792233 2.64245510 36.88926315
-10.63064957 3.48652911 37.27519608
-10.88331318 0.94354498 36.87689972
-10.69549847 0.09509500 37.25035095
-10.82393646 1.81129301 37.18358612
-10.30842018 0.63585699 38.73002243
-10.37389565 1.45345902 38.69523621
-10.36498642 2.26651812 38.69950104
-10.28132820 3.06373000 38.74277496
-7.83854008 8.89156342 35.41785431
-8.14102745 8.45269775 37.38235092
-8.95967674 7.87531424 35.17202759
-7.57983112 8.93612480 37.75837326
-9.11086941 7.29970503 37.21704102
-9.95646667 6.58992720 34.95037842
-9.47823334 6.64027405 37.46140671
-8.59828854 7.91570282 37.59692383
-8.95535564 6.95282888 38.94630051
-8.55171967 7.57700300 38.98602295
-8.10569763 8.14305878 39.03977966
-7.62887621 8.64736938 39.09585190
-7.51661587 9.28779984 32.35001755
-6.85886717 8.95892239 29.47104454
-8.22057629 8.35436440 28.96418381
-6.09427691 8.35436440 26.81180763
-7.39686584 7.93710709 26.11713028
-8.84699154 7.29288721 25.44980812
-11.20730782 5.84122181 31.26177788
-10.97378540 6.21327019 28.05698013
-12.13180733 4.79249907 27.81512833
-10.33385181 6.31653786 24.94977188
-11.76020813 5.15625191 24.66241455
-12.91480541 3.76574111 24.61160278
-9.62527275 7.42738008 28.45937538
-10.09126472 7.26812315 31.57406998
-8.82649136 8.44236374 31.96304703
7.12112522 3.91019511 41.19280243
7.25980282 3.64809608 41.77198029
8.85673428 1.40389597 41.38461304
8.33801079 2.10527396 41.77130890
8.38140678 1.85677302 42.23789978
8.28416348 2.34798098 41.17777634
9.52665329 -0.25599101 42.00178528
9.15809155 0.38846299 42.25688171
9.10062408 0.17133100 42.65184784
9.69275665 0.04017100 40.92949677
9.23596191 0.80036902 41.24080658
9.21062946 0.59799701 41.76983643
8.77599907 1.67143202 40.91156006
9.93788147 -1.38895404 41.84112549
9.72442055 -0.77044600 41.96648407
9.54374504 -0.89404202 42.45911026
10.07322502 -0.97844201 41.12045288
9.56582546 -0.03695900 41.60015869
10.00109291 -2.40269089 42.06165314
9.98110867 -1.90462899 41.99785614
9.70479774 -1.94098604 42.55347061
10.36975574 -2.35174799 41.17714691
9.85742569 -2.89109612 42.33520889
10.18236637 -2.90351200 41.71255493
10.42075920 -3.40523791 41.12435913
10.19248772 -4.04113483 41.44942856
10.56321526 -4.08907604 40.63176727
10.00139713 -5.22952509 41.18649292
9.65619469 -6.30576181 40.87977600
9.61790466 -5.73952579 41.50460052
10.33358574 -4.67396307 40.86975861
10.03263664 -3.43542194 41.93038177
9.65351868 -2.40725899 42.70104599
9.66584206 -1.43448603 42.47056961
9.35277176 -0.35323101 42.51995087
8.79308224 1.25516605 42.00254440
7.75641823 3.03248596 41.48732758
6.02278185 -9.53384018 39.50865936
8.31107903 -8.10412598 40.31941223
5.42972803 5.73016405 40.42715836
1.49994099 8.47086906 39.84321213
-7.81934690 0.17109600 44.64480591
-7.53617382 -0.85251701 44.80790329
-7.08153009 -0.05399100 45.61647415
-6.62752199 -1.11674201 45.96019363
-6.31360722 -0.06204500 46.56153870
-7.17718601 -1.77943802 45.01200104
-6.59093189 -2.11586308 45.69466400
-5.67879391 -0.90197301 47.15914917
-6.97826576 -2.69275308 44.86276245
-6.18847799 -2.94059396 45.84803009
-5.92550421 -2.02944398 46.57738495
-6.60366678 -3.73073602 44.74657440
-5.70338583 -3.90857911 45.95743942
-5.27063513 -3.14144993 47.00457001
-5.13199520 -1.94040501 47.57855988
-5.03444290 -0.14236900 47.95877838
-4.94861794 -1.08629501 47.95404053
-5.97570181 -4.70497608 44.91200256
-5.04280090 -4.85365486 46.20649719
-5.09271383 -4.05561209 46.79037476
-4.32628107 -4.30477905 47.85876465
-4.46819019 -2.78834701 48.19496536
-4.44437313 -1.68044901 48.41142273
-5.39448023 -5.61529779 44.89353180
-4.90081120 -6.37373209 44.71678162
-4.54291677 -5.93271208 45.81269836
-4.07689810 -6.91711617 45.12144470
-3.59131408 -6.38320398 46.74349976
-4.22264910 -5.42573595 46.96148682
-3.58640194 -5.63569403 48.03025818
-3.57412195 -5.09229183 49.07662582
-2.84525609 -6.51890087 48.05883408
-2.93831897 -6.07184505 49.34832001
-3.25872302 -5.50187778 49.98624420
-3.40703702 -7.60430479 44.85968781
-3.09067798 -7.24047613 45.94569397
-2.74815106 -6.98040724 47.05244827
-2.59755111 -7.93652296 45.14965057
-2.10258794 -7.58528996 46.53265381
-2.09685993 -7.14921188 47.83812332
-2.09591699 -6.87252617 49.21212006
-1.44402897 -7.55952692 47.48920441
-1.33419299 -7.35229111 48.54910278
-1.10872900 -7.94805288 46.61511612
-1.61591494 -8.23813820 45.42113495
-0.79371798 -8.34401131 45.76508331
-0.57091200 -7.73530483 47.78899002
-0.47210601 -7.51443720 49.25628662
-1.31995797 -7.26088715 49.61119843
-0.11785100 -8.18261337 46.51580048
-0.19327299 -8.62658119 45.30317688
0.19714200 -7.66914701 48.41068268
-3.85866094 -3.42996311 49.05138397
-3.73652697 -2.22044802 49.13149261
-4.40558100 -0.75733101 48.53579712
-3.77382493 -4.29649115 49.19232941
-3.92842793 -1.27982199 48.94969559
-3.74877501 -0.49934199 49.12228775
-3.54589200 -4.73350000 49.96296692
-3.54950905 -3.91519594 49.94886398
-3.27343297 -3.04615498 49.89736938
-3.27334595 -1.23570096 49.46991730
-2.87305498 -2.07440901 49.85062790
-2.32160091 -1.06014001 50.02754974
-1.99459195 -2.14159012 50.28013611
-1.33198798 -1.35466802 50.35425949
-1.02711201 -2.22882009 50.45371246
-0.56641799 -1.56533802 50.45880890
-0.06856600 -2.10555792 50.48341370
-0.58847100 -0.78956503 50.50005341
-7.37068081 0.74779600 45.33084488
-6.73780298 0.80004400 46.12031555
-5.98763180 0.83144999 46.98645782
-5.69075918 0.07873800 47.29495239
-7.93219423 1.22660804 44.53561401
-7.21034813 1.59712696 45.49416351
-6.38121700 1.74180901 46.47370911
-6.89951897 2.50269699 45.73846436
-7.85805511 2.55395603 44.47615051
-6.95632505 3.64889789 45.36095428
-5.38060522 0.67488301 47.64682770
-6.02935123 2.95384693 46.65040588
-5.34868193 1.75724494 47.60644531
-7.34949684 5.00390577 44.34421921
-6.48588181 4.62950087 45.57862091
-6.11817884 4.01835394 46.25286865
-6.29448986 5.54563093 45.30506897
-4.78721189 0.85192901 48.24037170
-5.02099514 3.04292989 47.76284790
-4.58201504 2.34027100 48.37223053
-5.40829706 3.94041204 47.07437515
-4.60897684 4.03094578 47.93076706
-4.96052599 4.67977715 47.25013733
-5.66437817 4.88956404 46.37320709
-5.52352715 5.79631901 45.98182678
-4.27896309 0.15190101 48.70016479
-4.08469296 1.05774796 48.91384888
-4.54074287 1.61401796 48.47547913
-4.10134602 3.22067308 48.76457977
-4.80771208 5.56587219 46.85232544
-3.56481504 0.40528899 49.31932831
-3.86110592 2.06143689 49.13729095
-3.84481502 4.33637094 48.72367859
-3.00205112 -0.27527899 49.67453003
-2.80580902 0.73645103 49.91969299
-3.43263197 1.26313400 49.51008606
-3.32940412 3.84604192 49.67671967
-3.42574406 2.87606597 49.61528778
-3.18708301 4.74363613 49.47575378
-4.28257179 4.94503784 47.83779144
-3.53772712 5.21618700 48.54067230
-2.82143092 2.05538011 50.20416641
-2.99860001 3.19393396 50.24218750
-2.88847494 5.43824100 49.28719330
-2.27016807 0.00496900 50.13403320
-1.72093296 0.96681398 50.63081360
-0.66989201 0.18532100 50.67566681
-0.66085500 0.94584697 50.98508453
-5.83032417 6.49089003 45.13973236
-5.16085196 7.28538799 45.04805756
-6.11035681 7.39895201 44.08789444
-4.98948193 6.44045401 45.99062347
-3.90933800 5.81152582 47.55134201
-4.28864622 6.34348583 46.69556808
-4.29705381 7.09149694 45.93022156
-4.35041904 8.02276230 44.82833862
-5.35939503 8.17293167 43.97203445
-3.09879208 5.99791288 48.24425125
-3.42147398 6.75694799 46.94468689
-3.29160404 8.45595741 44.74119949
-3.55128002 7.61545801 45.78475571
-2.40527511 6.69362211 47.90505219
-2.38488603 7.66427994 46.24615097
-2.42046499 6.03346014 49.10110474
-2.36280298 8.46471214 44.92760468
-1.67360902 6.51902008 49.04895020
-1.42745101 7.13525200 47.70284271
-0.69874501 6.85675478 48.91040039
-0.35380101 7.26451302 47.56095123
-1.04806602 7.74321222 46.40814972
-1.56464195 8.30637741 45.24807739
0.00526400 7.71503115 46.27335739
-0.56509799 8.25599861 45.22013855
0.28679699 -7.88291883 47.53469467
0.69005901 -8.57872963 45.58132172
0.86554599 -8.10596371 46.81397247
1.05887103 -7.69017410 48.02678680
1.50788295 -8.78295994 45.00791168
1.55856800 -8.35020542 46.02278137
1.71179497 -7.90377903 47.03384781
1.41405702 -7.25751400 49.81288910
1.62016594 -7.29349089 48.95420074
2.07097507 -6.92948818 49.71982956
2.35342193 -8.55778313 45.22713470
2.21292090 -8.11396599 46.27488708
2.52319694 -7.67949581 46.96295166
2.04339409 -7.43826485 47.93898010
2.44770598 -6.92602587 48.78764343
2.81225705 -6.35146618 49.72397995
2.90794492 -8.03292847 45.96796799
3.12629104 -8.38963318 45.13334656
2.89199209 -7.10547209 47.74242020
3.36105394 -7.43866491 46.65196991
3.85771203 -7.96022987 45.35456085
4.06246710 -5.80344391 48.13103104
3.24282503 -6.41930819 48.55929184
3.72605705 -6.70044422 47.41731262
4.24867201 -7.10853100 46.28622437
4.78676796 -7.51598215 45.26511002
5.20862579 -6.69380188 45.85258102
4.54127598 -6.29771614 46.98074341
5.24185801 -5.85808611 46.61700439
0.18734300 -1.34764898 50.49565887
0.34116200 -0.31305400 50.61389923
0.92769200 -2.16016412 50.47166443
1.08073795 -1.15222096 50.43804169
1.25042403 -0.31331700 50.48085022
1.87107098 -1.94477403 50.32198334
1.90637004 -0.83570898 50.23229980
1.89336300 0.15061200 50.33507538
2.71762991 -2.51348495 50.17597580
2.68450689 -1.42154396 49.92117310
2.65498400 -0.33748099 49.87425995
3.37489390 -3.02657890 49.96064758
3.51198196 -2.03398705 49.50734711
3.43949509 -0.87077999 49.38167191
3.51127696 -5.61146593 49.45391083
3.76654100 -3.80176497 49.79093170
3.98890305 -2.87305903 49.26177979
4.22183514 -2.15895295 48.91087341
4.14679098 -1.38393295 48.87950897
3.43278098 0.36578399 49.32212067
4.03292608 -5.08294916 48.89434433
4.22093821 -4.35516787 48.95021057
4.62422323 -4.90021896 48.06167603
4.73743391 -4.08050823 48.26779175
3.74165606 -4.73968410 49.80461121
4.41651106 -3.52501893 48.80138779
4.63273621 -2.69865108 48.53696060
4.19597292 -0.42961401 48.72643280
5.27404118 -4.27777100 47.51666260
5.28063297 -5.10014200 47.11795044
5.14253902 -3.34569597 47.91519165
4.81789589 -1.81589401 48.30307770
4.67940283 -1.01349294 48.36718750
6.25005579 -6.64200306 44.89676285
5.57690716 -7.32621193 44.81906128
5.80215979 -6.05970192 45.85836792
6.44285583 -5.69978619 45.45391846
7.11885595 -6.05961418 44.51660919
5.85681486 -5.38002110 46.29685211
5.92109585 -3.66010404 46.95156860
5.80190611 -2.70367408 47.25530243
5.19406414 -2.48504710 47.93363953
5.55776501 -1.87659597 47.55861664
5.27038813 -1.12032294 47.81334686
4.95017385 -0.34265199 48.02887726
7.17558479 -5.06596994 45.04529572
6.43486977 -4.96591711 45.89828491
6.75640917 -4.09427500 45.89216614
5.92385578 -4.58031416 46.64131165
6.36494303 -1.90795302 46.69954681
5.86999893 -1.25667298 47.21912003
5.72219610 -0.45437601 47.28310394
7.44616890 -3.24278808 45.37153625
7.75025702 -4.17963696 44.79969025
7.28908396 -2.21732998 45.68988037
6.60317993 -2.96753693 46.33524323
6.97875595 -1.41752696 46.04594421
6.40751982 -0.96135801 46.62950134
6.38137102 -0.15616900 46.54272079
7.08673382 -0.63483000 45.84938049
7.70173597 -1.41230202 45.24965286
7.71262407 -0.68320900 45.15109634
0.10051400 0.64372599 50.92277145
1.02954602 0.58174700 50.77216339
1.94854498 1.22697902 50.61408234
2.56712890 0.57557201 50.01357269
2.43184590 1.92343295 50.53411102
2.90152001 1.46136296 49.89151764
2.85442090 2.45268297 50.20466614
3.32299089 2.16802597 49.50160980
3.13966608 3.88880301 49.66100693
3.29235601 2.94253802 49.54337692
3.66971111 3.37138391 48.79315186
3.44389796 4.21366310 48.69168854
3.95775199 3.74996805 48.06514359
3.74707699 1.49494696 49.00080872
3.81553793 2.46293497 48.81973267
4.36654806 2.91567707 47.89501953
4.49501991 3.72987700 47.17916107
4.51219511 0.63715398 48.29211044
4.48884821 1.83394396 48.10047150
5.25418806 3.61469197 46.12684631
4.47209692 4.60065413 46.32320023
0.23511501 6.92075396 48.66973877
0.80822700 7.13347483 47.26976013
1.08864903 6.68882799 48.69593048
0.96385801 7.68258715 45.68408585
0.22082099 8.07966995 45.30963135
1.74129903 6.27879715 49.11888885
2.07350612 6.43054008 47.48213577
1.64013600 7.11798191 46.36430359
2.35993099 6.83058500 46.04851532
2.97554588 6.86567020 44.95748138
1.99051595 7.40348721 45.19574738
3.11577606 6.21901894 46.09471130
3.19508100 4.92256594 48.40293121
3.81207490 4.45364380 47.67466354
3.30805206 5.41496897 47.26508713
2.52285409 5.63831806 48.83801270
2.88867402 4.83781719 49.47026062
4.01038885 6.11468315 44.75555420
3.96413112 5.52304888 45.88692474
5.55616093 4.16981888 45.09713364
4.91255999 5.15117407 44.85146332
5.02795410 2.22701693 47.31816101
5.71756983 2.16929412 46.46463776
5.10439110 2.93962598 46.85437012
6.13465500 3.24752092 45.15321350
5.29958487 0.28000101 47.57859039
5.45278978 1.19803905 47.16878510
6.38154697 1.40200198 46.00995636
6.56609011 2.26372790 45.29638290
5.75718021 2.86908388 46.00309372
5.84124613 0.30857399 47.01675415
6.32616186 0.61062598 46.39893723
6.86592293 0.11572700 45.94268799
7.00099993 0.69881600 45.57901001
7.19892311 1.35392797 45.02192688
7.49746990 -0.01951400 45.23566437
-2.62088108 -2.73902202 50.25718689
-1.48561299 -0.34142101 50.39029694
-6.86583996 6.40003586 44.08605957
0.68250602 -7.50089598 49.36108398
4.75145912 -5.59451389 47.40779495
2.94907188 3.28009605 50.22706604
0.00000000 1.48386300 51.17419815
0.00000000 1.20429206 51.24910736
0.50818998 1.53220904 51.16124344
0.56465602 1.25801003 51.23471451
0.99685103 1.67539203 51.12287521
1.10761201 1.41710305 51.19208527
1.44720304 1.90790796 51.06057358
1.60800397 1.67545402 51.12285995
1.84194005 2.22082210 50.97673035
2.04660010 2.02313590 51.02969742
2.16589189 2.60210800 50.87456512
2.40654707 2.44678712 50.91618347
2.40661097 3.03711605 50.75800323
2.67401195 2.93012905 50.78667068
2.55484509 3.50912595 50.63153076
2.83871603 3.45458388 50.64614487
2.60489702 4.00000000 50.50000000
2.89433002 4.00000000 50.50000000
2.83871603 4.54541588 50.35385513
2.55484509 4.49087381 50.36846924
2.67401195 5.06987190 50.21332932
2.40661097 4.96288395 50.24199677
2.40654802 5.55321217 50.08381653
2.16589308 5.39789104 50.12543488
2.04660106 5.97686386 49.97030258
1.84194100 5.77917814 50.02326965
1.60800397 6.32454586 49.87714005
1.44720304 6.09209204 49.93942642
1.10761201 6.58289814 49.80791473
0.99685103 6.32460785 49.87712479
0.56465602 6.74199009 49.76528549
0.50818998 6.46779108 49.83875656
0.00000000 6.79570818 49.75089264
0.00000000 6.51613712 49.82580185
-0.50818998 1.53220904 51.16124344
-0.56465602 1.25801003 51.23471451
-0.99685103 1.67539203 51.12287521
-1.10761201 1.41710305 51.19208527
-1.44720304 1.90790796 51.06057358
-1.60800397 1.67545402 51.12285995
-1.84194005 2.22082210 50.97673035
-2.04660010 2.02313590 51.02969742
-2.16589189 2.60210800 50.87456512
-2.40654707 2.44678712 50.91618347
-2.40661097 3.03711605 50.75800323
-2.67401195 2.93012905 50.78667068
-2.55484509 3.50912595 50.63153076
-2.83871603 3.45458388 50.64614487
-2.60489702 4.00000000 50.50000000
-2.89433002 4.00000000 50.50000000
-2.83871603 4.54541588 50.35385513
-2.55484509 4.49087381 50.36846924
-2.67401195 5.06987190 50.21332932
-2.40661097 4.96288395 50.24199677
-2.40654802 5.55321217 50.08381653
-2.16589308 5.39789104 50.12543488
-2.04660106 5.97686386 49.97030258
-1.84194100 5.77917814 50.02326965
-1.60800397 6.32454586 49.87714005
-1.44720304 6.09209204 49.93942642
-1.10761201 6.58289814 49.80791473
-0.99685103 6.32460785 49.87712479
-0.56465602 6.74199009 49.76528549
-0.50818998 6.46779108 49.83875656
0.57886600 4.96846199 50.24050140
0.00000000 5.11828279 50.20035553
0.00000000 4.69892693 50.31272125
0.51165003 4.49421597 50.36757660
1.00262499 4.55914211 50.35017776
0.72358298 4.00000000 50.50000000
1.15773201 4.00000000 50.50000000
1.00262499 3.44085789 50.64982224
0.51165003 3.50578403 50.63242340
0.57886600 3.03153801 50.75949860
0.00000000 3.30107307 50.68727875
0.00000000 2.88171697 50.79964447
0.00000000 2.32257509 50.94946289
0.66456699 2.45026207 50.91525269
1.22795999 2.81388092 50.81781769
1.60440695 3.35807705 50.67200089
1.73659801 4.00000000 50.50000000
1.60440695 4.64192295 50.32799911
1.22795999 5.18611908 50.18218231
0.66456699 5.54973888 50.08474731
0.00000000 5.67742491 50.05053711
0.00000000 6.09678078 49.93816757
0.83070898 5.93717289 49.98093414
1.53495097 5.48264790 50.10272598
2.00550890 4.80240393 50.28499603
2.17074800 4.00000000 50.50000000
2.00550890 3.19759607 50.71500397
1.53495002 2.51735210 50.89727402
0.83070898 2.06282711 51.01906586
0.00000000 1.90321898 51.06183243
-0.57886600 4.96846199 50.24050140
-0.51165003 4.49421597 50.36757660
-1.00262499 4.55914211 50.35017776
-0.72358298 4.00000000 50.50000000
-1.15773201 4.00000000 50.50000000
-1.00262499 3.44085789 50.64982224
-0.51165003 3.50578403 50.63242340
-0.57886600 3.03153801 50.75949860
-0.66456699 2.45026207 50.91525269
-1.22795999 2.81388092 50.81781769
-1.60440695 3.35807705 50.67200089
-1.73659801 4.00000000 50.50000000
-1.60440695 4.64192295 50.32799911
-1.22795999 5.18611908 50.18218231
-0.66456699 5.54973888 50.08474731
-0.83070898 5.93717289 49.98093414
-1.53495097 5.48264790 50.10272598
-2.00550890 4.80240393 50.28499603
-2.17074800 4.00000000 50.50000000
-2.00550890 3.19759607 50.71500397
-1.53495002 2.51735210 50.89727402
-0.83070898 2.06282711 51.01906586
0.00000000 3.72042894 50.57490921
0.28943300 4.00000000 50.50000000
0.00000000 4.00000000 50.50000000
-0.28943300 4.00000000 50.50000000
0.00000000 4.27957106 50.42509079
0.00000000 -6.95830488 50.50000000
-0.00000200 -7.61095619 50.50000000
0.49988401 -6.93274784 50.50000000
0.95789599 -7.45392513 50.50000000
0.98437202 -6.84255123 50.50000000
1.73755503 -7.10293293 50.50000000
1.51913702 -6.67446899 50.50000000
2.01829696 -6.42265987 50.50000000
2.39211702 -6.63687611 50.50000000
2.45092392 -6.05639601 50.50000000
2.80525088 -6.23410797 50.50000000
2.79179001 -5.71896887 50.50000000
3.21320510 -5.69464302 50.50000000
3.01775193 -5.36455917 50.50000000
3.47028899 -5.18120193 50.50000000
3.18573689 -5.02515793 50.50000000
3.57184911 -4.80017805 50.50000000
3.27013302 -4.65823698 50.50000000
3.61493611 -4.34319115 50.50000000
3.26870894 -4.37479305 50.50000000
3.26124907 -4.12673998 50.50000000
3.48112607 -3.92839599 50.50000000
3.22025704 -3.95435810 50.50000000
3.28822708 -3.62482500 50.50000000
3.12448096 -3.76941299 50.50000000
2.99232411 -3.58684111 50.50000000
2.97207093 -3.31531596 50.50000000
2.82253194 -3.44931102 50.50000000
2.58417892 -3.30219293 50.50000000
2.55100298 -3.03992009 50.50000000
2.25031400 -3.13970304 50.50000000
2.05455589 -2.81540704 50.50000000
1.85079801 -2.97983098 50.50000000
1.72398996 -2.71719003 50.50000000
1.52555096 -2.87808990 50.50000000
1.39342403 -2.61897206 50.50000000
1.23650599 -2.79502010 50.50000000
1.06289303 -2.56286907 50.50000000
0.77706599 -2.72589588 50.50000000
0.73236197 -2.50676489 50.50000000
0.31762701 -2.71296597 50.50000000
0.36618000 -2.48588705 50.50000000
-0.00000200 -2.46500897 50.50000000
0.00000000 -2.71784902 50.50000000
-0.49988401 -6.93274784 50.50000000
-0.95789599 -7.45392513 50.50000000
-0.98437202 -6.84255123 50.50000000
-1.73755503 -7.10293293 50.50000000
-1.51913702 -6.67446899 50.50000000
-2.01829696 -6.42265987 50.50000000
-2.39211702 -6.63687611 50.50000000
-2.45092392 -6.05639601 50.50000000
-2.80525088 -6.23410797 50.50000000
-2.79179001 -5.71896887 50.50000000
-3.21320510 -5.69464302 50.50000000
-3.01775193 -5.36455917 50.50000000
-3.47028899 -5.18120193 50.50000000
-3.18573689 -5.02515793 50.50000000
-3.57184911 -4.80017805 50.50000000
-3.27013302 -4.65823698 50.50000000
-3.61493611 -4.34319115 50.50000000
-3.26870894 -4.37479305 50.50000000
-3.26124907 -4.12673998 50.50000000
-3.48112607 -3.92839599 50.50000000
-3.22025704 -3.95435810 50.50000000
-3.28822708 -3.62482500 50.50000000
-3.12448096 -3.76941299 50.50000000
-2.99232411 -3.58684111 50.50000000
-2.97207093 -3.31531596 50.50000000
-2.82253194 -3.44931102 50.50000000
-2.58417892 -3.30219293 50.50000000
-2.55100298 -3.03992009 50.50000000
-2.25031400 -3.13970304 50.50000000
-2.05455589 -2.81540704 50.50000000
-1.85079801 -2.97983098 50.50000000
-1.72398996 -2.71719003 50.50000000
-1.52555096 -2.87808990 50.50000000
-1.39342403 -2.61897206 50.50000000
-1.23650599 -2.79502010 50.50000000
-1.06289303 -2.56286907 50.50000000
-0.77706599 -2.72589588 50.50000000
-0.73236197 -2.50676489 50.50000000
-0.31762701 -2.71296597 50.50000000
-0.36618000 -2.48588705 50.50000000
3.02915597 -3.96753502 50.50000000
3.06106305 -4.11556292 50.50000000
3.01142001 -4.34270191 50.50000000
2.89420104 -4.56114006 50.50000000
2.80458498 -3.99209809 50.50000000
2.91072392 -3.89559293 50.50000000
2.82684708 -3.71384311 50.50000000
2.57130504 -3.77538610 50.50000000
2.51210594 -4.21804285 50.50000000
2.70619798 -4.34240198 50.50000000
2.51358294 -4.69188690 50.50000000
2.23442292 -4.56310606 50.50000000
2.22912693 -5.03757381 50.50000000
2.23972011 -4.08863783 50.50000000
2.24501705 -3.61417103 50.50000000
1.84237099 -4.70964098 50.50000000
1.83956206 -5.28624296 50.50000000
1.84518003 -4.13303804 50.50000000
1.84798896 -3.55643392 50.50000000
1.43902397 -4.82082081 50.50000000
1.41018200 -5.46839809 50.50000000
1.46786702 -4.17324400 50.50000000
1.49670899 -3.52566695 50.50000000
1.02512598 -4.89515305 50.50000000
0.95466602 -5.59519720 50.50000000
1.09558594 -4.19510794 50.50000000
1.16604602 -3.49506402 50.50000000
0.51727200 -3.38905191 50.50000000
0.50512302 -4.14953995 50.50000000
0.49297500 -4.91002893 50.50000000
0.48082599 -5.67051792 50.50000000
0.00000000 -4.95090008 50.50000000
0.00000000 -5.69525003 50.50000000
0.00000000 -4.20655012 50.50000000
0.00000000 -3.46219993 50.50000000
2.91666102 -4.99723005 50.50000000
2.68604207 -4.96520376 50.50000000
2.71968699 -5.34413481 50.50000000
2.35562611 -5.67839718 50.50000000
2.29473805 -5.30208588 50.50000000
1.94548595 -6.01983786 50.50000000
1.87267399 -5.61701584 50.50000000
1.45595396 -5.84258413 50.50000000
1.48754501 -6.25852680 50.50000000
0.95311999 -6.39876080 50.50000000
0.92186898 -5.95497084 50.50000000
0.44811800 -6.46671581 50.50000000
0.39635101 -6.00068283 50.50000000
0.00000000 -6.01178885 50.50000000
0.00000000 -6.48504686 50.50000000
2.99937606 -3.79428005 50.50000000
-3.02915597 -3.96753502 50.50000000
-3.06106305 -4.11556292 50.50000000
-3.01142001 -4.34270191 50.50000000
-2.89420104 -4.56114006 50.50000000
-2.80458498 -3.99209809 50.50000000
-2.82684708 -3.71384311 50.50000000
-2.91072392 -3.89559293 50.50000000
-2.57130504 -3.77538610 50.50000000
-2.51210594 -4.21804285 50.50000000
-2.70619798 -4.34240198 50.50000000
-2.51358294 -4.69188690 50.50000000
-2.23442292 -4.56310606 50.50000000
-2.22912693 -5.03757381 50.50000000
-2.23972011 -4.08863783 50.50000000
-2.24501705 -3.61417103 50.50000000
-1.84237099 -4.70964098 50.50000000
-1.83956206 -5.28624296 50.50000000
-1.84518003 -4.13303804 50.50000000
-1.84798896 -3.55643392 50.50000000
-1.43902397 -4.82082081 50.50000000
-1.41018200 -5.46839809 50.50000000
-1.46786702 -4.17324400 50.50000000
-1.49670899 -3.52566695 50.50000000
-1.02512598 -4.89515305 50.50000000
-0.95466602 -5.59519720 50.50000000
-1.09558594 -4.19510794 50.50000000
-1.16604602 -3.49506402 50.50000000
-0.51727200 -3.38905191 50.50000000
-0.50512302 -4.14953995 50.50000000
-0.49297500 -4.91002893 50.50000000
-0.48082599 -5.67051792 50.50000000
-2.91666102 -4.99723005 50.50000000
-2.68604207 -4.96520376 50.50000000
-2.71968699 -5.34413481 50.50000000
-2.35562611 -5.67839718 50.50000000
-2.29473805 -5.30208588 50.50000000
-1.94548595 -6.01983786 50.50000000
-1.87267399 -5.61701584 50.50000000
-1.45595396 -5.84258413 50.50000000
-1.48754501 -6.25852680 50.50000000
-0.95311999 -6.39876080 50.50000000
-0.92186898 -5.95497084 50.50000000
-0.44811800 -6.46671581 50.50000000
-0.39635101 -6.00068283 50.50000000
-2.99937606 -3.79428005 50.50000000
2.92039299 -4.10927677 50.50047684
-2.92039299 -4.10927677 50.50047684
7.72866297 2.83829999 42.26259613
7.25779009 3.48111200 42.39583206
6.90373278 3.93187404 42.52336121
6.73768282 4.21163082 42.20649338
6.43766117 4.63044596 41.76004410
5.86307812 5.25381804 41.90473557
5.43096924 5.68268108 42.05050659
5.13554716 5.97157621 41.66460037
4.61578989 6.41550589 41.09305573
3.80285501 7.05777502 41.25219727
3.08753896 7.57129622 41.46719360
3.34511900 7.31786919 42.42680359
2.70652604 7.73367882 42.58295441
2.41844392 7.98937082 41.71381760
2.08883309 8.07683277 42.73281097
1.84592402 8.28540134 41.95621109
1.47208703 8.36214066 42.75362396
1.73418498 8.07905960 43.62252045
1.07298601 8.33543205 43.67946625
1.40775800 7.94256687 44.54549408
2.01017594 7.76066017 44.26667023
2.56663609 7.43044186 44.26441193
2.34289694 7.78809404 43.51670456
2.93833089 7.44274902 43.39227676
3.13162804 7.13545895 44.03273773
3.52286100 7.05165720 43.29042816
3.99074006 6.84465218 42.32897186
4.07088614 6.64490604 43.25355530
4.56253910 6.38711500 42.41483307
5.00187492 5.99638700 42.62535858
5.39630413 5.60495186 42.72297287
4.92884111 5.88902378 43.38523102
4.53677082 6.26704121 43.28736877
4.49086905 6.10403919 43.92055130
4.15243912 6.40200186 43.89466858
4.81896305 5.70348501 44.09701157
5.31633282 5.48496485 43.43899536
5.81714392 5.15336609 42.72087097
6.19020510 4.70351505 42.82651138
5.67742586 5.08126307 43.47988892
5.24771500 5.30963421 44.02267075
5.50719500 4.99004793 44.08161926
5.97423410 4.68240976 43.59868622
6.47564411 4.30637980 43.02146912
6.76407385 3.89258289 43.11108398
6.26557398 4.26215792 43.70845032
5.71790123 4.59068298 44.30018234
6.08453798 4.12937021 44.29070663
6.31052399 3.67930698 44.44490433
6.65365314 3.21042705 44.39170837
6.83290720 2.75159001 44.54405594
7.14434385 2.28762507 44.47129440
7.36240101 2.45100689 43.94238281
7.60764599 2.00313807 43.95121765
7.33592701 1.83992505 44.53225708
7.63241386 1.42059100 44.40369415
7.74049187 1.07776296 44.46099472
8.01853848 1.14848804 43.98219681
8.12243080 0.73345703 44.08449936
7.69543600 0.61570001 44.74435425
7.99427795 0.05697600 44.59301758
8.25545311 0.26273301 44.13208771
8.40926170 -0.24165700 44.12490845
8.70196247 -0.08786200 43.59592819
8.54699326 0.37946701 43.60141373
8.94715500 0.02981500 43.08932114
9.12890053 -0.46858901 43.03788757
9.27065182 -0.99367702 43.02465057
8.84648228 -0.59745800 43.58506012
8.52122879 -0.76276702 44.13559723
8.95347214 -1.11875796 43.59258270
9.35373306 -1.51211905 43.05625534
9.37221146 -1.99780905 43.12534714
9.01189327 -1.63007104 43.61980438
8.60991669 -1.28372097 44.13555908
8.16053200 -0.99395502 44.66877747
8.06116676 -0.42489800 44.66460800
8.27638435 -1.47199202 44.59650421
8.64017296 -1.78849494 44.15592575
9.02663994 -2.12590408 43.64756775
9.33885765 -2.39503789 43.20574951
9.46748447 -2.81589603 42.97941589
9.06062126 -2.63721704 43.58226013
8.61892891 -2.33411288 44.17665482
8.19717789 -1.93004203 44.70695877
8.04153061 -2.58737898 44.83108521
7.81950998 -2.02967000 45.13890076
8.18141747 -3.42581892 44.53248596
8.64879990 -2.96242905 44.06830978
8.74921227 -3.59938312 43.82146454
9.14684296 -3.19912410 43.37989807
9.60287666 -3.35847807 42.67373657
9.72706413 -3.97073507 42.29615021
9.23862553 -3.81257510 43.09852219
8.81100941 -4.19951391 43.57052994
9.28818512 -4.52315998 42.76520538
9.86470509 -4.61040592 41.79747009
9.49918365 -5.15942907 42.11718750
9.13435555 -5.64875412 42.38423920
9.18420124 -6.18250799 41.85231018
8.72660065 -6.03494215 42.68854141
8.71843529 -5.57300520 43.04450226
8.98390579 -5.14160204 42.92284775
8.78035355 -4.72039223 43.41217041
8.34922409 -4.53167582 44.02268219
8.37994957 -3.98863912 44.17297363
7.90202522 -4.90282488 44.36663437
7.78608322 -5.53995609 44.15914917
8.41033745 -5.18095398 43.65147400
8.28897190 -5.82018518 43.41993713
8.26515198 -6.36906624 43.02177429
8.71445465 -6.55638790 42.20824051
8.23209000 -6.86952400 42.55581665
7.80744314 -6.69431496 43.28900909
7.80813694 -7.09959698 42.84049988
7.32593584 -7.04139900 43.45687485
7.54477882 -7.48399115 42.61290741
7.03076696 -7.50528717 43.18254089
7.10403681 -7.98966885 42.28133774
6.46488094 -7.76164293 43.41252899
6.39242887 -8.28716278 42.58697891
6.01661587 -8.11990738 43.33581543
5.86403990 -8.43729401 42.87662506
5.52552080 -8.23817062 43.57553864
5.30540800 -8.72109795 42.72292709
4.91927719 -8.36716461 43.84609985
4.60327911 -8.75216675 43.27622986
4.56415081 -9.21528530 42.03173447
3.96496797 -8.92076111 43.36018372
3.65196705 -9.33247662 42.44020844
3.82185102 -9.79322147 40.75608826
2.74649096 -9.57661057 42.25017929
2.85427308 -10.06876945 40.46060181
1.87600195 -10.04133034 40.98503494
0.93229097 -10.18290710 40.63607788
0.95674598 -9.70521927 42.32612610
1.84089899 -9.62609673 42.50923157
1.49870598 -9.43634605 43.24744415
2.11556506 -9.30036354 43.48525238
1.51731002 -9.15275383 44.08327484
2.00899100 -8.97032070 44.43144989
0.90770203 -9.01890182 44.47322845
0.29546899 -8.91286564 44.68852997
0.37458500 -9.28384018 43.63742065
1.05265605 -9.33186817 43.59840393
0.04752400 -9.60354710 42.53851318
0.01963400 -10.02929497 41.05435181
-0.77656502 -9.60927773 42.15347672
-0.89276099 -10.03771973 40.66980743
-1.70291698 -9.74282265 41.08943939
-1.52712405 -9.33580971 42.53650665
-1.03633904 -9.10743427 43.55893707
-0.33912301 -9.33186626 43.27413940
-0.30462599 -9.00117111 44.25164032
-0.92812502 -8.68039322 44.79977036
-1.61837006 -8.70687008 44.26566696
-1.75329101 -9.01718998 43.31781006
-2.35885811 -9.15480328 42.31649780
-2.21640706 -8.73575878 43.68040848
-2.14845204 -8.40725899 44.56550598
-2.68067288 -8.37664223 44.10603714
-2.72355604 -8.70055962 43.24123383
-3.26359510 -8.38087654 43.39282227
-3.11573601 -8.05141163 44.34403992
-3.61206508 -7.92225695 43.99437714
-3.82322693 -8.15722847 43.16753387
-3.78336501 -8.59250546 42.08949280
-4.32688999 -8.07718182 42.53805542
-4.11407614 -7.78135586 43.57422638
-3.92650795 -7.51821089 44.35205078
-4.40280008 -7.33505106 43.98524475
-4.57198620 -7.64189100 43.11596298
-5.01649523 -7.77533722 41.98526764
-4.98486090 -7.21290588 43.24030685
-4.72041178 -6.90494013 44.22222900
-5.21756220 -6.65949106 43.81160736
-5.42662382 -6.18281603 44.16798782
-5.76511097 -6.37697315 43.27077866
-5.48701906 -6.87584305 42.95281982
-5.99853992 -6.84397316 41.92589569
-5.45793915 -7.26179123 42.24753189
-5.79463291 -7.57547903 40.85610962
-6.39931917 -7.13384199 40.45027161
-6.76992893 -6.47845078 40.83337402
-6.30831003 -6.16905117 42.47611618
-6.06405210 -6.01008701 43.28765106
-6.33676910 -5.61126518 43.28703690
-5.83533478 -5.86447001 43.90461349
-6.00251198 -5.36215591 44.21985626
-6.44725609 -4.99131823 43.85810089
-6.59274006 -4.44102097 44.18512726
-6.97606611 -4.61580992 43.26737213
-6.77281904 -5.18433619 42.97309113
-7.18407011 -5.01513195 42.26181793
-6.90715504 -5.66488409 41.91821671
-7.63529205 -5.22277594 40.79582214
-7.62182617 -4.36397600 42.07135773
-8.13818932 -4.58867121 40.40755463
-8.36285400 -3.80441403 40.82379532
-8.82076263 -3.07729292 40.40952301
-8.24722481 -2.90243196 42.13938141
-7.88243914 -3.64337301 42.31690598
-7.63855600 -3.28306699 43.27526855
-7.52394485 -3.83868003 42.99245453
-7.25505304 -4.14326191 43.25328827
-7.19834805 -3.73510289 43.77282333
-7.19755411 -3.24650693 44.16645813
-6.93126822 -4.13813210 43.89562225
-7.52658510 -2.76547098 43.92665482
-7.49078798 -2.23715210 44.31820679
-7.95141220 -2.28793597 43.39329529
-7.84835291 -2.81474900 43.23757553
-8.45620537 -2.05202389 42.38802338
-8.97934532 -2.21823096 40.81802368
-8.80649567 -1.25537300 42.08396149
-9.38029861 -1.42294395 40.36762238
-9.44529915 -0.53856200 40.76847076
-8.93267345 -0.44270501 42.27623749
-8.50393105 -0.63278699 43.22132111
-8.43087387 -1.13317096 43.14424896
-8.10861588 -1.05443501 43.82748413
-8.07899666 -0.47424001 44.10379791
-7.76616907 -1.63550401 44.14757156
-8.26300812 -1.57414103 43.21939087
-8.36004066 0.01314500 43.75171661
-8.73120308 -0.06038400 42.96440887
-8.67187119 0.48486200 43.23551178
-8.27554417 0.60275501 44.00633240
-8.52436638 1.12106097 43.58640289
-8.93459320 0.95114398 42.70880127
-8.88529396 1.66892695 42.84725571
-8.36721039 1.78495502 43.83497620
-8.56857109 2.33831501 43.43962479
-9.00370407 2.31527996 42.56803131
-8.80409813 2.90750599 42.88842010
-8.41539001 2.76689005 43.65997314
-8.37797356 3.24118495 43.59617615
-8.70926380 3.41399193 42.96690369
-8.52831841 3.92178392 43.09438324
-7.87531805 3.83386588 44.12709427
-8.10886383 4.57956219 43.53794861
-8.56189632 4.53593016 42.77899170
-8.33501911 5.08839798 42.88483429
-7.93371391 5.02220106 43.62232971
-7.89745617 5.36565113 43.47042084
-8.18098831 5.73690987 42.70453262
-8.70810127 5.47893810 41.74295044
-8.87597466 4.80033493 41.87607193
-9.26595402 5.13015699 40.51473236
-9.41110897 4.25472307 40.75841522
-8.90275192 4.22487020 42.17461395
-9.07690239 3.54756403 42.03451920
-9.70908546 3.36026502 40.38941956
-9.39064121 2.67422390 41.51044083
-9.31214046 1.95702696 41.83329773
-9.40411568 1.18979001 41.52345657
-9.82648277 1.91024804 40.38825989
-9.92700958 2.66444993 40.00800323
-9.03671646 5.87305593 40.42341614
-8.48512840 6.14304781 41.64523315
-8.74807644 6.55394697 40.38587189
-8.20912647 6.75939894 41.59361649
-7.96265697 6.34164000 42.60353088
-7.63534689 5.90758419 43.47524261
-7.49819422 6.50738907 43.25212097
-7.27354622 6.91457319 43.22345734
-7.70994091 6.88925982 42.53674316
-7.38235283 7.37470102 42.54534912
-7.88120699 7.32196808 41.58156967
-8.40695000 7.17963409 40.38371277
-8.01873779 7.75140095 40.40528488
-7.59130621 8.26982689 40.43732834
-7.13448906 8.73130608 40.46854019
-7.08999395 8.31192303 41.60861969
-6.65269613 8.73394871 41.61457062
-6.65665102 9.12852478 40.49387360
-6.20182419 9.09273911 41.60993195
-6.16222715 9.45306587 40.51599121
-5.74296808 9.37432957 41.60556030
-5.64682102 9.69775581 40.54828262
-5.24806690 9.55815506 41.66707993
-5.10331488 9.86757660 40.58909607
-4.71201897 9.68943119 41.72400665
-4.85723114 9.26922035 42.72965240
-5.39086819 9.24241829 42.39464569
-5.30982685 8.85943985 43.14953613
-5.76920891 9.00233173 42.47689056
-5.74976587 8.60245895 43.15738678
-6.18528700 8.67595863 42.52575684
-6.09788895 8.18221855 43.32358551
-6.60285997 8.28695107 42.54921722
-6.54429102 7.82602692 43.24294281
-7.00641108 7.84735584 42.55403900
-6.87106180 7.31227493 43.35762405
-4.70299006 8.71364594 43.76657104
-4.25087214 9.12504959 43.38038635
-4.06665707 8.68644524 44.16461182
-3.72266197 8.99310589 43.81344604
-3.78100204 9.43077946 42.87229919
-4.35380983 9.48830986 42.56093597
-4.14750910 9.76499462 41.77286530
-4.53095484 9.97159863 40.62379456
-3.92966890 10.00980854 40.64871216
-3.29559803 9.98147583 40.66335678
-2.62190008 9.88826370 40.66324997
-2.91702199 9.72168255 41.86592102
-3.55049396 9.77532864 41.81836700
-3.20916605 9.51164818 42.71017075
-3.21002102 9.13003445 43.61500168
-2.66898203 8.88195801 44.13182068
-2.57391310 9.32656670 43.07686996
-2.23189902 9.60976315 41.89948273
-1.90113795 9.73232269 40.64101028
-1.12543201 9.51175213 40.58985901
-0.28072000 9.22071838 40.49703217
-0.69328499 9.21967888 41.91875076
-1.49395096 9.44624805 41.91494751
-1.86753500 9.30208302 42.88403320
-1.90005803 8.88917446 44.03398132
-1.13098300 9.05703831 43.22007751
-1.12713397 8.66979790 44.39824677
-0.47593400 8.68839455 44.04164124
0.02834700 8.40033054 44.58736420
0.29105100 8.61579609 43.56204224
-0.35471901 8.93386841 42.99303436
0.23701000 8.90185547 41.97843933
0.85979199 8.59582901 42.74514008
1.22275603 8.57197189 41.52727509
0.61960298 8.86935806 40.26286316
0.66546500 8.20715046 44.60011292
-7.50371504 7.83813381 41.59426117
-9.93929386 1.12365794 40.00546646
-9.73599625 0.41297400 40.38603210
-9.13151169 0.28494999 42.04238129
-7.33814478 -5.93810606 40.40191650
-5.32865191 -8.13899899 40.53479767
-4.63538980 -8.47884846 40.98033142
-4.05254221 -8.97679806 40.63956451
-3.27692103 -9.21209145 41.06777954
-2.56660295 -9.60876274 40.72510529
-3.08408904 -8.81564713 42.47239685
2.53884697 -8.99474144 44.14793396
2.94718409 -8.73651028 44.53169250
3.15149498 -9.07354927 43.55017090
2.64069009 -9.25047398 43.40499115
3.55263996 -8.60266113 44.39488220
4.25311708 -8.45621681 44.18948746
4.60739088 -8.05142593 44.65143585
5.20933819 -7.89521408 44.40169144
5.82843494 -7.79568005 44.00835037
6.16652203 -7.35234880 44.25540543
6.70247889 -7.17884207 43.93742371
6.96306086 -6.70221901 44.17605591
7.40344906 -6.54413080 43.87644196
7.78343487 -6.17898703 43.75052643
5.01008701 -9.67520905 40.12126160
5.57699299 -9.18044853 41.19011688
6.07316017 -8.73177814 41.93255615
6.82159424 -8.57274628 41.40875244
7.58359718 -8.35467720 40.87802505
7.86910820 -7.83221912 41.57687378
8.11032295 -7.34241915 42.08608627
8.65235996 -7.07630682 41.65753174
9.17345524 -6.72646093 41.25906372
8.76544380 0.43134499 43.16033554
8.42712784 0.78208798 43.53209686
8.30855846 1.17203999 43.40396118
8.74974346 0.69155502 42.93830872
8.67244244 1.08129895 42.63874817
8.30742455 1.69908094 42.75166702
8.01605606 2.14167809 42.87150574
7.83836079 2.09811807 43.37704086
7.61138296 2.51448202 43.32756042
7.12123203 2.89378810 43.88703537
6.85918283 3.34857607 43.81946945
6.56566286 3.81301498 43.77100372
7.09806299 3.40866089 43.11032867
7.39275599 2.92899203 43.18704987
7.91728020 2.42016697 42.61977768
8.10118771 1.62684202 43.35296631
7.83938599 1.56030703 43.94918823
3.64557004 6.73221922 44.06838989
