-0.56361502 0.36820701 -0.75672197
-1.09614098 1.97806096 -0.03007300
1.07754600 1.10377705 -0.06260000
-1.71455896 3.62507510 2.27263689
0.54141098 2.90524912 1.43635201
2.60832691 1.77887595 1.91021800
-2.27033710 4.96761179 5.67516279
-0.20776001 4.40728807 4.25422478
-2.69638705 5.93354321 9.62955761
-0.95749700 5.50490093 7.93403816
0.90083802 4.76243687 7.04394484
1.84203899 3.50193906 3.93968892
3.66049194 2.21795011 4.89095879
2.69017005 3.72341490 7.22618484
4.34623194 2.43900990 8.35715961
-2.98257399 6.56697702 13.60923576
-1.57221496 6.23214483 11.92935562
-3.17345905 7.00407124 17.32931709
-1.99477899 6.70265198 15.75771332
-0.66596198 6.25108004 14.57862091
-3.28899693 7.41339922 20.73175049
-2.28524804 7.10655022 19.33115005
-3.37238312 7.83543491 23.51514816
-2.51304007 7.58707190 22.67057419
-1.49791503 7.26484013 21.81059074
-1.13786602 6.73535681 18.24349213
0.16143399 6.25655508 17.43787575
-0.37044799 6.96088696 21.01943588
0.99356598 6.40548086 20.47313881
3.33057904 3.70343709 10.78414345
4.98319101 2.61218309 11.80618763
2.38315105 4.74679279 13.72061920
4.03850222 3.79266405 14.16618633
5.68791008 2.84880209 15.08455086
1.60057902 5.61356878 16.99878502
3.15736198 4.87127399 17.01660919
2.54271603 5.73221779 20.14688492
4.19301796 4.94435883 20.09214783
4.81624222 4.02012110 17.33055115
6.45807314 3.08704305 18.18114281
5.83216619 4.04097700 20.31824112
7.21961212 3.20316696 20.70403862
0.80680799 5.62305689 13.82203674
1.68286002 4.80660677 10.30524254
0.03360100 5.65739489 10.72686386
-3.98184490 8.48798847 25.74276352
-2.95160389 8.41872692 25.77690506
-4.69847012 9.09331894 28.54232025
-3.54307103 9.13634872 28.70648575
-2.40875602 8.96718884 28.54526520
-5.43912220 9.56142616 31.57505798
-4.20708799 9.72134972 31.75287628
-6.09566402 9.51141453 34.93981171
-4.85140324 9.86026573 35.09027863
-3.60307908 9.94732285 35.12674713
-3.00174403 9.65355968 31.72658539
-1.73806798 9.36940193 31.48877335
-2.30070305 9.79862213 35.01893997
-0.87537497 9.42198563 34.74677277
-5.46172810 9.83075333 37.26158905
-6.05870008 9.62247467 37.52763367
-6.66622114 9.31144524 37.13051605
-6.85015297 9.09978294 38.98538971
-6.28530598 9.44121647 39.03243637
-5.71097183 9.70797729 39.07605362
-5.12698412 9.90268803 39.11505127
-0.01231900 9.34044838 36.82882690
-0.81822199 9.63644409 37.35498047
-1.57501495 9.81672859 37.15880966
-1.92291403 9.94197845 39.08731842
-1.18238902 9.77786160 39.00248718
-0.38654101 9.55444908 38.86651993
0.47418499 9.27080727 38.65074158
-2.95811391 10.05832291 37.30670547
-2.28432107 9.98949432 37.57587814
-4.23563004 10.06894112 37.33100128
-4.85139990 9.99979687 37.62685776
-3.60697794 10.11323547 37.65280151
-4.52875900 10.03007698 39.14581299
-3.91455102 10.09582901 39.16182709
-3.27990699 10.10160065 39.15995407
-2.61868405 10.05016613 39.13740540
2.78219509 8.35240936 39.11325836
2.38154101 8.55619621 40.80550385
3.15519500 8.19259644 40.40094757
4.40699911 7.41708088 38.27069473
5.29872084 6.67961597 35.92882538
3.37711692 7.85464287 36.63456726
6.13471985 5.85807800 32.55530548
4.29421902 7.05207300 33.01964951
2.42797208 7.97429800 33.48274994
1.84675002 8.56931305 36.29350281
0.73378497 8.80777454 34.27930450
0.87655699 9.03361225 36.90761566
1.38550794 8.92564106 38.34230042
2.26567888 8.53835106 38.04340363
3.55103707 7.95287514 38.91623688
6.66612482 4.99523115 29.27708626
4.87443686 6.15011978 29.63674545
7.00102615 4.25966597 26.07117844
5.28945112 5.39971399 26.29964828
3.48344994 6.39239502 26.64887810
7.16887808 3.71552801 23.10928345
5.49808788 4.75625420 23.20515060
3.78771210 5.69688177 23.28792953
2.11888695 6.49117279 23.56175423
-0.33311900 8.87145424 31.08610535
0.18035600 8.04731178 27.59414864
-1.19185400 8.59137154 28.12458038
0.57371598 7.21335411 24.02137756
-0.76981002 7.74446297 24.61882401
-1.92169094 8.09731293 25.29158974
1.75842595 7.30500698 27.08071899
1.26548898 8.16114330 30.59174538
3.03405595 7.23423386 30.08746529
1.06357098 -0.87521100 -0.19089700
3.08789611 -0.20460200 0.88343000
2.93203211 -2.38720107 1.34956801
4.52276802 0.42948601 3.26801395
5.40685987 0.90159303 6.43348598
6.21125078 -0.92857701 5.33652687
4.92915916 -1.65140295 2.80854011
4.64050198 -3.83733392 3.78260708
6.47708988 -2.98940206 5.41455698
6.04614401 -5.01779985 6.86082983
6.02677822 1.23464704 9.88739586
6.71724415 1.58252001 13.23542023
7.72620916 0.14196900 11.75226784
7.46336508 1.92932105 16.48083878
8.11023140 2.25971603 19.68050003
9.20822906 0.93601799 18.38639832
8.53281403 0.54520798 15.01778221
9.40156078 -0.99391699 13.97055435
10.19134903 -0.58003998 17.26184273
10.84711838 -2.16887593 16.64698029
7.76949501 -4.11186218 8.45858955
7.24822617 -5.95605087 10.23785591
8.97735405 -3.27552605 10.77297974
8.84532928 -5.04586792 11.80542564
8.32309341 -6.71471500 13.71512413
10.00896454 -2.65909004 13.51291084
10.09139538 -4.29619980 13.98966980
11.09333992 -3.74907207 16.73794937
10.97304344 -5.33962107 17.56073761
9.80054379 -5.85258818 15.24178314
9.30621624 -7.41073704 17.18592072
10.56066418 -6.77888489 18.76712036
10.00917053 -7.96402216 20.09072685
8.53497505 -1.46376097 10.80797577
7.65879202 -2.15290999 7.87976122
7.00019598 -0.32906100 8.46105003
8.49625397 2.56210804 22.72316551
8.59218407 3.07632089 25.77478409
9.94480705 1.78548300 25.24087524
8.33950329 3.77540493 28.95597458
7.88160992 4.60177422 32.16793823
9.50577545 3.27896905 31.81665802
9.92761803 2.46396494 28.58059883
11.17832661 1.06900704 28.11692238
10.92693520 1.86980104 31.45795441
12.22193146 0.35993400 31.15653992
7.05884314 5.42994690 35.17034149
6.31996298 6.12644291 37.62083435
5.33493710 6.83896303 38.22161102
7.71075392 5.06550980 37.82978821
3.94802690 7.74568796 40.06493378
4.80918217 7.20770407 39.77394104
8.53023148 4.31777000 39.12092209
7.66539097 5.08875179 39.67661285
6.94765902 5.68268490 39.89010620
6.38122797 6.02728891 41.24747849
7.09575319 5.46319199 40.90935135
7.86884212 4.80847597 40.54431534
8.60798264 4.13194895 40.23082352
6.58903408 5.98402786 39.06779480
5.72926521 6.59802485 39.41622925
11.74087334 1.22103405 34.24863815
12.85594082 -0.44681999 34.03297424
10.97162247 2.12836289 36.96026611
12.19217873 0.52086401 36.74091339
13.17580223 -1.22535706 36.65294266
9.65500069 3.13011408 39.25634766
11.06691933 1.50766003 38.75383377
10.12491226 2.32754302 40.27146149
9.37861061 3.16429090 40.67893219
10.92866325 1.07634103 40.42830276
12.29993534 -0.13803799 38.81261063
13.02359772 -1.87577605 38.80641937
11.93152142 -0.62816602 40.18003845
12.60974503 -2.28596306 40.39121246
8.78235531 3.81032109 40.84862518
9.38751793 3.59547091 37.10756683
10.38571453 2.73363400 34.53723907
8.85867691 4.15891600 34.88858032
13.26084995 -3.59565711 38.89341736
13.65841103 -4.86505413 36.86257935
13.70705414 -3.08993411 36.68559265
13.72166538 -6.01476002 34.41492844
13.93607330 -4.24291182 34.08365631
13.34305000 -6.86275291 31.58872986
13.85714340 -5.30023479 31.18050385
13.77825356 -3.34617400 30.95507812
13.87086582 -2.32103491 34.00945282
13.19023705 -1.41782403 30.94561768
12.73539543 -7.46634579 28.51509857
13.18290615 -5.91918087 27.90925026
11.79739380 -7.67513704 25.28934860
12.39490128 -6.25846577 24.54146767
12.60704994 -4.66852808 23.96026611
10.85566425 -7.81364298 22.33945847
11.54113293 -6.49162722 21.39623833
11.90040684 -5.00672913 20.53890419
11.88362408 -3.36255598 20.05287552
12.15833569 -0.50232399 27.71817207
11.82943344 -1.18238103 24.06142044
11.01550102 0.39153501 24.60359764
11.39637280 -1.70875895 20.29449081
10.63021278 -0.12403100 20.98445320
9.61097240 1.32400894 21.92242432
12.39633846 -2.89751101 23.76717567
12.87077236 -2.26651096 27.48757553
13.18321609 -4.15959501 27.54682922
-1.45506799 -1.24928999 -0.08343400
0.30036700 -2.92353702 1.10058296
-2.61668301 -3.28119898 2.00266290
2.08216500 -4.50266695 3.25699091
3.66605592 -5.81323290 6.14057016
0.82757199 -6.40754509 6.34909105
-0.84375101 -4.97191477 3.78072000
-3.75398898 -5.35362816 5.21506500
-2.06206799 -6.82694721 7.37991810
-4.74501801 -7.20825577 9.00867081
5.08419514 -6.86773300 9.49532700
6.41635609 -7.68668222 13.00030613
3.95768309 -8.51395798 12.86522198
7.67927122 -8.31168175 16.51798248
8.79002762 -8.78312874 19.85838699
6.95403099 -9.73144436 19.73481750
5.50700283 -9.23760986 16.36118317
2.90430307 -9.95772552 16.47305870
4.63273001 -10.63111591 19.84815788
1.99955201 -11.33178616 20.15296173
-3.12913704 -8.38668633 11.32340431
-5.55604076 -8.71168900 12.84592533
-1.48186100 -9.44914913 14.01135063
-3.95880389 -9.72887039 15.07873344
-6.11151695 -9.86895180 16.50135040
0.20805299 -10.40409565 16.92425537
-2.35279799 -10.68984222 17.62536621
-0.67553198 -11.72532654 20.60821915
-3.13961697 -11.78092957 21.20234680
-4.68972921 -10.84367943 18.57804489
-6.56234312 -10.75310135 19.79829216
-5.21061707 -11.57938385 21.90732574
-6.65468693 -11.29342747 22.62096405
1.19058895 -9.06620979 13.20976067
-0.45658901 -8.03020954 10.14604092
2.37650394 -7.57075119 9.46587944
9.83386707 -8.97825146 22.92467880
10.86972332 -8.95034981 25.94099426
9.44816589 -10.03551579 26.39765549
11.76099968 -8.70082569 29.09114838
12.56714058 -8.26562023 32.14706421
11.36847115 -9.42709255 32.68974304
10.50005436 -9.84893227 29.62139511
8.83645153 -10.84640408 30.06364059
9.81209660 -10.42198372 33.22185135
7.73899508 -11.01118946 33.55234146
13.04092407 -7.48839903 34.87606049
13.17705154 -6.42825699 37.20702362
12.06075573 -7.55233002 37.43730545
12.78894997 -5.04024076 38.86110687
12.33195305 -3.79097390 40.36738968
12.06665325 -5.08023024 40.30503464
11.97242928 -6.35481119 39.41151428
11.23114204 -7.51854086 39.35151672
11.19551277 -6.28523779 40.88492203
11.60425663 -5.70441008 40.71009064
11.17245293 -6.91136599 40.33493805
10.61224937 -7.41145802 40.61227036
8.45441437 -10.27330017 36.70238495
6.77596617 -10.94040585 36.43097305
7.59319210 -10.04801369 39.17505646
8.47380257 -9.77460861 38.88591766
7.10615301 -10.49619865 38.17709351
6.04433823 -10.71523285 38.52964020
9.44573593 -9.45998001 38.18226624
9.61108208 -8.94274426 39.46192932
8.80030060 -9.27527714 39.84524536
9.87554169 -8.41219139 40.15270233
9.95255470 -7.82293320 40.98884583
9.24173641 -8.14493179 41.41189194
7.89833689 -9.52144241 40.33859253
6.96133423 -9.69441891 40.85932159
10.68786240 -8.57404804 38.23642731
10.51679611 -7.99636078 39.89894867
10.33301163 -9.52640724 35.76181412
11.98421669 -8.73279667 35.41684723
-0.13251901 -11.63477516 37.49095917
-1.36604202 -11.99497795 35.24684143
0.85659897 -12.15220547 35.07151794
2.05873895 -11.66079903 37.32801819
3.21156502 -11.99919033 34.77982712
0.95539701 -11.61778831 37.76364136
4.35716486 -11.42051506 37.00185394
5.57795906 -11.58360481 34.32843781
5.53936195 -11.16597652 37.08451843
3.19110894 -11.50802708 37.54101944
4.85803604 -10.88025665 38.92111206
3.69689393 -11.04101181 39.13076401
2.59496689 -11.15280628 39.26184845
1.52262199 -11.20234108 39.34591293
-2.91130805 -12.61348629 31.80105591
-0.62100703 -12.92228603 31.58345413
-4.34511900 -12.49958229 28.45774841
-2.18535304 -12.95767593 28.19710922
0.32246101 -13.00792122 27.79499817
-5.70536804 -12.01823902 25.22849464
-3.77996206 -12.54436874 24.86443329
-1.43173897 -12.71933937 24.36277008
1.22247601 -12.50803375 23.88288689
6.81899977 -11.72830772 30.46570587
5.51634693 -12.00258064 27.00791931
7.69437981 -11.07955837 26.70892715
3.92012095 -11.98938179 23.50710297
6.38789701 -11.10269642 23.25601387
8.38938141 -10.07981300 23.12162399
2.98170495 -12.67431736 27.36985207
4.46937799 -12.42616653 30.85829163
1.91297305 -12.84684372 31.24407959
-2.76276708 0.52257597 -0.19678301
-4.21458197 -1.42686701 1.20594597
-5.30068207 0.53623998 1.66173100
-5.48121786 -3.60396099 3.82359791
-6.42032814 -5.73180723 7.29932785
-8.01830101 -3.90965199 6.35076523
-6.89395809 -1.63959599 3.41506791
-7.57436085 0.40156099 4.45157909
-9.11044407 -1.87914097 6.43411779
-9.43302441 0.21231700 7.83648491
-7.09943008 -7.53572512 11.13225746
-7.59270191 -8.87258816 14.87865639
-9.18504524 -7.63753319 13.64410400
-7.93770885 -9.87817287 18.40023994
-7.88237095 -10.59799290 21.73185349
-9.26500988 -9.60825157 20.87154007
-9.33741379 -8.75721359 17.28090477
-10.87918186 -7.36362982 16.47775078
-10.67735767 -8.33736229 20.19276810
-12.05038261 -6.76972580 19.72003937
-10.93204021 -2.00166702 9.85616302
-10.96940899 0.15109301 11.40371895
-11.89315128 -3.98688698 12.69921112
-12.30012512 -1.84011996 13.40467739
-12.13938808 0.33094600 14.94746590
-12.27491665 -5.57989883 16.05297661
-13.04309654 -3.53566408 16.21550751
-13.19829273 -4.91409016 19.51348495
-13.77198315 -2.83391094 19.72134781
-13.20677280 -1.36445403 16.97509193
-12.87442970 0.69026899 18.37171555
-13.78472233 -0.69813102 20.32384491
-13.37185860 1.05855703 21.10544777
-10.76242161 -5.98537111 12.81485271
-10.17201996 -4.10273600 9.37874603
-8.73810959 -6.00178289 9.90010262
-7.26245499 -11.17114067 25.10770035
-6.12895203 -11.68095398 28.45218086
-7.63769102 -10.61059761 28.16096497
-4.85287285 -11.93561363 31.82887268
-3.35461593 -11.51940346 35.30364227
-5.07481098 -10.75855637 35.23107910
-6.48134899 -10.96410179 31.65356445
-7.90887499 -9.79170609 31.33474731
-6.56241798 -9.76380539 35.05071259
-7.88091087 -8.57657623 34.81194305
-2.14997697 -11.31202221 37.55843353
-1.14519000 -11.44324684 37.86467743
0.48072800 -11.18679047 39.39197540
-0.52690399 -11.10077000 39.41481781
-1.48748505 -10.94168377 39.42993164
-2.40044093 -10.71095276 39.43688583
-8.02430725 -7.57666016 37.06840134
-7.37877417 -8.16763496 37.49431610
-6.82696295 -8.81486511 37.24729156
-6.14530516 -8.70956326 39.19194794
-6.74944496 -8.15982246 39.12677765
-7.31743193 -7.56115103 39.07151794
-7.85855007 -6.91597986 39.01513672
-5.48038721 -9.86439514 37.41766739
-6.12170219 -9.30614662 37.66544342
-3.93495393 -10.70854568 37.53362274
-3.03875899 -10.97580147 37.88544083
-4.69122410 -10.25101471 37.81083298
-3.25914693 -10.41899300 39.42026138
-4.06094503 -10.07035828 39.37949371
-4.80507803 -9.66619873 39.32712936
-5.49918985 -9.21051788 39.26361084
-10.72352219 -2.82812095 36.67048645
-11.57558632 -2.11680794 34.06581116
-10.97796631 -3.96569896 34.17536163
-10.00953388 -4.57133484 36.77011871
-10.12250710 -5.67569685 34.34243011
-10.31350708 -3.68321490 37.08147430
-9.09452248 -6.16001415 36.90200806
-9.07159615 -7.21375895 34.56319427
-8.50541401 -6.84478807 37.32863235
-9.49644947 -5.34719801 37.18853760
-8.36784363 -6.22984409 38.96198654
-8.84114075 -5.49949980 38.92199707
-9.27509499 -4.72811413 38.88982010
-9.66852760 -3.91482902 38.85911560
-12.74467182 -1.44474101 30.04190826
-12.30595398 -3.44770193 30.11580658
-13.37980747 -0.60829401 26.56053925
-13.20553589 -2.68149996 26.51098251
-12.61396599 -4.68414879 26.57893753
-13.69175053 0.29707900 23.41342926
-13.84116745 -1.77167201 23.15257454
-13.58403778 -3.88705897 22.98044586
-12.73348427 -5.85734415 23.06482315
-9.22783661 -8.46904755 30.95862579
-10.35983276 -8.02746582 27.24065590
-9.02580166 -9.38972855 27.71026230
-11.37480545 -7.54351091 23.45130730
-10.01174545 -8.95981979 23.95647812
-8.61579132 -10.14019966 24.56886482
-11.61399269 -6.47592592 26.83406639
-10.45692635 -6.98942804 30.59253693
-11.52167606 -5.31862688 30.29669952
-3.47834206 2.33206797 1.30760896
-5.74747801 2.40767193 3.69281602
-7.66705322 2.30743790 6.81603098
-5.84934616 4.00918007 6.84632587
-3.91140795 3.93918610 4.16670084
-4.13693094 5.21004677 7.86265898
-9.28913784 2.18182993 10.32960701
-10.67032242 2.18377209 13.83625603
-8.99031925 3.89772892 13.45978069
-11.66547489 2.31125998 17.31258583
-12.47110367 2.46483397 20.55019760
-11.29002666 3.97718596 20.17292023
-10.24335957 3.92597103 16.82704926
-8.64155579 5.27140713 16.87892914
-9.86383820 5.31032991 20.14008331
-8.29932404 6.35530996 20.40621185
-4.26091194 6.13566780 11.89228630
-5.71297884 6.23303413 14.52270794
-4.30607605 6.75146389 15.74923897
-7.08119488 6.28277206 17.36433983
-5.59542704 6.90656900 18.20328903
-6.78777885 7.07102394 20.97490501
-5.41599512 7.51764393 21.76464844
-4.32890701 7.24572706 19.31965828
-4.26389885 7.76220703 22.65354538
-7.30011892 5.29229307 13.71943092
-5.79744387 5.30048704 10.64936066
-7.51238012 3.95527196 10.08152771
-13.16679573 2.17138004 23.43928528
-13.16654491 1.39870906 26.60531616
-12.54343510 3.25085592 26.60226822
-12.81863117 0.57683098 30.02561188
-11.87219429 -0.20275199 33.99267197
-11.83281326 1.68500996 33.96487427
-12.51562119 2.52076292 30.03071785
-11.82315731 4.32162285 30.08522987
-11.43726063 3.49318409 34.01594162
-10.71671104 5.18067980 34.12022018
-11.18752861 -0.97655898 36.58845520
-10.90779781 -1.88354301 36.99891663
-10.01475525 -3.06377101 38.82994843
-10.30913162 -2.18071198 38.79949951
-10.54271507 -1.27390802 38.76867294
-10.71448898 -0.33694401 38.72819519
-9.92827225 6.00861502 36.69067383
-10.28139877 5.23834801 37.02784348
-10.68982029 4.39879799 36.62204742
-10.38986206 3.95645499 38.75189972
-10.08371544 4.82011986 38.81486130
-9.75342846 5.63210011 38.77472305
-9.37131214 6.37093878 38.76070023
-11.20406532 2.66749907 36.48922729
-10.92422104 3.54580903 36.91511536
-11.37059021 0.88093501 36.47956085
-11.24300385 -0.01426600 36.89471436
-11.26333809 1.79781103 36.82614136
-10.85318661 0.56600702 38.56480408
-10.87263584 1.42624795 38.53073120
-10.80638981 2.27866101 38.53470230
-10.65824890 3.10863090 38.57759476
-7.35179377 8.86854172 34.71902466
-7.84827185 8.49164391 36.96445465
-8.59049797 7.91762781 34.47714996
-7.24600697 8.95030785 37.38472748
-8.96105671 7.38253021 36.79995728
-9.74151897 6.67541885 34.26663208
-9.42769432 6.73679304 37.08848572
-8.39089584 7.98129797 37.22220612
-8.93587208 7.04507113 38.77928162
-8.45825577 7.65629482 38.81960297
-7.94397211 8.20408440 38.87419128
-7.40599203 8.68645954 38.93095398
-6.74813890 9.13210487 31.25602341
-5.95692015 8.82348537 28.14045334
-7.34433794 8.30541039 27.64649773
-5.11058187 8.30067825 25.22990799
-6.44327497 7.95544004 24.55593681
-7.92883015 7.38646889 23.93658829
-10.78096294 5.93134308 30.24473572
-10.22217941 6.32501507 26.84659576
-11.52354240 4.90773010 26.65324020
-9.37984753 6.47460413 23.53287506
-10.85067940 5.29811287 23.32277298
-12.13457775 3.83723593 23.33069992
-8.79440498 7.47471905 27.18824768
-9.50508118 7.30547905 30.52020264
-8.12638474 8.38688469 30.87778854
8.01414490 4.51317215 41.31503296
8.11826229 4.21982622 41.91017151
10.03746128 1.85390604 41.58449936
9.37965775 2.60401297 41.93894196
9.35575485 2.32249594 42.39347076
9.39937019 2.88697195 41.34784698
10.68752480 -0.02150100 42.18737793
10.22915554 0.70627999 42.41843414
10.09453201 0.45837900 42.78021240
11.04982376 0.32894400 41.20922089
10.49268723 1.18760896 41.46817017
10.37394905 0.94907701 41.96923447
10.01351547 2.16164088 41.11669159
11.15828514 -1.31640399 42.05445099
10.91228485 -0.60827601 42.15777588
10.61964607 -0.74734002 42.60313416
11.41994572 -0.84512401 41.42119980
10.80179214 0.23062800 41.82450104
11.15166855 -2.46840096 42.26811218
11.16453362 -1.90381205 42.19843292
10.75887299 -1.93768597 42.69957352
11.68419647 -2.41880798 41.50158691
10.91273880 -3.01050210 42.53565979
11.37304020 -3.03924298 41.97834396
11.67403030 -3.61093593 41.47971344
11.31501198 -4.30900812 41.78908539
11.83252907 -4.38407516 41.05784607
11.03538132 -5.61603022 41.56830597
10.60524178 -6.78785992 41.28342819
10.53012276 -6.14799118 41.86962891
11.49216175 -5.02410078 41.27544022
11.12467957 -3.62587690 42.19775391
10.65555763 -2.46083999 42.85011292
10.74444199 -1.36288297 42.61733246
10.40009689 -0.13248099 42.65632629
9.86260796 1.67539895 42.17575073
8.73725700 3.59801102 41.63368988
6.51833391 -10.21215153 39.83051300
9.04457474 -8.71848488 40.71532822
6.08728218 6.31656790 40.46193695
1.88954496 8.76281166 39.71905899
-8.17563629 0.11660200 44.93139648
-7.88764095 -0.93450999 45.07923889
-7.35586596 -0.10122300 45.89038086
-6.87743521 -1.18035603 46.21356964
-6.51157284 -0.09595600 46.80144501
-7.50564623 -1.87900901 45.27722168
-6.85516214 -2.20380902 45.95163727
-5.83795595 -0.93914902 47.36283112
-7.30370903 -2.81550694 45.12377930
-6.42629385 -3.03835297 46.09567261
-6.12093115 -2.09337902 46.80519485
-6.90659523 -3.87918210 45.00453186
-5.90920591 -4.01890802 46.19900513
-5.42464781 -3.20917201 47.20909882
-5.26161909 -1.98103905 47.75664902
-5.14327383 -0.16029000 48.11709595
-5.05893707 -1.11210001 48.11104965
-6.22594500 -4.86907101 45.16970062
-5.20519209 -4.97263193 46.43682098
-5.24269915 -4.14099503 47.00359726
-4.41954899 -4.36369705 48.01622391
-4.56030083 -2.82480311 48.33599091
-4.53049994 -1.70391500 48.53958130
-5.60411692 -5.80197620 45.15242386
-5.08400822 -6.58903408 44.97525024
-4.68818617 -6.08830976 46.05236816
-4.21376705 -7.13107777 45.36725998
-3.68136001 -6.51006079 46.94554901
-4.33058023 -5.52687693 47.16131592
-3.65123200 -5.70311785 48.17575073
-3.61473393 -5.12410498 49.16437531
-2.89197898 -6.59553385 48.19859314
-2.96325898 -6.10242414 49.41779327
-3.27162504 -5.51314306 50.01840210
-3.52042198 -7.85474491 45.10265732
-3.17738104 -7.42341280 46.16854477
-2.80781603 -7.10433197 47.23796082
-2.67795205 -8.18528557 45.37858963
-2.15238500 -7.74878120 46.72932434
-2.13127804 -7.24284315 47.98432541
-2.11339402 -6.91265392 49.28643799
-1.46959198 -7.67443800 47.64793396
-1.34948504 -7.41956615 48.65691757
-1.13303995 -8.11581421 46.80431366
-1.66133404 -8.48350906 45.63768005
-0.81280702 -8.57130432 45.97565460
-0.57941401 -7.83970499 47.93091583
-0.47545600 -7.55644989 49.32460403
-1.32679701 -7.28915119 49.66165924
-0.11836600 -8.36112213 46.70721436
-0.19391000 -8.89197636 45.52154541
0.19917600 -7.74277878 48.52335358
-3.91056895 -3.45390296 49.14094925
-3.79016304 -2.23660493 49.21541595
-4.48687983 -0.77312201 48.65589142
-3.81609988 -4.32151413 49.27368164
-3.99132895 -1.29364204 49.04372025
-3.80576801 -0.50856501 49.20582581
-3.56147790 -4.74370003 49.99686813
-3.56768608 -3.92406011 49.98347473
-3.29569507 -3.05386209 49.93466187
-3.31621289 -1.24432600 49.53292084
-2.89968705 -2.08083510 49.89092255
-2.34497309 -1.06411695 50.06024170
-2.00501299 -2.14367294 50.29504395
-1.34241104 -1.35644901 50.36893463
-1.03017998 -2.22939801 50.45818329
-0.57135099 -1.56628501 50.46707916
-0.07010200 -2.10590696 50.48690033
-0.59518999 -0.79072499 50.51161194
-7.65641022 0.71817499 45.62014008
-6.95870018 0.77818698 46.38600922
-6.14650011 0.81627601 47.20914459
-5.83643389 0.05616100 47.49661255
-8.27027512 1.20631397 44.83068848
-7.46110678 1.59111798 45.78144836
-6.55858803 1.73960197 46.72564697
-7.10478115 2.51585698 46.02037811
-8.14917946 2.57465792 44.77301788
-7.13900423 3.68347597 45.65691376
-5.50062895 0.66251600 47.82832336
-6.16456795 2.96878600 46.89655304
-5.45980120 1.75594902 47.79262543
-7.51284981 5.06717014 44.65966797
-6.61079407 4.67144489 45.88214874
-6.23751497 4.04731703 46.52788544
-6.38147306 5.59437799 45.62388992
-4.87686586 0.84443903 48.38250732
-5.10272884 3.05220509 47.94361496
-4.65267992 2.34268403 48.51005554
-5.49360323 3.96061206 47.30500793
-4.66230297 4.04519606 48.10422134
-5.01570892 4.70262814 47.47377014
-5.74232817 4.92240381 46.64978790
-5.57255077 5.83616400 46.28442383
-4.35224199 0.14237501 48.81065750
-4.14630604 1.05353606 49.01288605
-4.61538887 1.61209702 48.60416412
-4.14696503 3.22646999 48.87837219
-4.84150696 5.59671211 47.10409927
-3.61426806 0.39995900 49.39285660
-3.90880108 2.06160998 49.22609329
-3.87267399 4.34695101 48.83976364
-3.03938007 -0.28052101 49.72741318
-2.83562899 0.73364502 49.96315002
-3.47360802 1.26071095 49.57532501
-3.34645295 3.84953308 49.72875977
-3.45316911 2.87794399 49.67561340
-3.19699407 4.75020599 49.53470612
-4.31405020 4.96480799 48.01897430
-3.55047488 5.23257399 48.66637421
-2.83981705 2.05499411 50.23601532
-3.00896692 3.19471598 50.26548004
-2.89072204 5.44883823 49.35224152
-2.29310894 0.00203700 50.16548920
-1.73144400 0.96576297 50.64599609
-0.67625600 0.18440300 50.68653870
-0.66400898 0.94545102 50.99025726
-5.86478090 6.54038191 45.47093201
-5.14326382 7.33438396 45.37877274
-6.10676003 7.45444679 44.42802811
-5.00316811 6.48184013 46.29226685
-3.91854095 5.83993578 47.74921417
-4.29132223 6.38110781 46.95346069
-4.27326822 7.13879824 46.22290039
-4.27980089 8.07756424 45.14591217
-5.29271078 8.22149467 44.30485153
-3.09446406 6.02378511 48.38285446
-3.39854407 6.80179405 47.16812897
-3.17856693 8.52833366 45.02401733
-3.49338889 7.67491293 46.06152344
-2.38018489 6.73475790 48.05013275
-2.31380010 7.74047899 46.47008514
-2.41439009 6.04985905 49.16976929
-2.23847008 8.56119537 45.17879868
-1.66132104 6.54058695 49.10894012
-1.38578999 7.19658995 47.84214783
-0.68080801 6.88830900 48.96940994
-0.30154300 7.35095406 47.69503021
-0.96588099 7.85063791 46.59931946
-1.44365299 8.42381096 45.47349548
0.09886300 7.85634708 46.45474625
-0.43515199 8.40820694 45.42495728
0.29180601 -7.99859619 47.68904495
0.71519703 -8.82343483 45.80166626
0.88479501 -8.26263046 46.99958038
1.07234395 -7.77858496 48.15973282
1.56479394 -9.07013130 45.24901962
1.60196400 -8.55695820 46.24142838
1.74416399 -8.04037094 47.21669769
1.41798103 -7.27649403 49.85123444
1.63109505 -7.33957005 49.04016113
2.07718992 -6.94939089 49.76390076
2.43251300 -8.82223606 45.47413635
2.26669312 -8.29651070 46.49186707
2.56948900 -7.81319380 47.15407944
2.06821799 -7.52315998 48.08032990
2.46495700 -6.97299099 48.88467407
2.82021689 -6.36884785 49.76863861
2.98344493 -8.23330402 46.20020294
3.22986007 -8.65652466 45.39073181
2.92821002 -7.19220686 47.89739990
3.42768312 -7.58485222 46.86067200
3.97508311 -8.20299911 45.61078644
4.09921312 -5.85114193 48.27070618
3.26759505 -6.46702099 48.67147064
3.77701592 -6.79207420 47.59338379
4.34086609 -7.26545382 46.51726913
4.93184710 -7.75071621 45.53514862
5.33995914 -6.85880423 46.11003494
4.61304188 -6.39422178 47.18520737
5.33750677 -5.95137978 46.84521103
0.18491000 -1.34818304 50.50379944
0.33926901 -0.31326100 50.62432098
0.92767102 -2.16019797 50.47564697
1.08178401 -1.15178096 50.45012283
1.25281203 -0.31194201 50.49645996
1.87414300 -1.94366205 50.33484650
1.91219997 -0.83255702 50.25531006
1.89974797 0.15548301 50.35906982
2.72288394 -2.51189995 50.19424438
2.69505095 -1.41619396 49.95597839
2.66833997 -0.32709801 49.91597748
3.38314891 -3.02547193 49.98985291
3.52939510 -2.02756810 49.56140518
3.46186209 -0.85540402 49.44498062
3.52404404 -5.62955618 49.51512909
3.77682590 -3.80362391 49.83039856
4.00999022 -2.87067604 49.32892609
4.25253391 -2.14997101 48.99619293
4.18035698 -1.36650896 48.96701431
3.46036911 0.39460999 49.39231491
4.05496883 -5.10306501 48.98870087
4.24423599 -4.36588717 49.03960419
4.66764688 -4.92945194 48.20567322
4.78035402 -4.09310102 48.39582825
3.75023890 -4.74611616 49.84477997
4.44737911 -3.52806401 48.89605331
4.67425299 -2.69338107 48.64344025
4.23797607 -0.39567500 48.82344818
5.34917784 -4.30302477 47.68801498
5.36177206 -5.15284681 47.31795502
5.20923185 -3.34990907 48.05758667
4.87157917 -1.79690194 48.42010498
4.73155022 -0.98220301 48.48133469
6.47490883 -6.86339998 45.19023132
5.77133989 -7.58572817 45.10844803
5.95045090 -6.19502497 46.12192535
6.64965200 -5.84131479 45.72917938
7.43197489 -6.27586699 44.81662369
5.98847580 -5.46792603 46.54001617
6.05149221 -3.68054199 47.14145660
5.92058992 -2.69577408 47.42286682
5.26398277 -2.47432208 48.07075500
5.65624905 -1.84964800 47.71015930
5.35186815 -1.07870102 47.95357132
5.02211094 -0.28777501 48.15958786
7.47574091 -5.20219898 45.31646729
6.62397099 -5.05559778 46.15015030
6.98953485 -4.15394211 46.12210464
6.05408001 -4.63161421 46.85874557
6.54743290 -1.87205601 46.87722778
5.99719715 -1.20579100 47.38235474
5.84556389 -0.37731600 47.44321442
7.79273415 -3.27919793 45.58297348
8.14884186 -4.28514624 45.04358673
7.61122322 -2.19313407 45.87778473
6.81553984 -2.97364998 46.53242111
7.25061989 -1.35003495 46.22669220
6.59908104 -0.88354897 46.80527878
6.58173609 -0.03759900 46.71879578
7.38919783 -0.51636499 46.02494812
8.11219597 -1.33486605 45.41795349
8.14024734 -0.54731500 45.31186295
0.09876600 0.64355898 50.92874527
1.03085899 0.58300698 50.78238678
1.95340300 1.23239994 50.63110352
2.57980990 0.58841503 50.05287552
2.43729901 1.93142498 50.55260468
2.91719508 1.48297799 49.93795776
2.86342692 2.46925402 50.23487091
3.34522510 2.20645094 49.56605148
3.15487909 3.92552900 49.70828629
3.31205297 2.98350096 49.60363770
3.70803499 3.45102000 48.89052963
3.48282909 4.30216980 48.78991699
4.02124596 3.87533689 48.19744110
3.78452110 1.54751003 49.08880615
3.85630608 2.53401399 48.91713333
4.44487190 3.04519296 48.03450012
4.60975504 3.91696191 47.34501648
4.57751894 0.70637602 48.41082382
4.56261301 1.93470299 48.22956085
5.45943213 3.88240695 46.31587219
4.63900518 4.85373402 46.50990677
0.26107901 6.97091198 48.73858643
0.87473798 7.25582790 47.40950394
1.11689901 6.74835491 48.76322174
1.08458602 7.87365818 45.86888123
0.35079399 8.25863647 45.50579453
1.76115894 6.32378912 49.16613770
2.14290690 6.57047701 47.61592102
1.74012601 7.30244684 46.53833008
2.47998095 7.05164099 46.23488617
3.15510798 7.15909576 45.16209412
2.14001989 7.64922810 45.38866425
3.25093198 6.46014214 46.28439331
3.24224305 5.02762079 48.50933838
3.89213800 4.60769081 47.81946564
3.40092492 5.59113693 47.41819000
2.55490804 5.71025085 48.91020966
2.90560293 4.88006496 49.51776886
4.23799801 6.45751286 44.97093964
4.13392019 5.79797411 46.08592224
5.85668993 4.52319098 45.29633331
5.18694878 5.51460600 45.06323242
5.14681387 2.38327599 47.47763062
5.91603899 2.38555694 46.64098740
5.25273895 3.14262390 47.02854156
6.46681499 3.59062791 45.34119415
5.40150976 0.36961201 47.72819901
5.59241104 1.33846796 47.32859039
6.64676523 1.62475705 46.18457031
6.91404581 2.57169390 45.47238159
5.99216413 3.13714099 46.18907166
5.98845387 0.42499700 47.18451691
6.54378080 0.77302599 46.57441330
7.14737177 0.27643999 46.11933136
7.33665180 0.91327000 45.74969482
7.61655283 1.64231503 45.18421173
7.90275383 0.16470300 45.39770126
-2.63060999 -2.74154902 50.27228928
-1.49911499 -0.34339499 50.40908051
-6.93986893 6.46559620 44.41680145
0.68620002 -7.53710794 49.42373657
4.81080914 -5.65336514 47.59220123
2.95558000 3.29499602 50.25006485
0.00000000 1.48386300 51.17419815
0.00000000 1.20429206 51.24910736
0.50818998 1.53220904 51.16124344
0.56465602 1.25801003 51.23471451
0.99685103 1.67539203 51.12287521
1.10761201 1.41710305 51.19208527
1.44720304 1.90790796 51.06057358
1.60800397 1.67545402 51.12285995
1.84194005 2.22082210 50.97673035
2.04660010 2.02313590 51.02969742
2.16589189 2.60210800 50.87456512
2.40654707 2.44678712 50.91618347
2.40661097 3.03711605 50.75800323
2.67401195 2.93012905 50.78667068
2.55484509 3.50912595 50.63153076
2.83871603 3.45458388 50.64614487
2.60489702 4.00000000 50.50000000
2.89433002 4.00000000 50.50000000
2.83871603 4.54541588 50.35385513
2.55484509 4.49087381 50.36846924
2.67401195 5.06987190 50.21332932
2.40661097 4.96288395 50.24199677
2.40654802 5.55321217 50.08381653
2.16589308 5.39789104 50.12543488
2.04660106 5.97686386 49.97030258
1.84194100 5.77917814 50.02326965
1.60800397 6.32454586 49.87714005
1.44720304 6.09209204 49.93942642
1.10761201 6.58289814 49.80791473
0.99685103 6.32460785 49.87712479
0.56465602 6.74199009 49.76528549
0.50818998 6.46779108 49.83875656
0.00000000 6.79570818 49.75089264
0.00000000 6.51613712 49.82580185
-0.50818998 1.53220904 51.16124344
-0.56465602 1.25801003 51.23471451
-0.99685103 1.67539203 51.12287521
-1.10761201 1.41710305 51.19208527
-1.44720304 1.90790796 51.06057358
-1.60800397 1.67545402 51.12285995
-1.84194005 2.22082210 50.97673035
-2.04660010 2.02313590 51.02969742
-2.16589189 2.60210800 50.87456512
-2.40654707 2.44678712 50.91618347
-2.40661097 3.03711605 50.75800323
-2.67401195 2.93012905 50.78667068
-2.55484509 3.50912595 50.63153076
-2.83871603 3.45458388 50.64614487
-2.60489702 4.00000000 50.50000000
-2.89433002 4.00000000 50.50000000
-2.83871603 4.54541588 50.35385513
-2.55484509 4.49087381 50.36846924
-2.67401195 5.06987190 50.21332932
-2.40661097 4.96288395 50.24199677
-2.40654802 5.55321217 50.08381653
-2.16589308 5.39789104 50.12543488
-2.04660106 5.97686386 49.97030258
-1.84194100 5.77917814 50.02326965
-1.60800397 6.32454586 49.87714005
-1.44720304 6.09209204 49.93942642
-1.10761201 6.58289814 49.80791473
-0.99685103 6.32460785 49.87712479
-0.56465602 6.74199009 49.76528549
-0.50818998 6.46779108 49.83875656
0.57886600 4.96846199 50.24050140
0.00000000 5.11828279 50.20035553
0.00000000 4.69892693 50.31272125
0.51165003 4.49421597 50.36757660
1.00262499 4.55914211 50.35017776
0.72358298 4.00000000 50.50000000
1.15773201 4.00000000 50.50000000
1.00262499 3.44085789 50.64982224
0.51165003 3.50578403 50.63242340
0.57886600 3.03153801 50.75949860
0.00000000 3.30107307 50.68727875
0.00000000 2.88171697 50.79964447
0.00000000 2.32257509 50.94946289
0.66456699 2.45026207 50.91525269
1.22795999 2.81388092 50.81781769
1.60440695 3.35807705 50.67200089
1.73659801 4.00000000 50.50000000
1.60440695 4.64192295 50.32799911
1.22795999 5.18611908 50.18218231
0.66456699 5.54973888 50.08474731
0.00000000 5.67742491 50.05053711
0.00000000 6.09678078 49.93816757
0.83070898 5.93717289 49.98093414
1.53495097 5.48264790 50.10272598
2.00550890 4.80240393 50.28499603
2.17074800 4.00000000 50.50000000
2.00550890 3.19759607 50.71500397
1.53495002 2.51735210 50.89727402
0.83070898 2.06282711 51.01906586
0.00000000 1.90321898 51.06183243
-0.57886600 4.96846199 50.24050140
-0.51165003 4.49421597 50.36757660
-1.00262499 4.55914211 50.35017776
-0.72358298 4.00000000 50.50000000
-1.15773201 4.00000000 50.50000000
-1.00262499 3.44085789 50.64982224
-0.51165003 3.50578403 50.63242340
-0.57886600 3.03153801 50.75949860
-0.66456699 2.45026207 50.91525269
-1.22795999 2.81388092 50.81781769
-1.60440695 3.35807705 50.67200089
-1.73659801 4.00000000 50.50000000
-1.60440695 4.64192295 50.32799911
-1.22795999 5.18611908 50.18218231
-0.66456699 5.54973888 50.08474731
-0.83070898 5.93717289 49.98093414
-1.53495097 5.48264790 50.10272598
-2.00550890 4.80240393 50.28499603
-2.17074800 4.00000000 50.50000000
-2.00550890 3.19759607 50.71500397
-1.53495002 2.51735210 50.89727402
-0.83070898 2.06282711 51.01906586
0.00000000 3.72042894 50.57490921
0.28943300 4.00000000 50.50000000
0.00000000 4.00000000 50.50000000
-0.28943300 4.00000000 50.50000000
0.00000000 4.27957106 50.42509079
0.00000000 -6.95830488 50.50000000
-0.00000200 -7.61095619 50.50000000
0.49988401 -6.93274784 50.50000000
0.95789599 -7.45392513 50.50000000
0.98437202 -6.84255123 50.50000000
1.73755503 -7.10293293 50.50000000
1.51913702 -6.67446899 50.50000000
2.01829696 -6.42265987 50.50000000
2.39211702 -6.63687611 50.50000000
2.45092392 -6.05639601 50.50000000
2.80525088 -6.23410797 50.50000000
2.79179001 -5.71896887 50.50000000
3.21320510 -5.69464302 50.50000000
3.01775193 -5.36455917 50.50000000
3.47028899 -5.18120193 50.50000000
3.18573689 -5.02515793 50.50000000
3.57184911 -4.80017805 50.50000000
3.27013302 -4.65823698 50.50000000
3.61493611 -4.34319115 50.50000000
3.26870894 -4.37479305 50.50000000
3.26124907 -4.12673998 50.50000000
3.48112607 -3.92839599 50.50000000
3.22025704 -3.95435810 50.50000000
3.28822708 -3.62482500 50.50000000
3.12448096 -3.76941299 50.50000000
2.99232411 -3.58684111 50.50000000
2.97207093 -3.31531596 50.50000000
2.82253194 -3.44931102 50.50000000
2.58417892 -3.30219293 50.50000000
2.55100298 -3.03992009 50.50000000
2.25031400 -3.13970304 50.50000000
2.05455589 -2.81540704 50.50000000
1.85079801 -2.97983098 50.50000000
1.72398996 -2.71719003 50.50000000
1.52555096 -2.87808990 50.50000000
1.39342403 -2.61897206 50.50000000
1.23650599 -2.79502010 50.50000000
1.06289303 -2.56286907 50.50000000
0.77706599 -2.72589588 50.50000000
0.73236197 -2.50676489 50.50000000
0.31762701 -2.71296597 50.50000000
0.36618000 -2.48588705 50.50000000
-0.00000200 -2.46500897 50.50000000
0.00000000 -2.71784902 50.50000000
-0.49988401 -6.93274784 50.50000000
-0.95789599 -7.45392513 50.50000000
-0.98437202 -6.84255123 50.50000000
-1.73755503 -7.10293293 50.50000000
-1.51913702 -6.67446899 50.50000000
-2.01829696 -6.42265987 50.50000000
-2.39211702 -6.63687611 50.50000000
-2.45092392 -6.05639601 50.50000000
-2.80525088 -6.23410797 50.50000000
-2.79179001 -5.71896887 50.50000000
-3.21320510 -5.69464302 50.50000000
-3.01775193 -5.36455917 50.50000000
-3.47028899 -5.18120193 50.50000000
-3.18573689 -5.02515793 50.50000000
-3.57184911 -4.80017805 50.50000000
-3.27013302 -4.65823698 50.50000000
-3.61493611 -4.34319115 50.50000000
-3.26870894 -4.37479305 50.50000000
-3.26124907 -4.12673998 50.50000000
-3.48112607 -3.92839599 50.50000000
-3.22025704 -3.95435810 50.50000000
-3.28822708 -3.62482500 50.50000000
-3.12448096 -3.76941299 50.50000000
-2.99232411 -3.58684111 50.50000000
-2.97207093 -3.31531596 50.50000000
-2.82253194 -3.44931102 50.50000000
-2.58417892 -3.30219293 50.50000000
-2.55100298 -3.03992009 50.50000000
-2.25031400 -3.13970304 50.50000000
-2.05455589 -2.81540704 50.50000000
-1.85079801 -2.97983098 50.50000000
-1.72398996 -2.71719003 50.50000000
-1.52555096 -2.87808990 50.50000000
-1.39342403 -2.61897206 50.50000000
-1.23650599 -2.79502010 50.50000000
-1.06289303 -2.56286907 50.50000000
-0.77706599 -2.72589588 50.50000000
-0.73236197 -2.50676489 50.50000000
-0.31762701 -2.71296597 50.50000000
-0.36618000 -2.48588705 50.50000000
3.02915597 -3.96753502 50.50000000
3.06106305 -4.11556292 50.50000000
3.01142001 -4.34270191 50.50000000
2.89420104 -4.56114006 50.50000000
2.80458498 -3.99209809 50.50000000
2.91072392 -3.89559293 50.50000000
2.82684708 -3.71384311 50.50000000
2.57130504 -3.77538610 50.50000000
2.51210594 -4.21804285 50.50000000
2.70619798 -4.34240198 50.50000000
2.51358294 -4.69188690 50.50000000
2.23442292 -4.56310606 50.50000000
2.22912693 -5.03757381 50.50000000
2.23972011 -4.08863783 50.50000000
2.24501705 -3.61417103 50.50000000
1.84237099 -4.70964098 50.50000000
1.83956206 -5.28624296 50.50000000
1.84518003 -4.13303804 50.50000000
1.84798896 -3.55643392 50.50000000
1.43902397 -4.82082081 50.50000000
1.41018200 -5.46839809 50.50000000
1.46786702 -4.17324400 50.50000000
1.49670899 -3.52566695 50.50000000
1.02512598 -4.89515305 50.50000000
0.95466602 -5.59519720 50.50000000
1.09558594 -4.19510794 50.50000000
1.16604602 -3.49506402 50.50000000
0.51727200 -3.38905191 50.50000000
0.50512302 -4.14953995 50.50000000
0.49297500 -4.91002893 50.50000000
0.48082599 -5.67051792 50.50000000
0.00000000 -4.95090008 50.50000000
0.00000000 -5.69525003 50.50000000
0.00000000 -4.20655012 50.50000000
0.00000000 -3.46219993 50.50000000
2.91666102 -4.99723005 50.50000000
2.68604207 -4.96520376 50.50000000
2.71968699 -5.34413481 50.50000000
2.35562611 -5.67839718 50.50000000
2.29473805 -5.30208588 50.50000000
1.94548595 -6.01983786 50.50000000
1.87267399 -5.61701584 50.50000000
1.45595396 -5.84258413 50.50000000
1.48754501 -6.25852680 50.50000000
0.95311999 -6.39876080 50.50000000
0.92186898 -5.95497084 50.50000000
0.44811800 -6.46671581 50.50000000
0.39635101 -6.00068283 50.50000000
0.00000000 -6.01178885 50.50000000
0.00000000 -6.48504686 50.50000000
2.99937606 -3.79428005 50.50000000
-3.02915597 -3.96753502 50.50000000
-3.06106305 -4.11556292 50.50000000
-3.01142001 -4.34270191 50.50000000
-2.89420104 -4.56114006 50.50000000
-2.80458498 -3.99209809 50.50000000
-2.82684708 -3.71384311 50.50000000
-2.91072392 -3.89559293 50.50000000
-2.57130504 -3.77538610 50.50000000
-2.51210594 -4.21804285 50.50000000
-2.70619798 -4.34240198 50.50000000
-2.51358294 -4.69188690 50.50000000
-2.23442292 -4.56310606 50.50000000
-2.22912693 -5.03757381 50.50000000
-2.23972011 -4.08863783 50.50000000
-2.24501705 -3.61417103 50.50000000
-1.84237099 -4.70964098 50.50000000
-1.83956206 -5.28624296 50.50000000
-1.84518003 -4.13303804 50.50000000
-1.84798896 -3.55643392 50.50000000
-1.43902397 -4.82082081 50.50000000
-1.41018200 -5.46839809 50.50000000
-1.46786702 -4.17324400 50.50000000
-1.49670899 -3.52566695 50.50000000
-1.02512598 -4.89515305 50.50000000
-0.95466602 -5.59519720 50.50000000
-1.09558594 -4.19510794 50.50000000
-1.16604602 -3.49506402 50.50000000
-0.51727200 -3.38905191 50.50000000
-0.50512302 -4.14953995 50.50000000
-0.49297500 -4.91002893 50.50000000
-0.48082599 -5.67051792 50.50000000
-2.91666102 -4.99723005 50.50000000
-2.68604207 -4.96520376 50.50000000
-2.71968699 -5.34413481 50.50000000
-2.35562611 -5.67839718 50.50000000
-2.29473805 -5.30208588 50.50000000
-1.94548595 -6.01983786 50.50000000
-1.87267399 -5.61701584 50.50000000
-1.45595396 -5.84258413 50.50000000
-1.48754501 -6.25852680 50.50000000
-0.95311999 -6.39876080 50.50000000
-0.92186898 -5.95497084 50.50000000
-0.44811800 -6.46671581 50.50000000
-0.39635101 -6.00068283 50.50000000
-2.99937606 -3.79428005 50.50000000
2.92039299 -4.10927677 50.50047684
-2.92039299 -4.10927677 50.50047684
8.60317230 3.35723996 42.41420364
8.04142094 4.01596022 42.54353333
7.61619186 4.46833515 42.67272186
7.45839882 4.76637888 42.35152435
7.15136099 5.20508289 41.89160919
6.47223520 5.80964899 42.03959274
5.96830082 6.21584177 42.19063950
5.66743517 6.50250387 41.77761841
5.13056612 6.92882109 41.15238953
4.23827124 7.50945902 41.29813385
3.46756506 7.96841002 41.50806427
3.68260598 7.71339178 42.54526901
3.00815892 8.08708477 42.69489288
2.75629902 8.33805370 41.75873566
2.36375999 8.39175797 42.84258652
2.15360904 8.59482002 42.01260757
1.73246801 8.64118576 42.85904694
1.95524502 8.35949326 43.77521515
1.28282106 8.58194447 43.83181000
1.57968199 8.18621922 44.72602081
2.20207191 8.03887939 44.44728851
2.76908994 7.73369694 44.45380020
2.58102608 8.10171413 43.67364502
3.19980407 7.79068089 43.55643463
3.36082411 7.47322702 44.22800064
3.81276608 7.43420601 43.46428680
4.37160015 7.28324413 42.45874405
4.39088678 7.05890799 43.43867111
4.97974300 6.85829020 42.56338120
5.44345713 6.48463297 42.79240799
5.87367582 6.10667801 42.89571762
5.30190802 6.34022713 43.58583069
4.88435078 6.70453978 43.48253632
4.78989983 6.51082802 44.13636780
4.43193483 6.79449081 44.10644913
5.13166285 6.11267900 44.31352234
5.72335100 5.94762611 43.63847733
6.34845304 5.66813993 42.89060974
6.76265717 5.21981716 42.99376678
6.12006521 5.55134916 43.67453766
5.60010481 5.73680782 44.23471069
5.88003206 5.41934490 44.28867340
6.44083881 5.14998198 43.78769684
7.06794214 4.81391478 43.18684387
7.38640404 4.39261198 43.27239990
6.75538111 4.72433519 43.89073181
6.09377289 5.00719500 44.50175476
6.49470806 4.54918718 44.48297882
6.72629118 4.08506489 44.63109207
7.10433006 3.61546707 44.56835938
7.28189898 3.13467693 44.71520233
7.62804699 2.66194010 44.63291168
7.94009686 2.86753893 44.09466171
8.20773602 2.39903092 44.09657288
7.82709599 2.18953490 44.68863297
8.16358852 1.75661194 44.55019760
8.27323532 1.38628900 44.60383606
8.65256214 1.48878598 44.11189270
8.75242329 1.03359997 44.20932007
8.18629265 0.87159401 44.89200592
8.53028488 0.27383500 44.73180008
8.89209747 0.51630098 44.25341797
9.06116867 -0.03822900 44.24407959
9.47899246 0.14688499 43.70115662
9.30593872 0.66558498 43.70854187
9.84377480 0.29181400 43.19631195
10.05394363 -0.26811901 43.14765167
10.20962906 -0.86132300 43.13702011
9.63925934 -0.42166501 43.69062042
9.18044090 -0.61426097 44.25547791
9.75227261 -1.00506401 43.69970703
10.28862381 -1.44739902 43.17032623
10.28481388 -1.99354196 43.24357224
9.80446720 -1.57626796 43.73131943
9.27319717 -1.19018698 44.25790405
8.69476700 -0.87517399 44.81170654
8.59034920 -0.25426900 44.80581665
8.82756710 -1.39708304 44.74043655
9.29471779 -1.74618804 44.28667450
9.80309296 -2.12636304 43.77022552
10.21818542 -2.43524694 43.33414459
10.37599087 -2.90698195 43.13814545
9.83068085 -2.69030690 43.72724152
9.25405312 -2.34207296 44.32556152
8.71613693 -1.89429104 44.86531067
8.51628494 -2.59881091 45.01309967
8.24275589 -1.99685597 45.31519318
8.67855358 -3.50073409 44.74224854
9.27896786 -3.02500892 44.24420166
9.39231110 -3.71876502 44.02956772
9.92707157 -3.30952597 43.55989075
10.53665733 -3.51364994 42.88198853
10.68161011 -4.19711781 42.56346130
10.03036880 -3.98547196 43.32270813
9.45999146 -4.37252617 43.81243134
10.08287811 -4.76719522 43.03817749
10.85153294 -4.91532516 42.12474060
10.36078262 -5.48958397 42.43914032
9.88872433 -5.99600697 42.70513916
9.97538567 -6.60050106 42.20361328
9.37698078 -6.38560009 43.00852203
9.34838867 -5.86827993 43.34612274
9.68310928 -5.41783190 43.21446991
9.41658974 -4.93625498 43.68017578
8.87226391 -4.69752407 44.28088760
8.91461945 -4.11415195 44.40577316
8.32768059 -5.06808376 44.63970566
8.19988346 -5.75276804 44.45250320
8.95368290 -5.40845013 43.93580627
8.81779099 -6.10221720 43.72449493
8.81307602 -6.71495008 43.34227753
9.39151764 -6.97468710 42.54977036
8.80618668 -7.28201103 42.89070892
8.27009773 -7.03837395 43.61118317
8.30346298 -7.50375319 43.17122650
7.72254276 -7.39190817 43.77943802
8.02698135 -7.92594385 42.94828796
7.42038202 -7.90322304 43.50708008
7.56450701 -8.47857857 42.61832809
6.79457378 -8.15386009 43.72866058
6.77001381 -8.76715469 42.90824890
6.32044697 -8.53555298 43.64496613
6.18573904 -8.90007782 43.18644333
5.78649712 -8.63575554 43.87643051
5.59976196 -9.19518948 43.02632523
5.13715792 -8.74263191 44.13759613
4.83288193 -9.17952538 43.56702805
4.84173203 -9.73565865 42.32467651
4.16067600 -9.33974457 43.64255524
3.86238289 -9.82094955 42.71726608
4.09007406 -10.38796997 41.01927948
2.91250801 -10.07571793 42.50617218
3.06408310 -10.67884636 40.68609619
2.01580596 -10.61976337 41.18898010
1.02123404 -10.78114700 40.79677582
1.02813196 -10.19876862 42.53859329
1.95425999 -10.10948658 42.74861145
1.58292496 -9.86719704 43.48970795
2.22395110 -9.71125793 43.74147797
1.58924496 -9.51712799 44.33124542
2.09345102 -9.30373383 44.68607330
0.95071799 -9.35188007 44.70954132
0.31418699 -9.22809601 44.91585541
0.40494901 -9.68237686 43.86080170
1.11212206 -9.73509407 43.83462143
0.07206800 -10.08132172 42.73592758
0.05428000 -10.59974289 41.20115662
-0.78835398 -10.10662079 42.32378387
-0.90295702 -10.62542915 40.77594757
-1.75409806 -10.29587936 41.19754028
-1.57516098 -9.80002880 42.71069336
-1.06497502 -9.50323296 43.76374054
-0.33733401 -9.75553894 43.48134613
-0.30581799 -9.34924603 44.47184372
-0.95287299 -8.98040962 45.01824188
-1.66971004 -9.04149437 44.48188019
-1.81223702 -9.42287636 43.51546478
-2.44305611 -9.61942101 42.47677612
-2.29353499 -9.10589981 43.88932037
-2.21820092 -8.70967102 44.78958130
-2.77405095 -8.70420837 44.32970428
-2.82343602 -9.09374809 43.44161987
-3.38566709 -8.74852562 43.60292816
-3.22399712 -8.34922028 44.57894135
-3.74428391 -8.23369408 44.23017502
-3.97181797 -8.52594376 43.37618256
-3.93224001 -9.03823853 42.24111176
-4.50272894 -8.47479630 42.71885681
-4.27319193 -8.10982704 43.80289459
-4.06783295 -7.79246283 44.59883118
-4.57119989 -7.62208986 44.22745132
-4.75816298 -7.98904181 43.32868195
-5.23193693 -8.18507957 42.13654709
-5.19331408 -7.53468084 43.46095276
-4.90177011 -7.16253090 44.47330856
-5.43358803 -6.92936182 44.05805588
-5.65024090 -6.41831398 44.42559052
-6.02581692 -6.66351795 43.49856186
-5.73113012 -7.19826794 43.16452789
-6.28497314 -7.21235085 42.07547760
-5.70330095 -7.63550997 42.41830063
-6.05895519 -8.02373505 40.92834854
-6.71110487 -7.57486105 40.48914719
-7.12181377 -6.87150288 40.89766693
-6.62085199 -6.48387623 42.65979767
-6.34882498 -6.28238106 43.51887894
-6.64510584 -5.86945820 43.51338196
-6.09270287 -6.10264921 44.15660858
-6.26766300 -5.57109213 44.47689819
-6.75705385 -5.20542908 44.10421753
-6.90865612 -4.62669182 44.43955231
-7.34637213 -4.84155512 43.48775482
-7.12705278 -5.44126701 43.18178558
-7.58656120 -5.29222202 42.42478180
-7.28010702 -5.98076916 42.06098938
-8.08323097 -5.55550480 40.84465027
-8.07110214 -4.62070990 42.21405029
-8.64112854 -4.90114594 40.41539764
-8.88992882 -4.06967497 40.85913849
-9.38873482 -3.31758690 40.40329742
-8.75318146 -3.10153389 42.27632904
-8.35738182 -3.86611295 42.47300720
-8.07289600 -3.46713209 43.48896790
-7.95497513 -4.04923010 43.19525909
-7.65403700 -4.35471296 43.47244263
-7.58059311 -3.91683793 44.01286316
-7.56710720 -3.40277600 44.41733932
-7.28491306 -4.32679081 44.14248657
-7.93070078 -2.91720295 44.16886520
-7.87428188 -2.36532998 44.57315826
-8.40394020 -2.44019604 43.61045074
-8.30112839 -2.98620605 43.44792175
-8.97077942 -2.21591806 42.54468155
-9.54986954 -2.41287804 40.84643555
-9.33954811 -1.39335799 42.22460938
-9.96774292 -1.58681500 40.35997009
-10.01066017 -0.65663499 40.80596924
-9.45556831 -0.54549903 42.44467163
-8.98201084 -0.73456299 43.44844437
-8.91721630 -1.25438595 43.35960770
-8.54636574 -1.16188502 44.07627869
-8.49197197 -0.55827600 44.37188721
-8.17233276 -1.75286996 44.39992523
-8.73935413 -1.70813501 43.43229675
-8.79450417 -0.05819300 44.01677322
-9.21781921 -0.14188500 43.18767548
-9.12888622 0.42836899 43.48278809
-8.67669201 0.55654001 44.28925705
-8.93803596 1.09302104 43.85747528
-9.40261364 0.91247499 42.92842484
-9.31686687 1.66187000 43.08126450
-8.73802376 1.78296602 44.11933899
-8.93999195 2.35778904 43.71121979
-9.41689682 2.33503795 42.78884888
-9.17038918 2.94856906 43.13214493
-8.75344753 2.80114698 43.94470215
-8.69263840 3.28893995 43.87985229
-9.04400063 3.47084403 43.21937561
-8.82348347 3.98897910 43.35435486
-8.12326431 3.88695097 44.42767334
-8.34297943 4.65347815 43.82852173
-8.82629967 4.61743593 43.02399445
-8.55256462 5.17494822 43.14167023
-8.13437843 5.10061979 43.92360687
-8.07627678 5.44730902 43.76799774
-8.34748459 5.82708883 42.95604706
-8.90307236 5.57356882 41.90541458
-9.13007927 4.88863420 42.04616928
-9.48204041 5.22377396 40.54592514
-9.70588970 4.33391809 40.81417084
-9.19981956 4.30308914 42.36830902
-9.42227745 3.60876012 42.21337891
-10.07797909 3.41582108 40.41229248
-9.80525017 2.70652390 41.64543915
-9.76576614 1.96100795 41.99567413
-9.89997768 1.15814996 41.65282440
-10.30090427 1.90918005 40.41583252
-10.35201645 2.69529104 39.99713135
-9.18007088 5.97135878 40.44760132
-8.61877632 6.23874903 41.80572891
-8.82044601 6.65004301 40.40911102
-8.28248501 6.85109520 41.75629044
-8.07746983 6.43071318 42.85697174
-7.76913118 5.98752213 43.77997971
-7.58969593 6.58773804 43.55673981
-7.32985306 6.99031687 43.53258514
-7.77563620 6.97372723 42.79399872
-7.40126610 7.45061493 42.80811310
-7.89696789 7.40518999 41.74800110
-8.41100597 7.26776600 40.40860748
-7.95850515 7.82668304 40.43239594
-7.47186518 8.32851791 40.46600342
-6.96180487 8.77122879 40.49751663
-7.00104713 8.36866570 41.78003693
-6.51815081 8.77573681 41.78488159
-6.43737221 9.14939117 40.52169800
-6.02709818 9.12066841 41.77613449
-5.90370417 9.45663738 40.54146576
-5.53454304 9.39124298 41.76536179
-5.35718584 9.68790817 40.57130432
-5.01542997 9.56921387 41.82344437
-4.79028177 9.84986496 40.60953522
-4.45955992 9.69978428 41.87484741
-4.67924309 9.30103207 42.98199081
-5.21708012 9.26998520 42.63346100
-5.18438101 8.89866257 43.44768143
-5.62530518 9.03611183 42.73106384
-5.65294123 8.64574814 43.46627808
-6.07642412 8.71863365 42.78884125
-6.03955412 8.23285675 43.64379120
-6.53314400 8.34053421 42.81609344
-6.51939201 7.88478613 43.56070328
-6.97947693 7.91239214 42.82048416
-6.88935995 7.37904978 43.67681122
-4.58656597 8.76089096 44.07973480
-4.09061193 9.17246246 43.66365051
-3.94769406 8.74411964 44.47436523
-3.57081199 9.05387211 44.09870911
-3.57360196 9.47747231 43.10334015
-4.14383507 9.52032185 42.78672028
-3.88020301 9.78094578 41.91570663
-4.20119190 9.95285702 40.64045334
-3.58958006 9.99800682 40.66020203
-2.95109606 9.98535919 40.66827393
-2.27773690 9.91713715 40.65987396
-2.63614702 9.76982117 41.98746109
-3.27382398 9.80375671 41.95146942
-2.97988009 9.56946945 42.91102600
-3.03363800 9.20086288 43.86957550
-2.51116300 8.97206688 44.38520050
-2.35740805 9.40994072 43.27835083
-1.95046198 9.68534946 42.00770569
-1.56016099 9.79572773 40.62693405
-0.78784502 9.61949253 40.56179047
0.05754300 9.38286972 40.45011902
-0.41380599 9.37324524 41.99510193
-1.21349895 9.55663872 42.00763321
-1.63548803 9.41016769 43.05297852
-1.72669697 9.00370121 44.25489044
-0.91292799 9.19998360 43.38579559
-0.96493500 8.81262779 44.60752106
-0.29358301 8.86038399 44.22669220
0.18810301 8.58783054 44.77901459
0.49963701 8.82526779 43.71479034
-0.12320600 9.11357689 43.13061905
0.51706803 9.10991669 42.04188538
1.11162102 8.84033775 42.85121155
1.53553402 8.84259033 41.55000305
0.97281098 9.09443665 40.18522263
0.82881498 8.41877365 44.78305817
-7.46514988 7.90922689 41.76412201
-10.46222591 1.08424699 39.99221802
-10.28342247 0.33937901 40.40132141
-9.64536953 0.21310601 42.20317459
-7.74812603 -6.31868696 40.42601776
-5.55690289 -8.62956810 40.58364105
-4.82466078 -8.96834373 41.06105804
-4.21009207 -9.50749779 40.69795990
-3.39978504 -9.73697186 41.15679169
-2.65629196 -10.17004395 40.80031967
-3.20100999 -9.25512218 42.64206314
2.64987898 -9.35025978 44.41104126
3.06292200 -9.05697823 44.79677582
3.30350304 -9.47652054 43.82159424
2.77409601 -9.66672325 43.67004395
3.69373608 -8.93273544 44.66603088
4.42837381 -8.80290318 44.46955109
4.77460098 -8.35082340 44.93102264
5.41046190 -8.21065617 44.69229889
6.08016586 -8.14070415 44.31113815
6.42130518 -7.65623999 44.56072235
7.01287985 -7.49885511 44.25154114
7.27749300 -6.97676420 44.48833084
7.77782917 -6.83240318 44.19229889
8.21469307 -6.45651388 44.06140900
5.38745403 -10.31320000 40.41526031
5.96181202 -9.76439857 41.50578308
6.46282911 -9.26896191 42.25431442
7.30680513 -9.14146614 41.75098038
8.18386841 -8.94799614 41.24527740
8.46248627 -8.36344624 41.93672562
8.70050240 -7.81623602 42.43447113
9.35393906 -7.56337214 42.02061844
9.99476624 -7.21570921 41.64036942
9.62773514 0.73833197 43.26775360
9.18356037 1.11106002 43.64584351
9.07332325 1.53937995 43.52925873
9.64894104 1.03085494 43.06085587
9.61478806 1.46557701 42.78361511
9.18521881 2.13411689 42.89305878
8.83726311 2.60251188 43.01078033
8.55520153 2.53114104 43.51546860
8.31033325 2.96988201 43.47160339
7.68282890 3.32763195 44.04683685
7.40292883 3.79588294 43.98703766
7.08302307 4.26913404 43.94606018
7.76595306 3.90060401 43.26721191
8.08733368 3.40510893 43.33836746
8.76617241 2.90544605 42.76622772
8.85162926 2.03050709 43.48717499
8.46169853 1.93084395 44.08699417
3.89191008 7.09287214 44.27436829
