-0.03293400 0.07430400 -2.25987101
-0.58114702 1.77948499 -1.72902095
1.67555702 0.96303499 -1.65423501
-1.30846202 3.60899997 0.52146900
1.13459098 2.92716002 -0.26482999
3.42509699 1.86187005 0.16555800
-2.00986505 5.19448185 4.03016996
0.25012901 4.64227104 2.70349193
-2.54153395 6.45086288 8.10916138
-0.65617597 6.00027990 6.62725401
1.49952900 5.31913900 5.62296677
2.63814998 3.81491709 2.19429994
4.77922392 2.57130790 2.93156290
3.73549199 4.36144495 5.38527203
5.76021290 3.06302404 6.20407104
-2.84596491 7.38890600 12.08154869
-1.36309099 7.08266306 10.69479179
-2.97805905 8.07413197 15.67727280
-1.75642204 7.86986303 14.34105301
-0.35157099 7.49385118 13.39797783
-3.02237606 8.62221336 18.97406387
-1.96258700 8.49711609 17.65473175
-3.09857702 9.08387661 21.75199890
-2.14688206 9.06523132 20.88399506
-1.10330105 8.90649700 20.19968796
-0.79245800 8.24455643 16.82895279
0.56014103 7.82503891 16.27074814
0.00153800 8.71197128 19.72471809
1.43480206 8.14956665 19.45885086
4.63782310 4.67634678 8.81754017
6.58105803 3.44083095 9.61891079
3.35397005 6.04974985 12.20856667
5.45115185 4.94382477 12.27060699
7.37834883 3.75462890 13.03151798
2.23938704 7.16971207 15.86299133
4.15909386 6.30811882 15.68338585
3.21869993 7.37607622 19.21118546
5.23853779 6.38548517 19.01242447
6.25943899 5.21484900 15.64869499
8.22122288 3.98712707 16.31721497
7.30589819 5.21187878 18.90235519
9.02029705 4.10063982 19.02968979
1.34337604 6.92808390 12.65890121
2.48420811 5.78075600 8.85260582
0.43157801 6.54375887 9.59981060
-3.80630898 9.53387642 24.22135544
-2.74863195 9.76073074 24.18122864
-4.55648899 9.83392906 27.32686615
-3.43675900 10.15540314 27.46579742
-2.26732802 10.22642899 27.29865265
-5.26319122 10.03063393 30.61024475
-4.10095406 10.41898918 30.79792404
-5.87904501 9.98825073 34.39048767
-4.70232487 10.49144077 34.55261230
-3.46300912 10.70811272 34.60393524
-2.89580202 10.55423927 30.78882599
-1.56392503 10.44304466 30.56941223
-2.12670803 10.67156219 34.51753235
-0.63474000 10.39070797 34.28310394
-5.30465794 10.45898247 37.26675797
-5.88668919 10.20432854 37.62679291
-6.44735003 9.80870724 37.13411713
-6.67227697 9.65810776 39.45497131
-6.13740301 10.06172371 39.49929428
-5.57535505 10.37987614 39.53862000
-4.98669100 10.61590767 39.56906891
0.25946200 10.25977898 36.93884659
-0.56091899 10.52068806 37.53586578
-1.33710301 10.67767906 37.21532059
-1.66309202 10.77512932 39.54953003
-0.91895097 10.63187504 39.49835968
-0.13024899 10.42951488 39.39337921
0.73000002 10.15816879 39.15555954
-2.76353002 10.85368729 37.32487869
-2.05947900 10.81406784 37.69816971
-4.07840109 10.79201794 37.33769608
-4.70109606 10.68814754 37.72437668
-3.42863798 10.87635994 37.75299454
-4.37212706 10.77648354 39.59038544
-3.73160195 10.86744976 39.59930420
-3.06697011 10.89493561 39.59600067
-2.37744808 10.86288548 39.58026886
3.23076391 9.11833000 39.26305771
2.76546502 9.30155945 41.06217957
3.61843991 8.88138390 40.63303375
5.01198387 8.12465572 38.39360809
6.07183313 7.48711109 35.77800369
3.97346807 8.67576599 36.46370697
7.12196398 6.83654404 32.18062592
5.06616688 8.03177547 32.57500458
2.99386597 9.01939392 33.02047729
2.25232100 9.48284245 36.25013351
1.08877802 9.83924389 33.84980392
1.17654896 9.95403481 37.07453918
1.68333697 9.80157661 38.71878052
2.66693592 9.37106514 38.19828796
4.08543015 8.66524601 39.04107666
7.88908482 6.12734222 28.70927429
5.86421013 7.36733294 29.06119537
8.42398643 5.40047407 25.21681786
6.45737123 6.73838520 25.59605026
4.34892797 7.85116911 25.89919281
8.78668690 4.74382877 21.84933662
6.77518177 6.04030704 22.22040749
4.69227409 7.23023987 22.47993851
2.74185395 8.19191742 22.70285416
-0.02112200 10.07264328 30.20292282
0.58172601 9.60197830 26.50064850
-0.94714803 10.04036713 26.91285133
1.00965202 9.01724911 22.86446381
-0.40675399 9.50234222 23.16130257
-1.62994003 9.68021393 23.66519165
2.37192202 8.85316753 26.17636108
1.77380204 9.42339325 29.79468536
3.77456403 8.49441338 29.41466331
1.54454398 -1.14146602 -1.51278305
3.70495391 -0.31049401 -0.49519300
3.35962701 -2.62376189 0.26030400
5.37936783 0.52475101 1.71297598
6.54776812 1.21559298 4.66166210
6.90274191 -0.84951103 4.23571587
5.46584892 -1.73021996 1.76235104
5.02633190 -4.04693079 2.90704608
6.88378382 -3.06313610 4.71273279
6.39882898 -5.20824623 6.15082216
7.45648623 1.75466800 7.93665791
8.29293919 2.19886589 11.33562088
8.83079433 0.49421999 10.49547100
9.18322659 2.56532311 14.66402245
9.92450714 2.90850091 17.98844147
10.70686531 1.41364396 17.11074448
9.83938408 0.95745701 13.75252914
10.12567139 -0.76594400 13.45721245
11.17145348 -0.24901199 16.65023804
11.29102898 -1.95916104 16.69054985
7.99806976 -4.18405390 8.07725525
7.57491398 -6.12892103 9.63685989
9.07530499 -3.25109601 10.72992325
8.96581078 -5.11041880 11.61617374
8.60228252 -6.89387178 13.23715878
10.17541122 -2.55185890 13.62946129
10.09520054 -4.27741480 14.18948746
11.20551872 -3.63276100 17.12587166
11.01526260 -5.33607292 17.93796921
9.86998367 -5.91764402 15.17919159
9.56876945 -7.62023687 16.83568573
10.70489883 -6.88678598 18.86834717
10.34127712 -8.19224644 19.85620117
8.96904564 -1.31696105 10.41950130
8.02858353 -2.10731101 7.38351822
7.87636185 -0.09358300 7.28338099
10.28311253 3.36425304 21.29343033
10.22129631 4.04064894 24.73432159
11.64522266 2.57538295 24.17935181
9.76977062 4.79936981 28.32088089
9.08402443 5.54913998 31.81819916
10.90129662 4.16735411 31.47229767
11.51798344 3.38378000 27.87801743
12.80638123 1.82403302 27.50713348
12.43579006 2.64857292 31.16400909
13.77616310 1.01320004 31.01642609
8.03510284 6.22718906 35.04677963
7.06269121 6.81874704 37.75022507
5.96472692 7.53512001 38.43141937
8.59729004 5.66358900 37.90202713
4.46183920 8.39395905 40.36238098
5.34455681 7.84148598 40.13092422
9.34178925 4.79712105 39.29830551
8.37699509 5.58594322 39.85469818
7.61134291 6.20798779 40.08596420
6.94699001 6.48045921 41.46941376
7.70152712 5.90228891 41.09238052
8.51484489 5.23981714 40.71863174
9.32217789 4.53969002 40.38332367
7.26079798 6.58656406 39.29550171
6.30547810 7.22706509 39.74855042
13.08814240 1.82229996 34.29710388
14.10691547 0.00479400 34.27626038
12.03868675 2.61826110 37.12166977
13.22955799 0.92259800 37.03361511
14.05043793 -0.95958900 37.12297821
10.51956654 3.51963806 39.43375778
11.92630005 1.83760095 39.06317902
10.81724358 2.65424490 40.47631073
10.05178833 3.51838803 40.78734970
11.55258846 1.32074201 40.67969513
12.96927261 0.10124800 39.23564911
13.50576591 -1.74720395 39.36194229
12.41162109 -0.48028800 40.60926056
12.81008434 -2.22774911 40.91133118
9.46527863 4.16947079 40.91786575
10.43292046 4.15514898 37.20893860
11.66753006 3.43093705 34.47799683
9.98191643 4.90518618 34.77079010
13.58502388 -3.60118890 39.52022552
14.16228294 -4.94610214 37.55686569
14.34301281 -3.00119305 37.32124329
14.40850639 -6.15136623 35.13410187
14.72342873 -4.20542288 34.77040100
14.13232422 -6.99989891 32.26327133
14.74554253 -5.30297995 31.91979599
14.86690998 -3.13656211 31.52307129
14.89693928 -2.06207609 34.54343796
14.53586674 -0.96849900 31.15936661
13.51877213 -7.57228279 29.09713554
13.99785995 -5.88901901 28.57812119
12.40677547 -7.77285099 25.66186523
12.96918583 -6.23676682 25.10213852
13.24620247 -4.51393890 24.54030228
11.27373791 -7.96895885 22.41476440
11.84307098 -6.52221680 21.76154327
12.17531586 -4.92015600 21.08084106
12.30355644 -3.14739394 20.47340775
13.68049240 0.07378200 27.39421844
13.15444565 -0.74463302 23.72574234
12.62398148 0.99905300 23.77747726
12.30793381 -1.39973497 20.13612175
12.01042938 0.31502599 20.18338013
11.33747101 1.91868305 20.62557220
13.31698895 -2.60142112 24.03329086
14.13509560 -1.88827896 27.65750122
14.16873455 -3.97918391 28.10044861
-0.93823099 -1.66199601 -1.42677402
0.69379997 -3.35418701 -0.10592400
-2.15831900 -3.84539008 0.73234397
2.41501307 -4.91286182 2.19215798
4.01406002 -6.18710423 5.18098688
1.07360101 -7.01531219 5.19032717
-0.55558598 -5.58782578 2.56142998
-3.41879392 -6.06721878 3.90663099
-1.92069197 -7.62011194 6.08958101
-4.58256912 -8.04351044 7.62282705
5.49072218 -7.19927216 8.57322025
6.84153509 -8.02228737 12.18282890
4.36463404 -9.04052830 11.86587715
8.08993244 -8.67602539 15.83099937
9.25688076 -9.14928532 19.32551193
7.48779583 -10.27126503 19.09011841
5.96514702 -9.77151299 15.52732754
3.23955798 -10.65527439 15.57311630
5.10558701 -11.33322144 19.18993568
2.26545095 -12.16993904 19.47239494
-3.15175104 -9.30676746 9.97496128
-5.55964184 -9.60819721 11.42316914
-1.50625300 -10.34706879 12.82456398
-4.11128998 -10.67152977 13.79053879
-6.21842623 -10.75631046 15.12839890
0.29364899 -11.26624203 15.98843384
-2.50429106 -11.62735844 16.59469986
-0.69596702 -12.64910507 19.84511948
-3.38452411 -12.72041416 20.31847572
-4.95324278 -11.79181480 17.42229843
-6.74870300 -11.61712360 18.51943779
-5.50369501 -12.47307777 20.86960411
-6.83792114 -12.09721756 21.45011520
1.42021203 -9.81426716 12.12078381
-0.32932901 -8.82550621 8.89421272
2.70330811 -8.12846565 8.34604931
10.34914303 -9.27486897 22.71552467
11.51921558 -9.16762638 26.08069992
10.08511353 -10.42784309 26.32144928
12.49715233 -8.93342590 29.48235893
13.32541370 -8.52508736 32.70281982
12.07829094 -9.79458237 33.08042526
11.20537853 -10.20773506 29.82112885
9.46086788 -11.34877396 30.09300995
10.43824196 -10.89781189 33.44651794
8.27858829 -11.71677399 33.72901535
13.69614029 -7.75122976 35.51142883
13.64881516 -6.64821720 37.85349274
12.64184475 -7.97460699 38.02792740
13.20292664 -5.23512697 39.50425339
12.65295506 -3.90578699 40.85685730
12.40556145 -5.35560179 40.78492737
12.42989731 -6.74253511 39.92691422
11.69427681 -8.04825020 39.85903168
11.59030819 -6.74339914 41.17799377
11.96488190 -6.07963800 41.06229401
11.56910706 -7.41464376 40.74468994
10.97810555 -8.00231457 40.99969482
8.97838211 -11.03672028 37.05621719
7.12661123 -11.77782631 36.85266113
7.90959787 -10.96398163 39.63111115
8.85739326 -10.61483383 39.34449768
7.40839481 -11.38013268 38.68783569
6.22542620 -11.62926865 39.15310669
9.93882370 -10.19357109 38.65135956
10.03465843 -9.69828510 39.91823959
9.14128590 -10.11492920 40.30965042
10.28697395 -9.15017700 40.54360199
10.30812454 -8.51954556 41.31794739
9.58180046 -8.93457222 41.69253922
8.18274403 -10.45231438 40.76300812
7.19509506 -10.68494797 41.25767899
11.25376987 -9.18759918 38.70731735
10.93954754 -8.63352013 40.33664703
10.98301792 -10.10529232 36.18480682
12.61452961 -9.10083389 35.91400909
-0.24211299 -12.56074524 37.68125153
-1.50294602 -12.93078232 34.99239349
0.85984403 -13.10296440 34.93273163
2.10252905 -12.59980965 37.62125778
3.38883209 -12.92264938 34.77219009
0.91549301 -12.54733372 38.06333923
4.53021717 -12.33496571 37.42621994
5.92620707 -12.42878819 34.44647980
5.75326490 -12.05266762 37.60025406
3.29605889 -12.43859863 37.96062851
4.97902918 -11.80496883 39.56939697
3.78599405 -11.97130871 39.73604965
2.63764095 -12.08213234 39.80469513
1.49907899 -12.12205696 39.83495331
-3.00158310 -13.42093754 31.15753937
-0.63104701 -13.76549721 31.07702637
-4.46867514 -13.29995441 27.60905457
-2.26695991 -13.82603836 27.47715950
0.39534900 -13.89481735 27.24332047
-5.88797998 -12.80794907 24.20396423
-4.00204992 -13.42312241 23.98359299
-1.52873302 -13.64260578 23.65528107
1.39183402 -13.41175556 23.32559204
7.32036304 -12.37172413 30.36524200
6.00682688 -12.72662926 26.69463158
8.29199982 -11.64385605 26.48507881
4.36782598 -12.79322243 23.01150894
6.96640682 -11.76125717 22.77947235
8.96720219 -10.54967213 22.70665359
3.27864909 -13.51411438 26.96449089
4.80336380 -13.18667793 30.64616013
2.05806494 -13.67693710 30.89685822
-2.17549396 0.15851399 -1.75112295
-3.59459901 -1.92236602 -0.13756000
-4.63727522 0.13159899 0.08873900
-4.89601898 -4.21143103 2.56542897
-5.96577883 -6.43119717 5.98880005
-7.33152390 -4.50343704 5.15289783
-6.16181993 -2.16163611 2.09459209
-6.84629583 -0.04666600 2.92393708
-8.33350086 -2.41571307 5.19855881
-8.65039921 -0.29678199 6.42234182
-6.83219385 -8.29615688 9.69843292
-7.47307777 -9.65287971 13.42430305
-8.82972717 -8.28464794 12.26598358
-7.93058681 -10.66279411 17.00029564
-7.90328503 -11.32812500 20.43098640
-9.10896301 -10.25258064 19.54546547
-9.09725857 -9.42045784 15.90126801
-10.47288895 -7.92329693 15.25606155
-10.37501621 -8.89258862 18.98150826
-11.61976719 -7.26437092 18.68403625
-10.12444210 -2.55426311 8.75235367
-10.10416698 -0.40963399 10.11855888
-11.18250465 -4.51554489 11.75407219
-11.43799591 -2.41162992 12.38807964
-11.12923336 -0.27407700 13.76239586
-11.70989037 -6.09102297 15.06539917
-12.29687691 -4.05214500 15.30593872
-12.64417553 -5.39834499 18.61136055
-13.00516129 -3.34233308 18.85202789
-12.21795845 -1.95023298 15.99544144
-11.66653538 0.05994900 17.25390244
-12.71266365 -1.26364100 19.36904335
-12.02533531 0.42544401 20.04730988
-10.20711803 -6.53763199 11.70945930
-9.45389080 -4.65115309 8.31113529
-8.19584465 -6.62466002 8.64323616
-7.33167410 -11.86065006 24.00614357
-6.21268702 -12.38185883 27.53814697
-7.64929724 -11.19637108 27.22798920
-4.95449400 -12.66811752 31.10322571
-3.56673408 -12.40560818 34.95789337
-5.31023216 -11.56300831 34.82810211
-6.55920982 -11.59183693 30.89585114
-7.96088505 -10.29647732 30.57292175
-6.80320692 -10.45653534 34.61872101
-8.13080025 -9.13483047 34.36298370
-2.37431097 -12.20575047 37.66814423
-1.32446098 -12.34635353 38.07939148
0.38161299 -12.09187412 39.84400177
-0.69917601 -11.98809814 39.83891678
-1.72222495 -11.81206131 39.82765961
-2.68338990 -11.56450462 39.81080627
-8.38811398 -8.08322620 37.09329605
-7.74287510 -8.75190735 37.60684204
-7.16235924 -9.46806240 37.27979660
-6.54074621 -9.40157509 39.57495499
-7.16726208 -8.78915691 39.51608276
-7.75635099 -8.11917305 39.45927429
-8.31324577 -7.39215422 39.40180206
-5.78964281 -10.63165474 37.45299530
-6.45283890 -10.02169228 37.77836990
-4.21716881 -11.55259323 37.58955765
-3.30389309 -11.84089375 38.03363800
-4.99609423 -11.05778694 37.92784119
-3.57641912 -11.25281525 39.78098297
-4.40294695 -10.88169098 39.73718643
-5.16537285 -10.44789314 39.68821716
-5.87679005 -9.95340347 39.63442993
-10.83678055 -2.96301198 36.65297318
-11.42220497 -2.30492091 33.55669403
-11.05005836 -4.18572521 33.67152405
-10.29738235 -4.78149319 36.76364517
-10.32811737 -5.97419024 33.85615540
-10.54615021 -3.83679104 37.15448761
-9.45608521 -6.50629902 36.91482544
-9.32293987 -7.63229513 34.09706116
-8.89029121 -7.26976681 37.43377304
-9.85083008 -5.61342001 37.27838898
-8.82712460 -6.62018013 39.34730911
-9.29126930 -5.80154800 39.30093384
-9.69860554 -4.95233917 39.25790787
-10.04037189 -4.07539701 39.21727753
-12.14485741 -1.71086800 29.27309799
-11.98814011 -3.69833398 29.34988594
-12.46545792 -1.00043094 25.70102882
-12.59385395 -3.05199599 25.66907120
-12.25596809 -5.03203011 25.73178864
-12.47270012 -0.23243600 22.46212387
-12.94231701 -2.27676511 22.26195908
-12.99629784 -4.34653807 22.10412979
-12.33290768 -6.29040480 22.14404297
-9.26192284 -8.85286903 30.19873810
-10.24705315 -8.40520954 26.33467484
-8.97000217 -9.85946846 26.78409576
-11.09908867 -7.97083616 22.40956116
-9.82206154 -9.45674992 22.83030510
-8.54743576 -10.73093700 23.42516708
-11.42007732 -6.81411314 25.95949745
-10.45541000 -7.28309393 29.83026123
-11.41270447 -5.57154179 29.53177261
-2.97882295 2.10424089 -0.48034599
-5.20481014 2.14854193 1.85938895
-7.05571985 1.98620200 5.04647398
-5.47355223 3.97541595 4.86095381
-3.56346393 3.91877890 2.25644398
-3.93378496 5.45906878 5.98958302
-8.52702141 1.75756800 8.70655441
-9.73117256 1.67267799 12.35919571
-8.26033592 3.64699197 11.72421646
-10.47361088 1.70624399 15.97731972
-11.07634354 1.82488894 19.31617355
-10.04066372 3.46145105 18.82014465
-9.25802422 3.52483606 15.29275703
-7.93886089 5.18331814 15.22639465
-8.88971615 5.02817106 18.72850800
-7.64390278 6.35576916 18.99766541
-4.15891886 6.71682405 10.07637024
-5.55991411 6.77912378 12.60631371
-4.17507792 7.56646585 13.96292114
-6.72388601 6.60177612 15.63888931
-5.37536383 7.54879284 16.46707535
-6.37451696 7.38555479 19.53819847
-5.14360714 8.15343857 20.24025154
-4.13027000 8.18942928 17.57144547
-4.03168201 8.71507835 21.01252174
-6.92231321 5.45282698 11.79700089
-5.58971691 5.57575321 8.63933945
-7.02522993 3.85155797 8.15867615
-11.71894646 1.62590897 22.40548325
-11.99436378 0.99287498 25.70600128
-11.23433495 2.84109092 25.64459801
-11.93369579 0.28799000 29.24608231
-11.44549370 -0.38865700 33.49791718
-11.16455746 1.50172603 33.47551727
-11.41994476 2.21150708 29.22737885
-10.64934921 4.00491619 29.24602890
-10.63193703 3.32290506 33.49234772
-9.89985561 5.04500818 33.56586838
-11.04224777 -1.09877098 36.59283447
-10.91862488 -1.99542403 37.07366943
-10.30992508 -3.18399501 39.18240356
-10.49954796 -2.27975798 39.15567780
-10.60986423 -1.36734998 39.14616776
-10.63773918 -0.43333900 39.15920258
-9.30184174 6.00708485 36.67835999
-9.64559937 5.20585108 37.09624481
-10.02372265 4.33066177 36.60496902
-9.89779472 3.95704389 39.17636108
-9.59529686 4.84566498 39.21203613
-9.27128410 5.69535398 39.19194794
-8.91537857 6.49507618 39.21383667
-10.58968830 2.56960797 36.54472351
-10.28604603 3.47473693 37.02809906
-10.94544983 0.75813800 36.54577637
-10.96916389 -0.13155800 37.02633667
-10.74165821 1.69502997 37.00276947
-10.62517738 0.47290400 39.05652237
-10.52385330 1.34986401 39.06568527
-10.36754894 2.22792506 39.06589127
-10.17011547 3.08454990 39.05943680
-6.99898100 9.16642380 34.16315460
-7.50046587 8.81982613 36.97032928
-8.05133820 8.02968693 33.92112350
-6.98258686 9.38466263 37.48517609
-8.45509148 7.52644682 36.80813599
-9.02500343 6.63175583 33.71054840
-8.87146568 6.81293583 37.18860626
-7.98010683 8.23333931 37.32920074
-8.52600670 7.25072384 39.25500488
-8.10762596 7.95598888 39.30203247
-7.65795088 8.59894180 39.35369110
-7.17989588 9.16922855 39.40452576
-6.41969919 9.35929298 30.29631042
-5.70161486 9.26010799 26.96912003
-6.88687420 8.44525337 26.52873611
-4.88516092 9.01058578 23.80472565
-6.08573818 8.31298542 23.25877380
-7.36022997 7.44010401 22.71850586
-9.69065285 5.64460611 29.36666489
-9.13651276 6.01802397 25.79527283
-10.24503803 4.51809406 25.63777924
-8.39618492 6.21440887 22.32567596
-9.58511639 4.86130905 22.11721039
-10.68996525 3.30779791 22.17401886
-8.02746201 7.34975719 26.11069870
-8.64294147 7.11975193 29.60855484
-7.55423403 8.38276291 29.93814468
8.63762665 4.87350798 41.39152908
8.73175812 4.52517414 41.87303162
10.57139778 2.17812896 41.54742432
9.91521454 2.94334197 41.83258057
9.86944389 2.66398501 42.15942001
9.97754955 3.23354411 41.37969971
11.10732841 0.25255099 41.98133087
10.65242386 1.05875003 42.14244843
10.56212807 0.78625298 42.35229874
11.49531174 0.57032502 41.39012909
10.97448921 1.49934804 41.50506592
10.78976440 1.29737198 41.86990738
10.59314346 2.48340702 41.19970322
11.54934502 -1.17543805 41.94469833
11.31875229 -0.39295301 41.97753906
11.06187725 -0.51922202 42.23951340
11.81243134 -0.71570700 41.58405304
11.19904900 0.51255399 41.79386139
11.60615826 -2.50093603 42.02799988
11.57961464 -1.82247496 42.00153351
11.26604652 -1.87339199 42.26927948
12.04423332 -2.43140101 41.65310669
11.40195274 -3.16196704 42.22268295
11.76951027 -3.17495203 41.91187286
12.00461578 -3.79556704 41.65385437
11.64726734 -4.59628677 41.88036728
12.12926102 -4.62743616 41.38451767
11.40547180 -6.02543402 41.72640228
10.97783470 -7.32563496 41.54070282
10.92708588 -6.62150002 41.98755264
11.81031036 -5.35410023 41.52288055
11.52291107 -3.85753298 42.09460449
11.21569157 -2.51640391 42.37491989
11.20001984 -1.20097005 42.24471283
10.85888672 0.14786100 42.25487518
10.33116531 2.03420711 41.99339294
9.33872604 3.92850900 41.61158752
6.71539688 -11.17870712 40.36969376
9.38585186 -9.55094624 41.09062958
6.64696217 6.86122990 40.76438904
2.21610689 9.58196545 40.07647705
-8.31357765 0.03752300 45.86014557
-8.03966904 -1.03735697 45.92768097
-7.48263979 -0.15227200 46.61624146
-6.99735594 -1.22074103 46.84819794
-6.63875008 -0.11963800 47.29789734
-7.64089394 -1.94373298 46.08656311
-6.95101404 -2.22510505 46.64994049
-5.96088982 -0.95589697 47.73977661
-7.40632582 -2.84763098 45.96467590
-6.48267984 -3.03501391 46.77492142
-6.21243191 -2.10245395 47.31482697
-6.94714212 -3.89133191 45.88843536
-5.92267179 -3.99360204 46.87079239
-5.47800303 -3.19845390 47.65392685
-5.36166382 -1.98785102 48.07157135
-5.27869892 -0.17163500 48.35433960
-5.18381310 -1.12461996 48.35330200
-6.22913408 -4.85584784 46.03472137
-5.19781685 -4.92948914 47.06686020
-5.26006794 -4.11268520 47.50424957
-4.44510412 -4.34587288 48.33171082
-4.63290405 -2.82523108 48.57475281
-4.63864183 -1.71399903 48.73017120
-5.60106277 -5.76592493 46.02162933
-5.09368277 -6.55010700 45.87589645
-4.67388582 -6.03030586 46.76075745
-4.24072790 -7.10426188 46.16834259
-3.67813301 -6.47073078 47.45231628
-4.32716799 -5.48539019 47.63731384
-3.65795207 -5.68109179 48.46332169
-3.62940693 -5.11638021 49.30909729
-2.89307809 -6.57837820 48.47069168
-2.96835899 -6.09579420 49.53226852
-3.27736211 -5.51119518 50.06494904
-3.57706594 -7.87571716 45.91167831
-3.18772507 -7.40263700 46.80268097
-2.80688810 -7.08323479 47.66088104
-2.72740102 -8.24192619 46.09883118
-2.15901804 -7.75683784 47.21651077
-2.13165998 -7.23684788 48.26629257
-2.11480999 -6.90926218 49.40679932
-1.46930206 -7.68021202 47.96110916
-1.34941494 -7.42130804 48.83361053
-1.13490605 -8.14568710 47.24457169
-1.69238400 -8.57761574 46.26051331
-0.82094002 -8.65060711 46.53469086
-0.57689601 -7.85030079 48.19145966
-0.47468001 -7.55904579 49.42523193
-1.32722998 -7.28978920 49.73376465
-0.11426700 -8.39892006 47.14977264
-0.20417701 -9.01847839 46.12779236
0.20223200 -7.74637604 48.69878387
-3.95572591 -3.45359492 49.28127670
-3.86807108 -2.24419498 49.33667755
-4.61394691 -0.78561300 48.82535934
-3.84094810 -4.31749201 49.40248489
-4.10103083 -1.30559599 49.17496490
-3.92064905 -0.52029097 49.32337952
-3.57151389 -4.74252701 50.04487610
-3.58525991 -3.92449307 50.03201294
-3.32857203 -3.05717111 49.98684311
-3.40536404 -1.25486004 49.62318420
-2.95369697 -2.08777595 49.94892120
-2.40357494 -1.07199502 50.11232758
-2.03097796 -2.14760399 50.31892395
-1.37202501 -1.36167896 50.39694977
-1.03910804 -2.23120403 50.46720123
-0.58665401 -1.57023001 50.48598480
-0.07508000 -2.10774994 50.49538422
-0.61586702 -0.79591399 50.53748322
-7.77294016 0.69017798 46.44039917
-7.07843494 0.76551598 47.00013351
-6.27481699 0.81112099 47.61511230
-5.97088289 0.04328200 47.83446503
-8.36996269 1.20426202 45.83000946
-7.56165886 1.61223602 46.57265472
-6.67053986 1.75776803 47.26662445
-7.19310522 2.57148695 46.75564575
-8.20109653 2.66468811 45.78510284
-7.19529200 3.77605891 46.48812866
-5.63585377 0.65697801 48.10791016
-6.25807190 3.01067209 47.40526199
-5.57920599 1.76457596 48.09877014
-7.49507093 5.20841599 45.74381638
-6.64919901 4.75637293 46.67493439
-6.30619478 4.10835409 47.12844086
-6.39423513 5.67789984 46.51788712
-5.00843287 0.84011000 48.58658981
-5.19718981 3.07245708 48.22525024
-4.75656414 2.35016489 48.70526123
-5.57111311 3.99776411 47.70602036
-4.73496723 4.06808090 48.34879684
-5.07893991 4.73768997 47.83022308
-5.79313278 4.97666311 47.22173309
-5.60527611 5.89479399 46.97503281
-4.48104477 0.13253801 48.96519470
-4.26316595 1.04862106 49.14999008
-4.73306894 1.61307704 48.78620529
-4.22225094 3.23645306 49.02837372
-4.89017391 5.64369917 47.55391693
-3.72223592 0.39125001 49.49798203
-3.99906802 2.06258893 49.34558105
-3.92534304 4.36298704 48.98479843
-3.12845302 -0.29022300 49.80684662
-2.90943098 0.72721201 50.02910614
-3.56438088 1.25607705 49.66733932
-3.38114905 3.85476804 49.79143524
-3.50887895 2.88074303 49.75265503
-3.22241402 4.76032686 49.60446167
-4.36964178 4.99486208 48.27478790
-3.59031296 5.25947809 48.83164597
-2.88215399 2.05367088 50.28039551
-3.03217101 3.19568396 50.29479599
-2.91009498 5.46734381 49.43740845
-2.35408998 -0.00528300 50.21746826
-1.76007104 0.96244800 50.67200851
-0.69552702 0.18004900 50.71001816
-0.67343998 0.94358099 51.00115204
-5.88160276 6.61648512 46.43928146
-5.19568777 7.43021679 46.38056946
-6.12972689 7.56048012 45.69648361
-5.04404593 6.54885006 46.98548889
-3.96431208 5.89091492 48.06282043
-4.33879089 6.45088196 47.44705582
-4.33053303 7.24810696 46.94099426
-4.37042618 8.26243687 46.18498993
-5.37957478 8.36244202 45.58816528
-3.12715912 6.07581615 48.60136795
-3.44435906 6.91172981 47.62947845
-3.25506401 8.86318111 46.00365829
-3.55912805 7.86384392 46.81486130
-2.40771294 6.83435678 48.34027863
-2.35591102 7.98750019 47.08885193
-2.42940092 6.08285093 49.27793121
-2.27770400 8.97848320 46.05377960
-1.67087996 6.58537197 49.22139359
-1.40459299 7.34199286 48.16549301
-0.68728101 6.94731283 49.09366608
-0.31300899 7.52467108 48.02733612
-0.98177099 8.14084053 47.14236450
-1.46138799 8.85044479 46.23797607
0.09568300 8.17633629 46.98817444
-0.42585000 8.87013245 46.12875366
0.29737499 -8.00737381 47.97235107
0.71925497 -8.90180588 46.38725281
0.89382499 -8.27314472 47.39595413
1.07747197 -7.77578306 48.38005447
1.57540798 -9.16880989 45.93242645
1.61678803 -8.56930161 46.77919769
1.75390995 -8.02688599 47.57855225
1.41874599 -7.27541399 49.89790344
1.63301802 -7.33478212 49.15778351
2.07751489 -6.94645023 49.81794739
2.46149492 -8.87198830 46.13616943
2.28265595 -8.28023338 46.98641968
2.57587409 -7.78643703 47.52742767
2.07180905 -7.50840902 48.30870056
2.46445799 -6.96234798 49.01961517
2.81892896 -6.36412191 49.82555389
2.99807596 -8.21811485 46.74862671
3.26203299 -8.69868279 46.06501389
2.92476106 -7.16813183 48.15515900
3.42063498 -7.55488014 47.28884888
3.97481203 -8.23890591 46.23233032
4.07562923 -5.82634592 48.48190308
3.25988507 -6.45013094 48.83473206
3.75479794 -6.75776386 47.90293884
4.29621792 -7.22517586 47.01668930
4.87277317 -7.75377512 46.19379044
5.22255898 -6.78987789 46.71343231
4.55386019 -6.34351778 47.56685638
5.23242521 -5.88144016 47.29211426
0.17671600 -1.35243297 50.52360153
0.33253399 -0.31831899 50.64876556
0.92707902 -2.16220498 50.48491669
1.08328903 -1.15741301 50.47710037
1.25767601 -0.31852400 50.52979279
1.88043106 -1.94855702 50.35984039
1.92414498 -0.84059697 50.29965591
1.91239297 0.14847100 50.40358734
2.73183608 -2.51718092 50.22486496
2.71324396 -1.42573404 50.01577759
2.68959594 -0.33575100 49.98706818
3.39302492 -3.03139400 50.03383636
3.55138111 -2.03897905 49.64585876
3.48925805 -0.86539602 49.54619598
3.51927304 -5.62235498 49.59605789
3.78129196 -3.80641007 49.88435364
4.02573299 -2.88015199 49.42724228
4.27684689 -2.16257691 49.12482834
4.21008682 -1.37798595 49.10171890
3.48357511 0.39437199 49.50421143
4.04517794 -5.09325695 49.11500549
4.23945284 -4.36206484 49.15967560
4.63771677 -4.90791416 48.41690063
4.76430607 -4.08378792 48.58079529
3.74942303 -4.74453402 49.89608765
4.45005703 -3.53037310 49.03085709
4.68632984 -2.70040011 48.80297852
4.26552200 -0.39679900 48.97642517
5.29463291 -4.27248478 47.97131729
5.27952623 -5.10169315 47.66603851
5.18856907 -3.33947897 48.28652573
4.89163589 -1.80333197 48.60218048
4.75911903 -0.98611802 48.65894318
6.26795816 -6.78650713 45.99274445
5.65500784 -7.58460903 45.86101532
5.77671003 -6.09535885 46.74233246
6.40984583 -5.71836805 46.44982529
7.14840412 -6.16301394 45.69180679
5.83192778 -5.37856197 47.05844116
5.96313000 -3.63495803 47.51945496
5.87818623 -2.66981292 47.73986053
5.26296806 -2.47241306 48.29193878
5.64863920 -1.83645201 47.97653961
5.36341286 -1.06826401 48.18688965
5.03777695 -0.27101499 48.37576675
7.19609499 -5.07534313 46.08974457
6.41487598 -4.94873381 46.76013947
6.79839182 -4.06000185 46.70786285
5.92606783 -4.56351280 47.29929352
6.48852015 -1.81715202 47.27443695
5.97943115 -1.17139804 47.69320679
5.83012390 -0.32524401 47.75009918
7.63312817 -3.18232894 46.17852020
7.90130615 -4.17726517 45.76448059
7.50743484 -2.09033799 46.41027069
6.70361805 -2.90745211 47.00497818
7.16144085 -1.23233497 46.72471619
6.54373312 -0.79668802 47.21320343
6.51432991 0.09479000 47.14894867
7.28670597 -0.31803799 46.55495453
8.02758026 -1.13830805 45.95837402
8.03746605 -0.24058300 45.87158203
0.09298100 0.64081699 50.94261932
1.03311801 0.57910198 50.80363464
1.96184099 1.22946000 50.65960693
2.59881806 0.58282501 50.11766815
2.44541192 1.93043900 50.58020020
2.93379402 1.48328304 50.00837708
2.87224293 2.47148609 50.27720261
3.35816002 2.21592498 49.65996552
3.15010595 3.94239092 49.78035355
3.31692505 2.99750495 49.69040680
3.69173288 3.49232411 49.04990387
3.44920897 4.35641384 48.96839142
3.96682811 3.95870805 48.45388794
3.79690289 1.56479299 49.22760391
3.85406899 2.56634688 49.07242966
4.39377403 3.13481092 48.30733490
4.48856401 4.07980585 47.75053787
4.58315706 0.73868001 48.61542511
4.54262877 1.99703002 48.46489716
5.24065590 4.18678522 46.89755630
4.42894602 5.12560415 47.09573746
0.25213701 7.05010414 48.89708328
0.85078597 7.45700979 47.78979492
1.09759903 6.82466602 48.92855835
1.07569003 8.25781822 46.45816040
0.37186700 8.71098900 46.15066910
1.74090600 6.37067890 49.28044891
2.06984496 6.73835802 48.00045776
1.67910004 7.58347893 47.08260345
2.35781193 7.35464001 46.87278748
2.97625208 7.58527279 45.97080994
2.06727004 8.06301594 46.07919312
3.06763101 6.75476599 46.94691086
3.18610597 5.10703516 48.73947906
3.79797602 4.73221302 48.15749741
3.27390695 5.76559114 47.85499573
2.51619005 5.77434778 49.08113098
2.88962889 4.90694380 49.60451126
3.96029210 6.91355801 45.83777618
3.89351797 6.11696482 46.78857422
5.56921387 4.97427082 46.00070190
4.88344097 5.97027397 45.86537933
5.07162905 2.51488709 47.82655716
5.76435804 2.63628888 47.12957001
5.11858988 3.33846092 47.47084808
6.19121599 4.07351303 45.98914719
5.39071798 0.42547300 48.00511169
5.52953291 1.46831203 47.68743896
6.48185205 1.93762696 46.72637939
6.67158413 3.04968691 46.07666779
5.77489901 3.46995401 46.76719666
5.94596910 0.52546400 47.54160309
6.44486380 0.97043997 47.04328156
7.03313684 0.51527101 46.64964294
7.18400288 1.26627696 46.31808472
7.40723610 2.15739298 45.77451324
7.78454304 0.52828002 45.95203018
-2.65066290 -2.74431109 50.29378891
-1.53748798 -0.34943300 50.44430161
-6.90150213 6.58999395 45.64945602
0.68776298 -7.53710508 49.50978088
4.75590706 -5.61135578 47.89393234
2.95881605 3.29917598 50.28150940
0.00000000 1.48386300 51.17419815
0.00000000 1.20429206 51.24910736
0.50818998 1.53220904 51.16124344
0.56465602 1.25801003 51.23471451
0.99685103 1.67539203 51.12287521
1.10761201 1.41710305 51.19208527
1.44720304 1.90790796 51.06057358
1.60800397 1.67545402 51.12285995
1.84194005 2.22082210 50.97673035
2.04660010 2.02313590 51.02969742
2.16589189 2.60210800 50.87456512
2.40654707 2.44678712 50.91618347
2.40661097 3.03711605 50.75800323
2.67401195 2.93012905 50.78667068
2.55484509 3.50912595 50.63153076
2.83871603 3.45458388 50.64614487
2.60489702 4.00000000 50.50000000
2.89433002 4.00000000 50.50000000
2.83871603 4.54541588 50.35385513
2.55484509 4.49087381 50.36846924
2.67401195 5.06987190 50.21332932
2.40661097 4.96288395 50.24199677
2.40654802 5.55321217 50.08381653
2.16589308 5.39789104 50.12543488
2.04660106 5.97686386 49.97030258
1.84194100 5.77917814 50.02326965
1.60800397 6.32454586 49.87714005
1.44720304 6.09209204 49.93942642
1.10761201 6.58289814 49.80791473
0.99685103 6.32460785 49.87712479
0.56465602 6.74199009 49.76528549
0.50818998 6.46779108 49.83875656
0.00000000 6.79570818 49.75089264
0.00000000 6.51613712 49.82580185
-0.50818998 1.53220904 51.16124344
-0.56465602 1.25801003 51.23471451
-0.99685103 1.67539203 51.12287521
-1.10761201 1.41710305 51.19208527
-1.44720304 1.90790796 51.06057358
-1.60800397 1.67545402 51.12285995
-1.84194005 2.22082210 50.97673035
-2.04660010 2.02313590 51.02969742
-2.16589189 2.60210800 50.87456512
-2.40654707 2.44678712 50.91618347
-2.40661097 3.03711605 50.75800323
-2.67401195 2.93012905 50.78667068
-2.55484509 3.50912595 50.63153076
-2.83871603 3.45458388 50.64614487
-2.60489702 4.00000000 50.50000000
-2.89433002 4.00000000 50.50000000
-2.83871603 4.54541588 50.35385513
-2.55484509 4.49087381 50.36846924
-2.67401195 5.06987190 50.21332932
-2.40661097 4.96288395 50.24199677
-2.40654802 5.55321217 50.08381653
-2.16589308 5.39789104 50.12543488
-2.04660106 5.97686386 49.97030258
-1.84194100 5.77917814 50.02326965
-1.60800397 6.32454586 49.87714005
-1.44720304 6.09209204 49.93942642
-1.10761201 6.58289814 49.80791473
-0.99685103 6.32460785 49.87712479
-0.56465602 6.74199009 49.76528549
-0.50818998 6.46779108 49.83875656
0.57886600 4.96846199 50.24050140
0.00000000 5.11828279 50.20035553
0.00000000 4.69892693 50.31272125
0.51165003 4.49421597 50.36757660
1.00262499 4.55914211 50.35017776
0.72358298 4.00000000 50.50000000
1.15773201 4.00000000 50.50000000
1.00262499 3.44085789 50.64982224
0.51165003 3.50578403 50.63242340
0.57886600 3.03153801 50.75949860
0.00000000 3.30107307 50.68727875
0.00000000 2.88171697 50.79964447
0.00000000 2.32257509 50.94946289
0.66456699 2.45026207 50.91525269
1.22795999 2.81388092 50.81781769
1.60440695 3.35807705 50.67200089
1.73659801 4.00000000 50.50000000
1.60440695 4.64192295 50.32799911
1.22795999 5.18611908 50.18218231
0.66456699 5.54973888 50.08474731
0.00000000 5.67742491 50.05053711
0.00000000 6.09678078 49.93816757
0.83070898 5.93717289 49.98093414
1.53495097 5.48264790 50.10272598
2.00550890 4.80240393 50.28499603
2.17074800 4.00000000 50.50000000
2.00550890 3.19759607 50.71500397
1.53495002 2.51735210 50.89727402
0.83070898 2.06282711 51.01906586
0.00000000 1.90321898 51.06183243
-0.57886600 4.96846199 50.24050140
-0.51165003 4.49421597 50.36757660
-1.00262499 4.55914211 50.35017776
-0.72358298 4.00000000 50.50000000
-1.15773201 4.00000000 50.50000000
-1.00262499 3.44085789 50.64982224
-0.51165003 3.50578403 50.63242340
-0.57886600 3.03153801 50.75949860
-0.66456699 2.45026207 50.91525269
-1.22795999 2.81388092 50.81781769
-1.60440695 3.35807705 50.67200089
-1.73659801 4.00000000 50.50000000
-1.60440695 4.64192295 50.32799911
-1.22795999 5.18611908 50.18218231
-0.66456699 5.54973888 50.08474731
-0.83070898 5.93717289 49.98093414
-1.53495097 5.48264790 50.10272598
-2.00550890 4.80240393 50.28499603
-2.17074800 4.00000000 50.50000000
-2.00550890 3.19759607 50.71500397
-1.53495002 2.51735210 50.89727402
-0.83070898 2.06282711 51.01906586
0.00000000 3.72042894 50.57490921
0.28943300 4.00000000 50.50000000
0.00000000 4.00000000 50.50000000
-0.28943300 4.00000000 50.50000000
0.00000000 4.27957106 50.42509079
0.00000000 -6.95830488 50.50000000
-0.00000200 -7.61095619 50.50000000
0.49988401 -6.93274784 50.50000000
0.95789599 -7.45392513 50.50000000
0.98437202 -6.84255123 50.50000000
1.73755503 -7.10293293 50.50000000
1.51913702 -6.67446899 50.50000000
2.01829696 -6.42265987 50.50000000
2.39211702 -6.63687611 50.50000000
2.45092392 -6.05639601 50.50000000
2.80525088 -6.23410797 50.50000000
2.79179001 -5.71896887 50.50000000
3.21320510 -5.69464302 50.50000000
3.01775193 -5.36455917 50.50000000
3.47028899 -5.18120193 50.50000000
3.18573689 -5.02515793 50.50000000
3.57184911 -4.80017805 50.50000000
3.27013302 -4.65823698 50.50000000
3.61493611 -4.34319115 50.50000000
3.26870894 -4.37479305 50.50000000
3.26124907 -4.12673998 50.50000000
3.48112607 -3.92839599 50.50000000
3.22025704 -3.95435810 50.50000000
3.28822708 -3.62482500 50.50000000
3.12448096 -3.76941299 50.50000000
2.99232411 -3.58684111 50.50000000
2.97207093 -3.31531596 50.50000000
2.82253194 -3.44931102 50.50000000
2.58417892 -3.30219293 50.50000000
2.55100298 -3.03992009 50.50000000
2.25031400 -3.13970304 50.50000000
2.05455589 -2.81540704 50.50000000
1.85079801 -2.97983098 50.50000000
1.72398996 -2.71719003 50.50000000
1.52555096 -2.87808990 50.50000000
1.39342403 -2.61897206 50.50000000
1.23650599 -2.79502010 50.50000000
1.06289303 -2.56286907 50.50000000
0.77706599 -2.72589588 50.50000000
0.73236197 -2.50676489 50.50000000
0.31762701 -2.71296597 50.50000000
0.36618000 -2.48588705 50.50000000
-0.00000200 -2.46500897 50.50000000
0.00000000 -2.71784902 50.50000000
-0.49988401 -6.93274784 50.50000000
-0.95789599 -7.45392513 50.50000000
-0.98437202 -6.84255123 50.50000000
-1.73755503 -7.10293293 50.50000000
-1.51913702 -6.67446899 50.50000000
-2.01829696 -6.42265987 50.50000000
-2.39211702 -6.63687611 50.50000000
-2.45092392 -6.05639601 50.50000000
-2.80525088 -6.23410797 50.50000000
-2.79179001 -5.71896887 50.50000000
-3.21320510 -5.69464302 50.50000000
-3.01775193 -5.36455917 50.50000000
-3.47028899 -5.18120193 50.50000000
-3.18573689 -5.02515793 50.50000000
-3.57184911 -4.80017805 50.50000000
-3.27013302 -4.65823698 50.50000000
-3.61493611 -4.34319115 50.50000000
-3.26870894 -4.37479305 50.50000000
-3.26124907 -4.12673998 50.50000000
-3.48112607 -3.92839599 50.50000000
-3.22025704 -3.95435810 50.50000000
-3.28822708 -3.62482500 50.50000000
-3.12448096 -3.76941299 50.50000000
-2.99232411 -3.58684111 50.50000000
-2.97207093 -3.31531596 50.50000000
-2.82253194 -3.44931102 50.50000000
-2.58417892 -3.30219293 50.50000000
-2.55100298 -3.03992009 50.50000000
-2.25031400 -3.13970304 50.50000000
-2.05455589 -2.81540704 50.50000000
-1.85079801 -2.97983098 50.50000000
-1.72398996 -2.71719003 50.50000000
-1.52555096 -2.87808990 50.50000000
-1.39342403 -2.61897206 50.50000000
-1.23650599 -2.79502010 50.50000000
-1.06289303 -2.56286907 50.50000000
-0.77706599 -2.72589588 50.50000000
-0.73236197 -2.50676489 50.50000000
-0.31762701 -2.71296597 50.50000000
-0.36618000 -2.48588705 50.50000000
3.02915597 -3.96753502 50.50000000
3.06106305 -4.11556292 50.50000000
3.01142001 -4.34270191 50.50000000
2.89420104 -4.56114006 50.50000000
2.80458498 -3.99209809 50.50000000
2.91072392 -3.89559293 50.50000000
2.82684708 -3.71384311 50.50000000
2.57130504 -3.77538610 50.50000000
2.51210594 -4.21804285 50.50000000
2.70619798 -4.34240198 50.50000000
2.51358294 -4.69188690 50.50000000
2.23442292 -4.56310606 50.50000000
2.22912693 -5.03757381 50.50000000
2.23972011 -4.08863783 50.50000000
2.24501705 -3.61417103 50.50000000
1.84237099 -4.70964098 50.50000000
1.83956206 -5.28624296 50.50000000
1.84518003 -4.13303804 50.50000000
1.84798896 -3.55643392 50.50000000
1.43902397 -4.82082081 50.50000000
1.41018200 -5.46839809 50.50000000
1.46786702 -4.17324400 50.50000000
1.49670899 -3.52566695 50.50000000
1.02512598 -4.89515305 50.50000000
0.95466602 -5.59519720 50.50000000
1.09558594 -4.19510794 50.50000000
1.16604602 -3.49506402 50.50000000
0.51727200 -3.38905191 50.50000000
0.50512302 -4.14953995 50.50000000
0.49297500 -4.91002893 50.50000000
0.48082599 -5.67051792 50.50000000
0.00000000 -4.95090008 50.50000000
0.00000000 -5.69525003 50.50000000
0.00000000 -4.20655012 50.50000000
0.00000000 -3.46219993 50.50000000
2.91666102 -4.99723005 50.50000000
2.68604207 -4.96520376 50.50000000
2.71968699 -5.34413481 50.50000000
2.35562611 -5.67839718 50.50000000
2.29473805 -5.30208588 50.50000000
1.94548595 -6.01983786 50.50000000
1.87267399 -5.61701584 50.50000000
1.45595396 -5.84258413 50.50000000
1.48754501 -6.25852680 50.50000000
0.95311999 -6.39876080 50.50000000
0.92186898 -5.95497084 50.50000000
0.44811800 -6.46671581 50.50000000
0.39635101 -6.00068283 50.50000000
0.00000000 -6.01178885 50.50000000
0.00000000 -6.48504686 50.50000000
2.99937606 -3.79428005 50.50000000
-3.02915597 -3.96753502 50.50000000
-3.06106305 -4.11556292 50.50000000
-3.01142001 -4.34270191 50.50000000
-2.89420104 -4.56114006 50.50000000
-2.80458498 -3.99209809 50.50000000
-2.82684708 -3.71384311 50.50000000
-2.91072392 -3.89559293 50.50000000
-2.57130504 -3.77538610 50.50000000
-2.51210594 -4.21804285 50.50000000
-2.70619798 -4.34240198 50.50000000
-2.51358294 -4.69188690 50.50000000
-2.23442292 -4.56310606 50.50000000
-2.22912693 -5.03757381 50.50000000
-2.23972011 -4.08863783 50.50000000
-2.24501705 -3.61417103 50.50000000
-1.84237099 -4.70964098 50.50000000
-1.83956206 -5.28624296 50.50000000
-1.84518003 -4.13303804 50.50000000
-1.84798896 -3.55643392 50.50000000
-1.43902397 -4.82082081 50.50000000
-1.41018200 -5.46839809 50.50000000
-1.46786702 -4.17324400 50.50000000
-1.49670899 -3.52566695 50.50000000
-1.02512598 -4.89515305 50.50000000
-0.95466602 -5.59519720 50.50000000
-1.09558594 -4.19510794 50.50000000
-1.16604602 -3.49506402 50.50000000
-0.51727200 -3.38905191 50.50000000
-0.50512302 -4.14953995 50.50000000
-0.49297500 -4.91002893 50.50000000
-0.48082599 -5.67051792 50.50000000
-2.91666102 -4.99723005 50.50000000
-2.68604207 -4.96520376 50.50000000
-2.71968699 -5.34413481 50.50000000
-2.35562611 -5.67839718 50.50000000
-2.29473805 -5.30208588 50.50000000
-1.94548595 -6.01983786 50.50000000
-1.87267399 -5.61701584 50.50000000
-1.45595396 -5.84258413 50.50000000
-1.48754501 -6.25852680 50.50000000
-0.95311999 -6.39876080 50.50000000
-0.92186898 -5.95497084 50.50000000
-0.44811800 -6.46671581 50.50000000
-0.39635101 -6.00068283 50.50000000
-2.99937606 -3.79428005 50.50000000
2.92039299 -4.10927677 50.50047684
-2.92039299 -4.10927677 50.50047684
9.09525871 3.68891406 42.34003448
8.55877113 4.31119394 42.49388123
8.13077164 4.74438715 42.66355133
7.98271513 5.07069397 42.41270447
7.67295599 5.56676292 42.05974960
6.96598387 6.19237185 42.26693726
6.42705584 6.62048912 42.47961807
6.12075377 6.97242308 42.13563538
5.57911301 7.47998619 41.59249115
4.67220020 8.08740997 41.74443054
3.89491892 8.57711411 41.86677551
3.95012212 8.26705742 43.09876251
3.28994989 8.67200184 43.14688492
3.14976001 8.99726868 42.03583908
2.63383794 9.02431583 43.22101974
2.49271202 9.30116081 42.29972458
1.96957099 9.32740402 43.26136017
2.07998991 8.95984936 44.29124451
1.40642703 9.21574593 44.37295532
1.60718703 8.70645332 45.34291458
2.20620394 8.56265354 45.10350037
2.70769691 8.23528099 45.20082855
2.68815804 8.66818333 44.24960709
3.26892400 8.33643532 44.22843170
3.24914908 7.98866177 45.04966736
3.82979798 7.97460699 44.21468735
4.61309624 7.81788111 43.06581116
4.36265516 7.59600782 44.21269226
5.21136904 7.35983610 43.13728714
5.68761110 6.93535900 43.28437042
6.13421297 6.51840687 43.31804657
5.25775003 6.83857822 44.26931763
4.83940697 7.22765589 44.22151947
4.55429792 7.04169703 44.99591446
4.21170616 7.32969618 44.98993683
4.87517214 6.62764502 45.14559174
5.68216705 6.42974520 44.27204895
6.61818600 6.05929804 43.26110840
7.04459095 5.58606482 43.29118347
6.08537102 6.02379894 44.25487137
5.35651922 6.25604010 45.01239777
5.64356899 5.93399000 45.02299500
6.41956091 5.60870886 44.30064774
7.36592102 5.15426493 43.39299011
7.68551302 4.73584700 43.41273499
6.74761581 5.18154907 44.33125305
5.85414314 5.51221180 45.19585800
6.28086090 5.06972599 45.10071945
6.49816179 4.62470913 45.22785187
6.89258909 4.19344807 45.10776138
7.06502199 3.72156596 45.24680710
7.43131685 3.27546501 45.12414551
7.91915417 3.43549895 44.36126328
8.18185806 2.98497796 44.35066223
7.62687302 2.79978895 45.20011139
7.99637604 2.37670708 45.02403259
8.14378548 1.97165704 45.05500793
8.66212654 2.06123304 44.31954956
8.81175995 1.55524898 44.37916565
8.08408165 1.36840701 45.36293030
8.49565887 0.74202198 45.13291168
8.99634933 0.98721701 44.39362335
9.19067764 0.38412401 44.37429428
9.80169392 0.50647098 43.49002838
9.60860443 1.06676102 43.50939941
10.29827499 0.60814101 42.76284790
10.50301361 0.00824700 42.73082733
10.66312981 -0.63795900 42.72714996
9.97078037 -0.11134500 43.48348999
9.32628441 -0.26255599 44.38727570
10.10563278 -0.76625103 43.48372650
10.77753067 -1.30441105 42.73320007
10.82673073 -1.95866394 42.76711273
10.19766808 -1.43624401 43.49025726
9.44844437 -0.93035102 44.37345886
8.68187237 -0.55739999 45.23429108
8.55830765 0.14951700 45.23419571
8.85578346 -1.16226304 45.11833191
9.49860668 -1.59166205 44.38906860
10.22736740 -2.09651995 43.51982117
10.77506065 -2.49579906 42.87271118
10.89782906 -3.04579902 42.75092697
10.23756790 -2.75291705 43.52445984
9.45426846 -2.28269696 44.45071793
8.73073673 -1.74287498 45.27779007
8.48220062 -2.50608897 45.48065948
8.16382599 -1.86380100 45.85896301
8.57006073 -3.42705393 45.29110718
9.42088318 -3.02439308 44.44885635
9.43959999 -3.74644899 44.35684967
10.25570393 -3.43495488 43.47879028
10.96528053 -3.72524309 42.66596985
11.02939892 -4.46860123 42.52236938
10.26562119 -4.15574121 43.39239883
9.44357109 -4.42674017 44.23615265
10.29838753 -5.00137997 43.19172668
11.19037533 -5.25542116 42.19357300
10.71129608 -5.86733723 42.50996399
10.21188259 -6.38255501 42.83307266
10.30920029 -7.09420013 42.38716507
9.55339146 -6.70684814 43.33336258
9.48759270 -6.09137392 43.67779541
9.87026501 -5.65872622 43.45093536
9.41320705 -5.02896500 44.11739349
8.68159485 -4.65547705 44.94767761
8.74979019 -4.05568123 45.02394485
8.06358528 -4.97563982 45.41527939
7.95372915 -5.67656517 45.25270462
8.86905479 -5.45120096 44.51222229
8.75883484 -6.19379187 44.32121277
8.81376553 -6.94799089 43.89556885
9.60307503 -7.45441389 42.86681366
8.93342113 -7.75805998 43.29497147
8.19114304 -7.23991108 44.27863312
8.38557243 -7.96413183 43.63456726
7.64330816 -7.60938501 44.47857666
8.16152954 -8.50129223 43.37695312
7.43220901 -8.27507782 44.12310791
7.72937202 -9.16544914 43.04372406
6.79992199 -8.49643135 44.37012482
6.92124987 -9.46990681 43.31583405
6.38836384 -9.00298882 44.18056488
6.32261801 -9.58564758 43.58792114
5.83902693 -9.06678867 44.42657471
5.71405602 -9.90189075 43.48313141
5.17303324 -9.10684299 44.73339462
4.89239311 -9.70073509 44.15234756
4.93055582 -10.50271416 42.90027618
4.21560001 -9.79999924 44.29437637
3.93055201 -10.47872353 43.35221863
4.16798019 -11.25650215 41.65619278
2.96154690 -10.74844360 43.13482666
3.11639094 -11.57244301 41.29269409
2.01547289 -11.46160507 41.75413513
0.95007700 -11.65003204 41.32169342
0.97045600 -10.86575413 43.12010956
1.95804906 -10.75096321 43.35808182
1.57105803 -10.34939003 44.14067078
2.25070906 -10.12046242 44.42617035
1.58918798 -9.78968334 45.04074097
2.11625099 -9.48027229 45.41411591
0.93727201 -9.57412910 45.38718414
0.29503500 -9.43404388 45.56768036
0.34810600 -10.09854317 44.49750519
1.08203602 -10.14237976 44.49291229
-0.04609900 -10.71672153 43.31453705
-0.08967400 -11.41565514 41.72116852
-0.97460401 -10.78648567 42.88399506
-1.12240100 -11.46259880 41.26877594
-2.02542710 -11.07757854 41.69483185
-1.79821205 -10.40991211 43.28678131
-1.19026506 -9.92797089 44.39823151
-0.44579601 -10.24808121 44.10127258
-0.35842100 -9.64319611 45.12378693
-0.99593002 -9.17448044 45.66393280
-1.76756096 -9.30673409 45.15753937
-1.99489200 -9.87814713 44.14756393
-2.72094488 -10.22700024 43.05438995
-2.46554708 -9.45029068 44.57540894
-2.30596805 -8.87942028 45.50928497
-2.91517496 -8.91543388 45.08610535
-3.05873108 -9.49796295 44.12595367
-3.60931706 -9.07410908 44.34054565
-3.33474302 -8.46815109 45.38854218
-3.89451194 -8.38695908 45.04895020
-4.22767401 -8.87138176 44.10733795
-4.27104378 -9.61518097 42.84959793
-4.82189798 -8.93068123 43.39412308
-4.47909021 -8.32904243 44.59687805
-4.16935301 -7.85090208 45.44771576
-4.70777178 -7.72129488 45.08522797
-5.01342487 -8.28267670 44.10169220
-5.58667994 -8.68852997 42.80319977
-5.40369320 -7.75425816 44.30223465
-4.97644281 -7.18749809 45.38394547
-5.53924608 -7.00450993 44.97937775
-5.69996786 -6.43315792 45.35577393
-6.21747589 -6.84251499 44.34525299
-5.97040796 -7.45254707 43.99497986
-6.65319014 -7.63664293 42.76719666
-6.03573608 -8.04981995 43.15107727
-6.47716284 -8.62022400 41.50315094
-7.16485500 -8.14749908 41.02943802
-7.57651186 -7.34543705 41.46893692
-6.94326878 -6.79246998 43.38882446
-6.55123520 -6.45861006 44.34174347
-6.84071207 -6.03309011 44.34628296
-6.18643379 -6.16714478 45.05231857
-6.31587315 -5.59736013 45.38862228
-6.85122204 -5.28415489 45.00958252
-6.95590210 -4.67024088 45.37504959
-7.53111315 -4.98346615 44.34967041
-7.36944294 -5.63768721 43.99560547
-7.93845510 -5.54730511 43.15053558
-7.67038298 -6.30863905 42.74118805
-8.55137444 -5.88305521 41.41648865
-8.43975830 -4.83175182 42.91345978
-9.11782932 -5.15987396 40.94244385
-9.33259010 -4.25760698 41.40565872
-9.79685783 -3.45944905 40.90130615
-9.12399483 -3.24686909 42.92480850
-8.72122288 -4.02939320 43.16973114
-8.31742573 -3.57697105 44.30239105
-8.21408081 -4.19008493 44.00495529
-7.84558010 -4.48520184 44.33906937
-7.71087599 -3.99385500 44.92317963
-7.68634796 -3.45221305 45.32088470
-7.37118721 -4.39890480 45.07794189
-8.12416267 -3.00121498 45.01808167
-8.05143166 -2.45073509 45.42312622
-8.67789841 -2.57515693 44.38139725
-8.58260918 -3.10809803 44.21830368
-9.30821800 -2.37105989 43.20355606
-9.89069366 -2.53937197 41.37522888
-9.61896515 -1.54442203 42.88937759
-10.20307732 -1.69403803 40.87363434
-10.15220547 -0.76152200 41.40716553
-9.67008209 -0.67532802 43.17939377
-9.20572853 -0.89360303 44.27932739
-9.17159462 -1.43816900 44.14551163
-8.75660706 -1.32822704 44.93787766
-8.66819286 -0.69724101 45.29264450
-8.37341309 -1.88256204 45.24401855
-9.00956154 -1.88033104 44.19878387
-8.96751404 -0.17353600 44.95838928
-9.40834618 -0.26148599 44.03772736
-9.27122879 0.35817999 44.43810654
-8.81035614 0.49711001 45.30221939
-9.02822971 1.08392000 44.91723633
-9.47638512 0.88395500 43.90710449
-9.32235909 1.68860400 44.15367889
-8.78999805 1.83026898 45.22653961
-8.94114685 2.44660807 44.83065796
-9.35529137 2.39764810 43.85138702
-9.11980915 3.06094694 44.16352081
-8.75802231 2.92605305 45.04770660
-8.69344902 3.43474007 44.92132950
-9.00280762 3.61411190 44.18168640
-8.77998257 4.14994717 44.30306244
-8.13736153 4.03347206 45.45377350
-8.30188847 4.83174419 44.88572311
-8.73596573 4.79759598 43.95281601
-8.44074154 5.37354898 44.18157196
-8.07481956 5.28402615 45.06230927
-7.99198294 5.63638115 44.94287872
-8.20228481 6.04314995 44.07091141
-8.68885899 5.77267981 42.79251480
-8.94718933 5.05319214 42.85899353
-9.15915680 5.34617090 41.18946838
-9.42050743 4.42271090 41.45977402
-9.06828976 4.44876385 43.17703247
-9.28843498 3.71742392 43.05490875
-9.76412010 3.45642900 41.09645462
-9.63525391 2.75208497 42.54658508
-9.66906929 1.97439599 42.97941208
-9.86203766 1.12066698 42.54576492
-10.07328796 1.88239706 41.21574020
-10.02128029 2.69603705 40.71871185
-8.85104370 6.14437008 41.14830017
-8.39467812 6.48035288 42.76696777
-8.50873756 6.89198685 41.15962982
-8.07142353 7.14401102 42.76855850
-7.92572212 6.66171122 44.04146576
-7.67719507 6.16545582 45.02080536
-7.48679304 6.76935101 44.86308289
-7.24704504 7.17227983 44.86418152
-7.63900614 7.22521877 44.02184296
-7.30256414 7.72293901 44.04976273
-7.71806812 7.75588608 42.78221512
-8.13512611 7.59239721 41.18445587
-7.73022223 8.23768234 41.21345901
-7.29392099 8.81834507 41.24312973
-6.82708216 9.32571983 41.27116013
-6.91280317 8.81721306 42.81639862
-6.46558714 9.25551987 42.82587433
-6.33058691 9.75430107 41.29508209
-5.99223995 9.62860680 42.82122803
-5.80595112 10.10325432 41.31199646
-5.49735785 9.93527794 42.79754639
-5.25211477 10.37135792 41.32922745
-4.96729612 10.14848995 42.82830048
-4.66608810 10.56552696 41.34644318
-4.38930178 10.31839180 42.84165192
-4.72954988 9.71273708 44.17469788
-5.25182581 9.67762756 43.83917236
-5.27900600 9.14921474 44.76886368
-5.67180300 9.38029289 43.98623657
-5.73884392 8.84122467 44.83011627
-6.10917902 9.02995300 44.05195999
-6.09470320 8.39770031 45.00165558
-6.53143120 8.63978004 44.06800461
-6.52924013 8.05921364 44.90874481
-6.93061304 8.20147514 44.06499100
-6.85375881 7.54692888 45.01371002
-4.69977808 9.00970078 45.33041382
-4.18350220 9.55351353 44.86570358
-4.06468105 9.03687096 45.63874435
-3.66111493 9.45061493 45.24050903
-3.57387304 10.00925636 44.18578339
-4.15095186 10.03413582 43.89316559
-3.77744508 10.43810272 42.84515381
-4.04804802 10.69526863 41.35555649
-3.40047097 10.76240540 41.35807037
-2.72571397 10.76908684 41.35565948
-2.02620006 10.71882534 41.34783936
-2.45419693 10.49166679 42.85540771
-3.12972307 10.49463463 42.84828568
-2.90722203 10.18559647 43.91373825
-3.06023407 9.69923401 44.93249893
-2.53535891 9.46590900 45.37621307
-2.28113699 10.03493977 44.24798584
-1.74759603 10.43172264 42.86001968
-1.30216599 10.61441898 41.33083344
-0.54417402 10.45479202 41.28639221
0.28522301 10.23083687 41.15093994
-0.22919700 10.15251160 42.80696869
-1.01272798 10.32253456 42.85155869
-1.51205301 10.09456825 43.96876907
-1.70536399 9.56812382 45.17092133
-0.81495202 9.87799835 44.25978851
-0.94594198 9.37117386 45.44349670
-0.23780499 9.47514820 45.01354218
0.23434301 9.14241600 45.48139954
0.60787600 9.48852921 44.38417435
-0.00233100 9.82614803 43.92369461
0.70990402 9.88708687 42.71378326
1.30585396 9.56031036 43.37402344
1.81599498 9.61530304 41.97428894
1.22243595 9.94179153 40.75546265
0.88080603 8.96041965 45.41594696
-7.33094788 8.31455994 42.80111313
-10.29222775 1.01588595 40.71667480
-10.25553322 0.25554499 41.08277893
-9.76445580 0.12987800 43.01351166
-8.23535728 -6.74344587 40.96205139
-5.96937180 -9.31400585 41.10483932
-5.21252823 -9.65104198 41.59297180
-4.58930111 -10.26415157 41.18132019
-3.74974895 -10.47571659 41.65792847
-2.97925496 -10.96715641 41.26985931
-3.50646305 -9.80259514 43.26280975
2.69677591 -9.58973312 45.12560272
3.11347508 -9.20299911 45.51012421
3.36434793 -9.86807060 44.50386429
2.82888103 -10.09418583 44.34892273
3.73506403 -9.12166023 45.36019516
4.45514679 -9.06224346 45.12618637
4.76652908 -8.48429489 45.59439087
5.38085794 -8.36653805 45.37121201
6.04211283 -8.33999920 45.01222229
6.29593992 -7.71366978 45.36147690
6.88139677 -7.59883213 45.04677582
7.05038500 -6.94882393 45.36198807
7.55324793 -6.83029413 45.05099487
8.01010132 -6.45377588 44.86550140
5.50589991 -11.25223541 41.03305054
6.12255001 -10.70929718 41.96527863
6.65764093 -10.16920090 42.59297180
7.53773308 -10.05221176 42.10047531
8.45783997 -9.82658005 41.62356567
8.73649216 -9.16410637 42.24932098
8.94244099 -8.50725555 42.72273254
9.63960648 -8.23093319 42.28915405
10.32083321 -7.81916523 41.90882492
10.05886841 1.09217000 42.86338806
9.44510365 1.55607402 43.49090195
9.29656315 2.01596498 43.43616867
10.05442810 1.41361201 42.71384430
10.00774956 1.85998905 42.53583527
9.60986710 2.51093411 42.64938354
9.27571297 2.95884204 42.78388596
8.79734135 2.98331904 43.46758652
8.56493092 3.40021801 43.45732117
7.66078186 3.87297201 44.34873199
7.38281393 4.31058407 44.33396530
7.07296991 4.74795389 44.33460999
8.04536629 4.27713490 43.36893845
8.34836006 3.81506300 43.38763428
9.22888374 3.24906397 42.59383392
9.07238579 2.50608301 43.42942047
8.43871880 2.52249503 44.33027649
3.70403504 7.60873699 45.15112305
