-0.70020998 0.40906700 -0.51302600
-1.20179999 1.88806605 0.37863901
0.93750203 1.07075095 -0.13290200
-1.81039596 3.30847502 2.74061608
0.40434599 2.66355300 1.60131705
2.64799690 1.72166502 1.42308199
-2.34542394 4.38792086 6.12221384
-0.38686600 3.89907789 4.61357689
-2.70517612 5.16435289 10.01451778
-1.14918494 4.78766489 8.36399746
0.71404201 4.26272202 7.28448820
1.80715299 3.23021793 3.81794190
3.97799706 2.25097990 4.03143215
2.81344295 3.59255099 6.85730314
4.88889408 2.62162209 7.25853395
-2.88242698 5.78030586 13.94424152
-1.69874799 5.48624802 12.33110714
-2.93767405 6.31222296 17.63827515
-2.02082396 6.10322189 16.10123444
-0.89269799 5.75508213 14.99360085
-2.90364099 6.74725819 21.02548599
-2.18049788 6.62463284 19.59700775
-2.83460212 6.93115187 23.83495522
-2.28127789 6.95639992 22.88240051
-1.52470195 6.80113077 22.02924347
-1.27266502 6.36381102 18.56548500
-0.09760400 5.96174002 17.79397202
-0.56389201 6.55491209 21.29947090
0.74047601 6.06650686 20.73151779
3.56773591 3.80025005 10.21535110
5.55622911 2.84248710 10.60308456
2.30939293 4.70939493 13.63986778
4.26504517 3.92291594 13.46548843
6.14252281 2.98629808 13.81031609
1.38074899 5.45092487 17.17456818
3.10574603 4.82405186 16.77421951
2.33472800 5.47907877 20.20317841
4.09606409 4.76571083 19.74908066
4.97278404 4.02657700 16.50424004
6.73292589 3.06044006 16.83781052
5.84085798 3.89693499 19.46800232
7.27372980 3.03634000 19.39534569
0.52683198 5.31320381 14.17647743
1.53704000 4.53821707 10.42334747
-0.24472600 5.05367804 11.16408920
-3.13321710 6.99782705 26.22365952
-2.40649199 6.98137379 26.11824989
-3.53040695 7.10005188 29.21401596
-2.63948202 7.02985716 29.27379227
-1.85622001 6.87914610 28.99903870
-3.96638489 7.25517178 32.36267090
-2.93209791 7.18218184 32.48150635
-4.58336687 7.31822586 35.59782410
-3.42576408 7.36300278 35.72329712
-2.41941404 7.24773979 35.70932007
-2.05969810 6.99257898 32.36590576
-1.20703495 6.73253012 32.02027130
-1.47872496 7.01950502 35.52957916
-0.48442000 6.70414305 35.17127228
-3.96050906 7.49648523 37.80608368
-4.54441214 7.46440411 38.06051636
-5.18024302 7.33264685 37.68077087
-5.47091484 7.33805323 39.41957855
-4.85134888 7.49031305 39.46944427
-4.26203918 7.58515501 39.51201630
-3.70517206 7.62953091 39.54583740
0.17182100 6.64217377 37.16066742
-0.39486799 6.87695980 37.71645355
-0.92810303 7.02693510 37.56628036
-1.18252003 7.28857517 39.43185425
-0.65508902 7.12883377 39.31986237
-0.08711800 6.93444395 39.15386200
0.53461599 6.69569206 38.90635681
-1.90788400 7.30243397 37.77779770
-1.42159796 7.20486212 38.00511932
-2.88664198 7.46983099 37.84890366
-3.40354896 7.52831984 38.14487457
-2.38770700 7.42777300 38.13563538
-3.17589092 7.62967777 39.56700897
-2.66860199 7.59211779 39.56957245
-2.17512107 7.52051210 39.55008698
-1.68411303 7.41882610 39.50655365
2.28284693 6.09094191 39.24886703
1.98897600 6.43378592 40.92214966
2.60118389 6.12418509 40.49626160
3.61880493 5.46141100 38.32653809
4.40540981 4.98904705 35.92385864
2.75607204 5.68975782 36.77233887
5.15308905 4.61865377 32.47401047
3.46934795 5.25884485 33.13813400
1.97831297 5.82857084 33.71244049
1.54339600 6.10964298 36.53192139
0.67644203 6.29969215 34.60919189
0.81772202 6.41808081 37.19010925
1.20550001 6.41411400 38.56354141
1.87275302 6.12947416 38.22684097
2.89953899 5.81832695 39.01753235
5.84875679 4.30674219 29.06032753
4.12185192 5.06089306 29.67416191
6.44282818 3.94572592 25.61677170
4.74709702 4.88763285 26.21765327
3.00103307 5.49390888 26.75450134
6.92993116 3.49319601 22.20819855
5.24928999 4.47500610 22.73653793
3.50119495 5.27515078 23.23303032
1.81575501 5.89592981 23.74359894
-0.22563000 6.42979002 31.50771332
0.05761700 6.39398384 27.89188385
-1.00602806 6.67175102 28.48224449
0.33957401 6.39033794 24.27519226
-0.83916801 6.76459312 24.84472847
-1.71383202 6.92060280 25.52266502
1.40919805 6.00533390 27.31479454
0.99280697 6.07209492 30.90921402
2.46601200 5.62641621 30.28696060
0.84673297 -0.79381698 -0.34500599
2.97144103 -0.14113399 0.34806001
2.66818309 -2.24375010 0.89472800
4.70824289 0.50634402 2.28145409
5.92095280 1.05300295 5.14097404
6.41847420 -0.82980299 4.22673512
4.82935190 -1.52423799 2.01014209
4.38502121 -3.63312197 3.24291396
6.37365913 -2.83386707 4.65682077
5.82996988 -4.77248287 6.35257006
6.71950197 1.43952799 8.44223213
7.30968809 1.70536602 11.74874306
8.21802807 0.16934200 10.41918468
7.84296608 1.90462601 14.94461632
8.26405239 2.09975600 18.12644005
9.33925056 0.78053403 16.96644592
8.85156059 0.48402700 13.64923954
9.51570320 -1.08924198 12.97525311
10.17691898 -0.71806401 16.20845604
10.62847328 -2.25914907 15.96495819
7.58833313 -3.94668889 7.88016176
7.00859308 -5.67795181 9.71558857
8.81995869 -3.26055408 10.18037224
8.52846241 -4.86325884 11.23791504
8.00028992 -6.43128777 12.98907948
9.81623363 -2.72449708 12.91384125
9.72039032 -4.23737621 13.44288158
10.71639729 -3.75763392 16.20846748
10.53094292 -5.24314022 16.89426041
9.36370373 -5.66032505 14.50384712
8.91481304 -7.16780090 16.12735367
10.13274479 -6.61509800 17.79254723
9.67009926 -7.83074284 18.78305054
8.71711063 -1.53454804 9.89962769
7.75668478 -2.11568594 7.00789499
7.48177624 -0.25186300 7.18781900
8.32760525 2.34610295 21.45154190
8.10078812 2.83650589 24.91910744
9.56492996 1.56607294 24.11293793
7.55997419 3.34219289 28.42137909
6.89409304 3.80609107 31.83374786
8.62322617 2.79999709 31.21593475
9.23883343 2.20018697 27.75578499
10.69648170 0.85980099 27.08408546
10.25203133 1.58042002 30.63266182
11.77410126 0.16552800 30.17115021
6.06776619 4.22392416 34.98088455
5.34775305 4.64523792 37.52916718
4.43098116 5.10625887 38.21338654
6.73272181 3.95780110 37.60923004
3.25384593 5.80518389 40.12893677
3.99290204 5.44711208 39.79403305
7.63077021 3.45873189 38.85840607
6.71655321 4.04143476 39.50228119
5.99301577 4.46884203 39.77087402
5.50186491 4.84332418 41.18286896
6.19576406 4.41132784 40.79939270
6.98147488 3.90875101 40.37580872
7.76715279 3.38344312 39.99838257
5.61684179 4.60687208 38.96456146
4.81267118 5.03212881 39.37819672
11.19691563 0.96822399 33.44407272
12.59626102 -0.63855600 33.13029480
10.32521152 1.75691795 36.35277557
11.83649921 0.32576099 36.00091553
13.08785152 -1.38697505 35.83174133
8.91518974 2.56604791 38.89374542
10.57414627 1.20171499 38.22738647
9.53480721 1.94900596 39.91758728
8.68147755 2.66738796 40.40808868
10.53660011 0.86265099 40.00839233
12.09765911 -0.26881701 38.15136719
13.05031586 -2.00208402 38.05883789
11.78101921 -0.74929500 39.63367462
12.67833138 -2.37845111 39.74039459
8.01304436 3.19081807 40.62739563
8.52529526 2.89493394 36.69062805
9.57651138 2.27739596 33.90665817
7.84413815 3.35685110 34.47696686
13.44156647 -3.77605796 38.07903290
13.90767860 -5.12303686 35.89908600
13.82859230 -3.30519199 35.80240631
14.03048706 -6.29961014 33.32159424
14.13631630 -4.51624680 33.07901764
13.68328094 -7.11944580 30.42906189
14.15837383 -5.56325912 30.09306717
13.93175316 -3.60318899 29.90193939
13.88936615 -2.56577897 33.06063080
13.09181023 -1.63319099 29.90274048
13.05045795 -7.68026114 27.35427284
13.45552158 -6.07617521 26.83631897
11.91649914 -7.81484079 24.14138985
12.44272709 -6.32036018 23.54963493
12.62527275 -4.72283316 23.07818604
10.70862579 -7.82421017 21.11087418
11.29130936 -6.44214582 20.42930222
11.61541462 -4.97888422 19.82052422
11.62464428 -3.40232491 19.40209198
11.94750023 -0.69131702 26.58148193
11.74862957 -1.34393299 22.91212463
10.80562687 0.18960699 23.36321640
11.25922394 -1.82885206 19.35577011
10.56550217 -0.30314299 19.73295212
9.53854179 1.11500597 20.49257660
12.40238476 -2.99814796 22.82292747
12.93417740 -2.44116998 26.38202667
13.43289280 -4.31396580 26.48571396
-1.51103199 -1.16779494 0.06329800
0.10354300 -2.84358406 0.88784701
-2.59706497 -3.24470711 1.91188204
1.83830202 -4.38533211 2.83648610
3.48209500 -5.64432907 5.67567587
0.70989501 -6.44493484 5.80979490
-0.97461098 -5.00564814 3.35665107
-3.77013206 -5.40687418 4.85492897
-2.18411994 -7.03218699 6.73417997
-4.89182520 -7.34560299 8.44933224
4.95917797 -6.64179516 8.99011898
6.26180077 -7.44248104 12.27937698
3.98414397 -8.47506046 12.13446999
7.46527100 -8.11486340 15.42314053
8.57432461 -8.71564674 18.44771576
6.95785999 -9.83225632 18.41812325
5.52305698 -9.23382854 15.33268738
3.05801702 -10.22932243 15.52246475
4.81746006 -10.97593021 18.68414688
2.20626211 -11.93288231 19.12127495
-3.33862209 -8.78090954 10.52016258
-5.82949400 -8.90694809 12.19269466
-1.58085203 -9.98416042 13.15653992
-4.24794912 -10.22865105 14.25027084
-6.48855782 -10.11318302 15.81461334
0.27197599 -10.99102592 16.01451874
-2.50120211 -11.39174461 16.74656677
-0.63292199 -12.51750755 19.66867256
-3.34729695 -12.61858940 20.32174110
-5.05265093 -11.43487167 17.75598907
-7.01206779 -11.05146885 19.08148384
-5.62643099 -12.26099586 21.06599426
-7.14993477 -11.67546844 21.83831787
1.26447701 -9.35701084 12.42466164
-0.50804198 -8.32518387 9.41654396
2.37073588 -7.57266998 8.90223980
9.77987957 -9.09705639 21.52307320
11.05427647 -9.21254063 24.67865372
9.66303444 -10.44740486 25.06883240
12.08192921 -9.00820541 27.84907532
12.94840622 -8.57622433 30.90462112
11.77305412 -9.86290169 31.40315247
10.85271454 -10.31452656 28.32672691
9.17982101 -11.50652695 28.76667786
10.21410847 -11.04624653 31.94377899
8.05889130 -11.80551147 32.43298340
13.40785980 -7.79500914 33.70185089
13.50143242 -6.71604109 36.17447281
12.41238880 -7.90183496 36.45860672
13.03379536 -5.27228212 38.05415344
12.49088192 -3.94882798 39.75214005
12.29899120 -5.29767084 39.67853546
12.26835060 -6.64423513 38.66225433
11.56390953 -7.88593388 38.59434128
11.46795464 -6.56500101 40.34954071
11.85923004 -5.95032787 40.14516449
11.47601318 -7.23596621 39.71393585
10.92157936 -7.77343988 40.03726959
8.79313660 -10.97688866 35.75838852
7.05258894 -11.80074883 35.53208923
7.88749409 -10.75110817 38.49227905
8.80123711 -10.42020035 38.14115143
7.39004087 -11.28451729 37.41005707
6.27539492 -11.56596088 37.83612442
9.79998016 -10.03923130 37.33114243
9.95258713 -9.46001053 38.74554443
9.12212181 -9.84663963 39.19871140
10.20372772 -8.86723137 39.52182770
10.25607872 -8.22022820 40.47584152
9.52904034 -8.57208347 40.96530151
8.18686390 -10.13695812 39.77647400
7.20646000 -10.33905506 40.37974167
11.04841042 -9.02776337 37.35797119
10.85019493 -8.40703201 39.22240448
10.71588135 -10.06134605 34.67224121
12.38558578 -9.11943722 34.19998932
-0.33447301 -12.72899246 36.87252045
-1.65225101 -13.07080460 34.49590302
0.75741899 -13.28383827 34.25590515
2.03804302 -12.75304413 36.64718246
3.29194307 -13.09362698 33.89110565
0.84393001 -12.71620560 37.14115143
4.49999189 -12.43080616 36.23601532
5.80252981 -12.55277348 33.33823395
5.75263309 -12.10618401 36.28425598
3.25391603 -12.56227493 36.84982300
5.02019501 -11.78166962 38.30295563
3.78528190 -11.99323654 38.56278610
2.60677099 -12.14349747 38.73030090
1.45275795 -12.21667671 38.84398651
-3.28295994 -13.60262299 30.84503174
-0.79566598 -14.04665375 30.56731033
-4.76515913 -13.29318619 27.48200989
-2.43157411 -13.91678047 27.17649651
0.28931999 -14.04588318 26.74996376
-6.19050503 -12.63673973 24.31012726
-4.12860012 -13.38566589 23.91825294
-1.53762996 -13.67337227 23.40199280
1.34335995 -13.41309547 22.87350845
7.11836815 -12.60470009 29.23149681
5.76371002 -12.80818176 25.80486679
7.94128180 -11.68059158 25.40614891
4.18410778 -12.66491222 22.36297798
6.57320786 -11.55728054 21.94648743
8.42848682 -10.32607365 21.68419647
3.13701391 -13.65474033 26.27186775
4.67064810 -13.49429512 29.71821594
1.94656706 -14.00941563 30.17829323
-2.69512701 0.61251003 0.30332100
-3.98461390 -1.27947700 1.58351398
-5.00325823 0.70212603 2.28959394
-5.20211697 -3.46543097 3.96645308
-6.28309393 -5.59800720 7.20532799
-7.50729322 -3.59894991 6.77806711
-6.39277601 -1.38214803 4.00427818
-7.16280413 0.62253302 5.12418222
-8.46262646 -1.53182304 7.15791178
-8.98266220 0.43488601 8.49767113
-7.18736792 -7.40663719 10.84398365
-7.79947615 -8.75061798 14.49031353
-8.98961639 -7.23100710 13.68069077
-8.24572372 -9.77650642 17.91065025
-8.26671791 -10.58074570 21.13016891
-9.32344437 -9.23782635 20.54951859
-9.25882053 -8.32975960 17.14916992
-10.25364208 -6.78945398 16.74092674
-10.21042824 -7.78032589 20.21186066
-11.00646496 -6.18517303 20.06931305
-10.09410286 -1.63715601 10.67262554
-10.40639782 0.31096700 12.04018784
-10.73800945 -3.51428103 13.53600883
-11.24989891 -1.53763604 14.19983864
-11.41991234 0.39375299 15.52460098
-11.03900814 -5.02849293 16.70618820
-11.62229729 -3.12384009 16.99209976
-11.71906567 -4.41465807 20.09428978
-12.20334816 -2.48353910 20.37559128
-11.98654270 -1.15013301 17.66094017
-12.04541397 0.67418402 18.86615753
-12.49195004 -0.51931798 20.91462326
-12.47631073 1.04110396 21.56989288
-9.96982002 -5.44748783 13.34947777
-9.37999821 -3.64954209 10.07639885
-8.37841129 -5.62739897 10.13271332
-7.74421883 -11.51161861 24.28942871
-6.61936998 -12.26911545 27.56782913
-8.05009747 -10.96799660 27.42384720
-5.35816479 -12.74321175 30.96685028
-3.79549909 -12.46936417 34.62907791
-5.59635782 -11.54277992 34.65376663
-7.00652981 -11.57214546 30.92233276
-8.30415154 -10.18616676 30.77299881
-7.05696678 -10.36306572 34.59422684
-8.23002434 -8.98323441 34.50219727
-2.52273297 -12.32963753 37.00331116
-1.43659699 -12.50474739 37.30117798
0.32707801 -12.20796680 38.91540527
-0.76486802 -12.11087513 38.96279144
-1.80452597 -11.92250347 39.00379944
-2.78922105 -11.64616203 39.03941345
-8.34114647 -7.95681381 36.90732956
-7.79510784 -8.63997173 37.28154373
-7.30413198 -9.36738777 36.96346283
-6.64300299 -9.30594444 38.96971893
-7.20261621 -8.67979622 38.94745636
-7.70538521 -8.00530910 38.93784714
-8.16529369 -7.28604603 38.92919159
-6.01929092 -10.58921528 37.02782440
-6.64805079 -9.94942665 37.34297180
-4.43172598 -11.59414673 37.05385208
-3.48229790 -11.93130779 37.38901520
-5.22321415 -11.05989075 37.39427185
-3.70735407 -11.29806519 39.05325317
-4.55343199 -10.88520813 39.04500198
-5.32153702 -10.41133690 39.02750397
-6.01792479 -9.88174152 39.00151062
-10.45944595 -2.84477305 36.87908173
-11.07814789 -2.03653789 34.38814926
-10.60752296 -3.91949797 34.37562561
-9.89837170 -4.66608000 36.87068176
-9.96857643 -5.73536301 34.38298035
-10.13835716 -3.74278808 37.23389435
-9.19425774 -6.38181686 36.87411499
-9.18304825 -7.43316698 34.42448044
-8.73040581 -7.15228701 37.23954773
-9.50386047 -5.51135111 37.22660828
-8.58481407 -6.53019094 38.92459869
-8.96502304 -5.73464108 38.93301010
-9.31071758 -4.90515089 38.94739151
-9.62515259 -4.04182291 38.96024323
-11.89276981 -1.21876299 30.53977966
-11.50780487 -3.17856693 30.49048233
-12.32126236 -0.36462799 27.13630676
-12.07433605 -2.31441808 27.01579857
-11.57066154 -4.28045511 26.93585777
-12.60282326 0.45388901 23.97281837
-12.47188759 -1.44848800 23.73094559
-12.09907722 -3.44076896 23.51301956
-11.46796417 -5.34535503 23.43116760
-9.34533310 -8.63698292 30.61462784
-10.11611938 -7.88859701 27.00245094
-9.18302536 -9.49347687 27.18777084
-10.73423481 -7.08133602 23.44614220
-9.89921665 -8.66056061 23.62376213
-8.91320610 -10.14568615 23.94180679
-10.90438747 -6.15114307 26.92340851
-10.20424366 -6.93985510 30.51189613
-10.92498779 -5.10928488 30.47607803
-3.42126012 2.30434895 1.87176597
-5.55518007 2.43530798 4.26543283
-7.45436287 2.32740998 7.33310223
-5.70980501 3.76174998 7.27543402
-3.86311889 3.67951488 4.65533495
-4.05062819 4.65829706 8.25362206
-9.04886246 2.12521291 10.78627777
-10.31218624 2.03116012 14.26008034
-8.74645329 3.49648905 13.80853558
-11.19662380 2.07889199 17.69068336
-11.91071320 2.20524502 20.92224121
-10.84767246 3.48758507 20.55535126
-9.90402603 3.46069694 17.18266487
-8.22596169 4.59809589 17.28600883
-9.34223747 4.61555719 20.61728668
-7.60213614 5.50255680 20.99273109
-4.03520584 5.35515404 12.22349453
-5.27092123 5.40998793 14.88483047
-3.92408609 5.93843317 16.09194756
-6.48700619 5.43841982 17.84414864
-4.95406389 6.02363110 18.67333984
-5.95506620 6.11760187 21.61410522
-4.56937599 6.52601480 22.33812904
-3.76830292 6.43226099 19.71230316
-3.52589011 6.79675007 23.09796906
-6.95391512 4.62543297 14.06561470
-5.56094503 4.69111490 10.97961998
-7.33742905 3.63256407 10.44148064
-12.33853912 2.09754395 23.96211243
-12.22691154 1.45261598 27.21714211
-11.69626427 3.05306792 27.23775291
-11.98580933 0.67579502 30.60378647
-11.31908607 -0.16542700 34.40240097
-11.24436378 1.60116804 34.43859482
-11.70306778 2.41900206 30.66865540
-10.97961521 3.94023800 30.76931763
-10.78093338 3.20426011 34.53868484
-9.92113113 4.59612083 34.68489075
-10.83778572 -0.97728097 36.87990189
-10.61775494 -1.89296103 37.24225998
-9.90629005 -3.15134406 38.97055054
-10.14964008 -2.24050403 38.97530365
-10.34513474 -1.31998897 38.97544098
-10.48657036 -0.38439399 38.96306610
-9.12002373 5.27101088 37.16866302
-9.60795784 4.68036413 37.46989441
-10.09520340 3.98562598 37.06181335
-9.95685577 3.63517094 39.08098602
-9.55787754 4.37197018 39.15824890
-9.11007690 5.03100777 39.13732147
-8.59732723 5.59944820 39.14062500
-10.73561096 2.47927690 36.89240646
-10.42508316 3.26099205 37.32161713
-10.96777153 0.82576102 36.83522034
-10.88974094 -0.03881100 37.20826721
-10.85597229 1.68492997 37.19342422
-10.59320831 0.50125998 38.82907104
-10.58438396 1.32715499 38.81639862
-10.48262787 2.12563896 38.83930206
-10.28695488 2.88364792 38.89764786
-5.91157913 7.05742407 35.37720108
-6.52487183 6.92807817 37.50248718
-7.34243298 6.53244019 35.11502457
-5.82982206 7.18339396 37.91332245
-7.88843584 6.24839687 37.31240845
-8.73354244 5.71460581 34.87081528
-8.50325775 5.81579399 37.56754303
-7.19486523 6.64278316 37.73138428
-8.02454376 6.08780384 39.17453766
-7.40884495 6.50236082 39.22805023
-6.76514912 6.84683180 39.29373169
-6.11404705 7.12474012 39.35916901
-5.24379206 7.14924717 32.06693268
-4.66232204 7.04146385 28.88639641
-6.07071209 6.78677082 28.42572021
-4.08153200 6.92422104 25.83699226
-5.34540415 6.69915724 25.28101349
-6.89860201 6.27722502 24.69183159
-9.81904602 5.19201612 30.96903992
-9.28721333 5.48076391 27.54873085
-10.68862915 4.40152502 27.31207085
-8.58084202 5.60480309 24.18062210
-10.19191742 4.66391611 23.86895370
-11.47743130 3.48301506 23.82643890
-7.67257977 6.27659416 27.94609070
-8.33944321 6.14732695 31.28783417
-6.74496317 6.79549503 31.67996597
7.20247602 3.76708198 41.16065979
7.38191414 3.60941195 41.77202606
9.57176018 1.62517405 41.31655121
8.83706856 2.29937696 41.73425293
8.88128281 2.09352493 42.21926880
8.77949905 2.48919106 41.10848236
10.47746754 -0.07997300 41.92717361
9.94588089 0.62488800 42.20495224
9.85567474 0.40481201 42.60708618
10.77331448 0.20593500 40.83272552
10.10939503 1.02133596 41.15991974
10.04140663 0.82890201 41.70775604
9.48101044 1.85885096 40.82021713
11.08487511 -1.36692297 41.74808121
10.76600647 -0.65432900 41.88136292
10.49728680 -0.78205198 42.38911438
11.29363918 -0.92126000 41.02350998
10.55075264 0.14478600 41.52113342
11.18426704 -2.53719592 41.98152161
11.14928246 -1.95817900 41.90731812
10.74661827 -1.98526800 42.48587799
11.71921444 -2.50549102 41.08063507
10.98162746 -3.09543204 42.28418732
11.45267677 -3.13445091 41.63597870
11.80228901 -3.74070001 41.04572296
11.47982597 -4.46688318 41.40261459
12.01798153 -4.55707216 40.54804230
11.26676369 -5.84854984 41.14137268
10.88275146 -7.09976387 40.81204224
10.77075768 -6.40955782 41.48934937
11.70596504 -5.22691107 40.80136871
11.23983574 -3.74327803 41.88463974
10.68286705 -2.52165198 42.65115356
10.68144417 -1.40109396 42.39754486
10.21682739 -0.17192499 42.45910645
9.45158577 1.50469196 41.96092224
8.04643059 3.09197402 41.45016479
6.75992823 -10.95845032 39.24996948
9.35146904 -9.21455193 40.17436218
5.18070221 4.94656801 40.40526581
1.59451103 6.43331194 39.88148499
-8.17910767 0.05835500 44.97176743
-7.90970898 -0.99755597 45.11285019
-7.36597395 -0.14746900 45.91434097
-6.90218210 -1.22974896 46.23168945
-6.52042723 -0.12869900 46.81482697
-7.54570818 -1.95397902 45.30377197
-6.89847803 -2.27276301 45.96955109
-5.85313177 -0.96763402 47.37142181
-7.36674500 -2.91532612 45.14741898
-6.48556185 -3.12231493 46.10996246
-6.15443993 -2.14397502 46.81671143
-7.00585699 -4.01602221 45.02183533
-5.99063396 -4.12540483 46.20897293
-5.46933222 -3.26923394 47.21707916
-5.28327799 -2.01222610 47.76287079
-5.14831305 -0.17473499 48.12143326
-5.06986094 -1.12996101 48.11553955
-6.36095095 -5.03908491 45.17746735
-5.30528688 -5.10026598 46.44138336
-5.30755806 -4.22492790 47.01047516
-4.46432686 -4.42277908 48.02020645
-4.58308601 -2.85524011 48.34008789
-4.54190683 -1.72007096 48.54276276
-5.77657318 -6.01400518 45.15078735
-5.29068899 -6.84938478 44.96354675
-4.82799482 -6.27130604 46.04964447
-4.40736389 -7.40072012 45.35027695
-3.78464389 -6.66145277 46.94229126
-4.41497803 -5.64023876 47.16320038
-3.70332289 -5.77762604 48.17736053
-3.63810992 -5.15652990 49.16629791
-2.94564009 -6.68310404 48.19830704
-2.98450303 -6.13536882 49.41872787
-3.27952790 -5.52451086 50.01910400
-3.72820592 -8.18375397 45.07324219
-3.31775808 -7.65435791 46.15457153
-2.89424896 -7.25311899 47.23314667
-2.85328007 -8.51533413 45.34507751
-2.25206900 -7.95263720 46.71569824
-2.18632507 -7.35151577 47.98143005
-2.13634801 -6.95671082 49.28647614
-1.52615201 -7.80929804 47.64166260
-1.38015294 -7.49415922 48.65522003
-1.20930398 -8.32306290 46.78761292
-1.79537404 -8.80843163 45.60051727
-0.90732998 -8.86502457 45.94249344
-0.61662698 -7.95945311 47.92422485
-0.48912799 -7.60120583 49.32345581
-1.33914697 -7.31906796 49.66155243
-0.17300700 -8.58041382 46.68522644
-0.28183401 -9.24224567 45.47232056
0.18145500 -7.82201099 48.51982117
-3.92656589 -3.47486806 49.14320374
-3.79866099 -2.24794006 49.21722412
-4.49248886 -0.78299499 48.65837097
-3.83403707 -4.34527302 49.27573395
-3.99686599 -1.30169404 49.04542542
-3.80833507 -0.51349699 49.20703125
-3.56865001 -4.75341082 49.99769974
-3.57357311 -3.93177009 49.98431778
-3.30007601 -3.05956197 49.93544769
-3.31932902 -1.24880397 49.53383636
-2.90242290 -2.08445907 49.89155960
-2.34600210 -1.06565702 50.06056976
-2.00565195 -2.14452100 50.29521179
-1.34271502 -1.35688305 50.36903000
-1.03027701 -2.22952509 50.45821381
-0.57145101 -1.56641400 50.46710968
-0.07013800 -2.10594702 50.48690796
-0.59531498 -0.79090601 50.51164627
-7.65196419 0.66677999 45.65027618
-6.95527077 0.73750198 46.40524292
-6.14396286 0.78831601 47.21971130
-5.84184790 0.03447500 47.50422668
-8.24778938 1.13776302 44.87861252
-7.43643999 1.52995300 45.81246185
-6.53807116 1.69292998 46.74311829
-7.05499506 2.43638396 46.05039978
-8.07755470 2.46687007 44.82978058
-7.02944088 3.54213810 45.69754028
-5.49998808 0.64434201 47.83417511
-6.11559582 2.89773703 46.91442108
-5.44691896 1.72819602 47.80020523
-7.26537514 4.77679586 44.73062897
-6.45606279 4.48033905 45.91946793
-6.14391518 3.92594695 46.55153656
-6.14134502 5.29911280 45.67039490
-4.87518406 0.83202100 48.38597107
-5.07412100 3.00944400 47.95107269
-4.64113522 2.32250905 48.51384735
-5.42988920 3.87410307 47.31820679
-4.62071419 3.98416901 48.11099625
-4.93660402 4.59142923 47.48588562
-5.61279917 4.75390482 46.67302322
-5.36571598 5.56254911 46.31626892
-4.35393286 0.13510300 48.81263351
-4.14488983 1.04672503 49.01448822
-4.61000490 1.59913099 48.60718536
-4.13111210 3.20156503 48.88138962
-4.70726109 5.39951706 47.12268829
-3.61472607 0.39633200 49.39373779
-3.90382195 2.05208302 49.22766495
-3.84436798 4.30022287 48.84360886
-3.04045701 -0.28285199 49.72795486
-2.83559108 0.73182797 49.96353149
-3.47247505 1.25681603 49.57608795
-3.33821106 3.83561492 49.72994232
-3.44775796 2.86889410 49.67663574
-3.18116903 4.72033596 49.53675079
-4.24889994 4.86182880 48.02765656
-3.50407696 5.14549208 48.67245865
-2.83858800 2.05246305 50.23637390
-3.00691390 3.19121099 50.26581192
-2.86551094 5.39309502 49.35581207
-2.29349208 0.00099600 50.16572189
-1.73139906 0.96523601 50.64608765
-0.67632997 0.18421599 50.68656921
-0.66402298 0.94535398 50.99027252
-5.52610922 6.10262299 45.52529907
-4.72487783 6.73282290 45.44036865
-5.54679298 6.74407816 44.52117920
-4.75435114 6.12118006 46.32702637
-3.81601405 5.65554714 47.76292419
-4.11336613 6.08455801 46.97731400
-3.98373604 6.65188313 46.26369476
-3.79717708 7.25910187 45.21905518
-4.63260221 7.28677177 44.40808105
-3.02215600 5.86312580 48.39354706
-3.22860003 6.44399118 47.19381714
-2.73018193 7.53192282 45.10350800
-3.18344688 7.04310989 46.11011505
-2.28768396 6.46912098 48.06729889
-2.10346794 7.11569214 46.51282501
-2.38086891 5.95817518 49.17549896
-1.90726697 7.54881716 45.25193024
-1.63255501 6.42870283 49.11565399
-1.31116998 6.85557699 47.86273193
-0.66482198 6.75259495 48.97692490
-0.27754200 6.97316980 47.71535492
-0.86464399 7.21955490 46.63700104
-1.23055506 7.47820520 45.53605270
0.11309500 7.19149208 46.48989105
-0.33831999 7.44225597 45.48236465
0.26420099 -8.12981510 47.67987061
0.66587001 -9.13551712 45.75685883
0.85855800 -8.44654083 46.98078156
1.06090701 -7.87394285 48.15326691
1.53753400 -9.43737411 45.18433380
1.58555102 -8.80495358 46.20705414
1.73724997 -8.19267082 47.20079041
1.41652298 -7.29472208 49.85074615
1.62871802 -7.38555479 49.03787994
2.07734299 -6.96824312 49.76314545
2.43673491 -9.14271164 45.41389465
2.26819491 -8.50486946 46.46269608
2.57670307 -7.95709801 47.13619232
2.06816196 -7.61134100 48.07299423
2.46760106 -7.01901722 48.88141251
2.82212591 -6.38528681 49.76757050
3.00137401 -8.45784473 46.16152573
3.25830889 -8.96592236 45.32497787
2.93748999 -7.28039885 47.88743591
3.44979000 -7.73887587 46.83507919
4.02102280 -8.46778107 45.54885864
4.11231422 -5.89777899 48.26405716
3.27529597 -6.51354408 48.66665268
3.79583907 -6.88374901 47.57946777
4.37918377 -7.42499781 46.48411942
4.99798203 -7.98876905 45.47286987
5.39695120 -7.01767921 46.06843567
4.64213705 -6.48853683 47.16694641
5.37397814 -6.04083109 46.82427979
0.18482199 -1.34826601 50.50380325
0.33911100 -0.31339201 50.62430573
0.92761701 -2.16024089 50.47564316
1.08154595 -1.15194702 50.45009232
1.25235796 -0.31223699 50.49640656
1.87386000 -1.94390404 50.33478546
1.91138005 -0.83310699 50.25518417
1.89846098 0.15466200 50.35891724
2.72263694 -2.51237106 50.19413376
2.69387889 -1.41716897 49.95573044
2.66564012 -0.32883099 49.91561127
3.38329792 -3.02668810 49.98961258
3.52849197 -2.02934098 49.56092072
3.45820093 -0.85800701 49.44430542
3.52808595 -5.64693594 49.51343536
3.77808189 -3.80698895 49.82990265
4.01080084 -2.87406802 49.32812500
4.25202179 -2.15338206 48.99508667
4.17716312 -1.36986101 48.96587372
3.45156288 0.38912100 49.39128876
4.06146622 -5.12314415 48.98622131
4.24914503 -4.37828207 49.03778076
4.67975998 -4.95973587 48.20041656
4.78811789 -4.11007881 48.39228821
3.75233698 -4.75271606 49.84410095
4.45091295 -3.53636503 48.89424133
4.67603588 -2.69991398 48.64137268
4.22885084 -0.40133601 48.82185364
5.36452818 -4.33334303 47.67992401
5.38619900 -5.20553398 47.30559921
5.21652317 -3.36543012 48.05252075
4.86963797 -1.80253506 48.41770554
4.72497988 -0.98747200 48.47927094
6.56995106 -7.06481314 45.11737061
5.86268187 -7.83604193 45.02954102
6.00814915 -6.32097006 46.08485031
6.71966887 -5.96870422 45.68214417
7.54306221 -6.45982599 44.73162842
6.03093719 -5.55134583 46.51544189
6.06983519 -3.71337795 47.12783432
5.92702389 -2.71389103 47.41378021
5.26625776 -2.48412299 48.06665421
5.65438318 -1.86002004 47.70441437
5.34341002 -1.08640301 47.94968796
5.00688124 -0.29659501 48.15637970
7.55430698 -5.31990194 45.25733185
6.67416000 -5.13990498 46.11772919
7.03050423 -4.21731901 46.08972168
6.08418083 -4.68518305 46.84078979
6.54507399 -1.89014494 46.86400223
5.98728609 -1.21698201 47.37512970
5.82345009 -0.38942701 47.43677139
7.82680178 -3.33323407 45.54116058
8.21847534 -4.37722778 44.97879028
7.61599398 -2.22377491 45.84860229
6.83205605 -3.00742006 46.51156235
7.23500395 -1.36970794 46.20681000
6.57840776 -0.89830101 46.79341125
6.54013205 -0.05540000 46.70696259
7.34673214 -0.53545398 46.00403595
8.08909798 -1.35874498 45.38374710
8.08394241 -0.56804299 45.27843094
0.09868400 0.64347601 50.92874146
1.03046203 0.58274502 50.78234100
1.95188296 1.23136497 50.63095856
2.57622600 0.58610600 50.05248260
2.43488002 1.92959595 50.55242157
2.91027689 1.47806203 49.93738556
2.85754108 2.46420598 50.23455048
3.33086896 2.19500709 49.56516266
3.13576508 3.90270996 49.70804214
3.29442596 2.96683002 49.60294342
3.66658711 3.40909195 48.88927460
3.42805910 4.23267698 48.78958511
3.94422412 3.79266906 48.19559479
3.76493907 1.53399599 49.08718109
3.82471204 2.50803804 48.91538239
4.37342978 2.98419905 48.03095245
4.47867393 3.78607893 47.34056091
4.55249882 0.69200099 48.40776825
4.51758385 1.90410602 48.22589874
5.24987698 3.70112896 46.30482864
4.41350603 4.58625221 46.50538635
0.25514099 6.79695606 48.74711609
0.83128798 6.83232498 47.42887878
1.08711195 6.58661890 48.76992416
1.00264204 7.07722807 45.90584564
0.35034299 7.33427715 45.55471802
1.73121297 6.22855902 49.16939545
2.03891802 6.24288511 47.62667847
1.61699903 6.72059679 46.56137085
2.28785801 6.45458984 46.25420380
2.84317708 6.35358095 45.18369293
1.93532896 6.78956890 45.42109680
3.01676989 5.95875788 46.29507828
3.16701293 4.90962601 48.51045227
3.77899098 4.46248198 47.81859589
3.25153995 5.33195496 47.42147446
2.50222707 5.59653378 48.91287994
2.87868404 4.83728313 49.51824188
3.83902788 5.76882792 44.97773743
3.85747409 5.37032509 46.08802032
5.51595402 4.20855713 45.27894592
4.78433418 5.02141809 45.05487823
5.06480694 2.32812095 47.47117615
5.78838491 2.30987501 46.62860489
5.12435389 3.04409194 47.02053070
6.18203497 3.39005303 45.31766510
5.37047291 0.35378999 47.72312164
5.52813816 1.30461395 47.32070923
6.52375603 1.56920004 46.16681671
6.69903898 2.45834994 45.44627762
5.80534601 3.00981688 46.17418671
5.94569588 0.40543199 47.17654419
6.47285986 0.74425000 46.56117249
7.08018684 0.25291601 46.10102463
7.22773504 0.87620503 45.72610474
7.43864393 1.57706594 45.15155792
7.81565905 0.13974500 45.36721420
-2.63173389 -2.74300003 50.27252960
-1.49936795 -0.34389499 50.40918732
-6.51150417 5.96096277 44.50381851
0.68014997 -7.57404804 49.42244720
4.83213615 -5.71089602 47.58158112
2.94930696 3.28850508 50.24987793
0.00000000 1.48386300 51.17419815
0.00000000 1.20429206 51.24910736
0.50818998 1.53220904 51.16124344
0.56465602 1.25801003 51.23471451
0.99685103 1.67539203 51.12287521
1.10761201 1.41710305 51.19208527
1.44720304 1.90790796 51.06057358
1.60800397 1.67545402 51.12285995
1.84194005 2.22082210 50.97673035
2.04660010 2.02313590 51.02969742
2.16589189 2.60210800 50.87456512
2.40654707 2.44678712 50.91618347
2.40661097 3.03711605 50.75800323
2.67401195 2.93012905 50.78667068
2.55484509 3.50912595 50.63153076
2.83871603 3.45458388 50.64614487
2.60489702 4.00000000 50.50000000
2.89433002 4.00000000 50.50000000
2.83871603 4.54541588 50.35385513
2.55484509 4.49087381 50.36846924
2.67401195 5.06987190 50.21332932
2.40661097 4.96288395 50.24199677
2.40654802 5.55321217 50.08381653
2.16589308 5.39789104 50.12543488
2.04660106 5.97686386 49.97030258
1.84194100 5.77917814 50.02326965
1.60800397 6.32454586 49.87714005
1.44720304 6.09209204 49.93942642
1.10761201 6.58289814 49.80791473
0.99685103 6.32460785 49.87712479
0.56465602 6.74199009 49.76528549
0.50818998 6.46779108 49.83875656
0.00000000 6.79570818 49.75089264
0.00000000 6.51613712 49.82580185
-0.50818998 1.53220904 51.16124344
-0.56465602 1.25801003 51.23471451
-0.99685103 1.67539203 51.12287521
-1.10761201 1.41710305 51.19208527
-1.44720304 1.90790796 51.06057358
-1.60800397 1.67545402 51.12285995
-1.84194005 2.22082210 50.97673035
-2.04660010 2.02313590 51.02969742
-2.16589189 2.60210800 50.87456512
-2.40654707 2.44678712 50.91618347
-2.40661097 3.03711605 50.75800323
-2.67401195 2.93012905 50.78667068
-2.55484509 3.50912595 50.63153076
-2.83871603 3.45458388 50.64614487
-2.60489702 4.00000000 50.50000000
-2.89433002 4.00000000 50.50000000
-2.83871603 4.54541588 50.35385513
-2.55484509 4.49087381 50.36846924
-2.67401195 5.06987190 50.21332932
-2.40661097 4.96288395 50.24199677
-2.40654802 5.55321217 50.08381653
-2.16589308 5.39789104 50.12543488
-2.04660106 5.97686386 49.97030258
-1.84194100 5.77917814 50.02326965
-1.60800397 6.32454586 49.87714005
-1.44720304 6.09209204 49.93942642
-1.10761201 6.58289814 49.80791473
-0.99685103 6.32460785 49.87712479
-0.56465602 6.74199009 49.76528549
-0.50818998 6.46779108 49.83875656
0.57886600 4.96846199 50.24050140
0.00000000 5.11828279 50.20035553
0.00000000 4.69892693 50.31272125
0.51165003 4.49421597 50.36757660
1.00262499 4.55914211 50.35017776
0.72358298 4.00000000 50.50000000
1.15773201 4.00000000 50.50000000
1.00262499 3.44085789 50.64982224
0.51165003 3.50578403 50.63242340
0.57886600 3.03153801 50.75949860
0.00000000 3.30107307 50.68727875
0.00000000 2.88171697 50.79964447
0.00000000 2.32257509 50.94946289
0.66456699 2.45026207 50.91525269
1.22795999 2.81388092 50.81781769
1.60440695 3.35807705 50.67200089
1.73659801 4.00000000 50.50000000
1.60440695 4.64192295 50.32799911
1.22795999 5.18611908 50.18218231
0.66456699 5.54973888 50.08474731
0.00000000 5.67742491 50.05053711
0.00000000 6.09678078 49.93816757
0.83070898 5.93717289 49.98093414
1.53495097 5.48264790 50.10272598
2.00550890 4.80240393 50.28499603
2.17074800 4.00000000 50.50000000
2.00550890 3.19759607 50.71500397
1.53495002 2.51735210 50.89727402
0.83070898 2.06282711 51.01906586
0.00000000 1.90321898 51.06183243
-0.57886600 4.96846199 50.24050140
-0.51165003 4.49421597 50.36757660
-1.00262499 4.55914211 50.35017776
-0.72358298 4.00000000 50.50000000
-1.15773201 4.00000000 50.50000000
-1.00262499 3.44085789 50.64982224
-0.51165003 3.50578403 50.63242340
-0.57886600 3.03153801 50.75949860
-0.66456699 2.45026207 50.91525269
-1.22795999 2.81388092 50.81781769
-1.60440695 3.35807705 50.67200089
-1.73659801 4.00000000 50.50000000
-1.60440695 4.64192295 50.32799911
-1.22795999 5.18611908 50.18218231
-0.66456699 5.54973888 50.08474731
-0.83070898 5.93717289 49.98093414
-1.53495097 5.48264790 50.10272598
-2.00550890 4.80240393 50.28499603
-2.17074800 4.00000000 50.50000000
-2.00550890 3.19759607 50.71500397
-1.53495002 2.51735210 50.89727402
-0.83070898 2.06282711 51.01906586
0.00000000 3.72042894 50.57490921
0.28943300 4.00000000 50.50000000
0.00000000 4.00000000 50.50000000
-0.28943300 4.00000000 50.50000000
0.00000000 4.27957106 50.42509079
0.00000000 -6.95830488 50.50000000
-0.00000200 -7.61095619 50.50000000
0.49988401 -6.93274784 50.50000000
0.95789599 -7.45392513 50.50000000
0.98437202 -6.84255123 50.50000000
1.73755503 -7.10293293 50.50000000
1.51913702 -6.67446899 50.50000000
2.01829696 -6.42265987 50.50000000
2.39211702 -6.63687611 50.50000000
2.45092392 -6.05639601 50.50000000
2.80525088 -6.23410797 50.50000000
2.79179001 -5.71896887 50.50000000
3.21320510 -5.69464302 50.50000000
3.01775193 -5.36455917 50.50000000
3.47028899 -5.18120193 50.50000000
3.18573689 -5.02515793 50.50000000
3.57184911 -4.80017805 50.50000000
3.27013302 -4.65823698 50.50000000
3.61493611 -4.34319115 50.50000000
3.26870894 -4.37479305 50.50000000
3.26124907 -4.12673998 50.50000000
3.48112607 -3.92839599 50.50000000
3.22025704 -3.95435810 50.50000000
3.28822708 -3.62482500 50.50000000
3.12448096 -3.76941299 50.50000000
2.99232411 -3.58684111 50.50000000
2.97207093 -3.31531596 50.50000000
2.82253194 -3.44931102 50.50000000
2.58417892 -3.30219293 50.50000000
2.55100298 -3.03992009 50.50000000
2.25031400 -3.13970304 50.50000000
2.05455589 -2.81540704 50.50000000
1.85079801 -2.97983098 50.50000000
1.72398996 -2.71719003 50.50000000
1.52555096 -2.87808990 50.50000000
1.39342403 -2.61897206 50.50000000
1.23650599 -2.79502010 50.50000000
1.06289303 -2.56286907 50.50000000
0.77706599 -2.72589588 50.50000000
0.73236197 -2.50676489 50.50000000
0.31762701 -2.71296597 50.50000000
0.36618000 -2.48588705 50.50000000
-0.00000200 -2.46500897 50.50000000
0.00000000 -2.71784902 50.50000000
-0.49988401 -6.93274784 50.50000000
-0.95789599 -7.45392513 50.50000000
-0.98437202 -6.84255123 50.50000000
-1.73755503 -7.10293293 50.50000000
-1.51913702 -6.67446899 50.50000000
-2.01829696 -6.42265987 50.50000000
-2.39211702 -6.63687611 50.50000000
-2.45092392 -6.05639601 50.50000000
-2.80525088 -6.23410797 50.50000000
-2.79179001 -5.71896887 50.50000000
-3.21320510 -5.69464302 50.50000000
-3.01775193 -5.36455917 50.50000000
-3.47028899 -5.18120193 50.50000000
-3.18573689 -5.02515793 50.50000000
-3.57184911 -4.80017805 50.50000000
-3.27013302 -4.65823698 50.50000000
-3.61493611 -4.34319115 50.50000000
-3.26870894 -4.37479305 50.50000000
-3.26124907 -4.12673998 50.50000000
-3.48112607 -3.92839599 50.50000000
-3.22025704 -3.95435810 50.50000000
-3.28822708 -3.62482500 50.50000000
-3.12448096 -3.76941299 50.50000000
-2.99232411 -3.58684111 50.50000000
-2.97207093 -3.31531596 50.50000000
-2.82253194 -3.44931102 50.50000000
-2.58417892 -3.30219293 50.50000000
-2.55100298 -3.03992009 50.50000000
-2.25031400 -3.13970304 50.50000000
-2.05455589 -2.81540704 50.50000000
-1.85079801 -2.97983098 50.50000000
-1.72398996 -2.71719003 50.50000000
-1.52555096 -2.87808990 50.50000000
-1.39342403 -2.61897206 50.50000000
-1.23650599 -2.79502010 50.50000000
-1.06289303 -2.56286907 50.50000000
-0.77706599 -2.72589588 50.50000000
-0.73236197 -2.50676489 50.50000000
-0.31762701 -2.71296597 50.50000000
-0.36618000 -2.48588705 50.50000000
3.02915597 -3.96753502 50.50000000
3.06106305 -4.11556292 50.50000000
3.01142001 -4.34270191 50.50000000
2.89420104 -4.56114006 50.50000000
2.80458498 -3.99209809 50.50000000
2.91072392 -3.89559293 50.50000000
2.82684708 -3.71384311 50.50000000
2.57130504 -3.77538610 50.50000000
2.51210594 -4.21804285 50.50000000
2.70619798 -4.34240198 50.50000000
2.51358294 -4.69188690 50.50000000
2.23442292 -4.56310606 50.50000000
2.22912693 -5.03757381 50.50000000
2.23972011 -4.08863783 50.50000000
2.24501705 -3.61417103 50.50000000
1.84237099 -4.70964098 50.50000000
1.83956206 -5.28624296 50.50000000
1.84518003 -4.13303804 50.50000000
1.84798896 -3.55643392 50.50000000
1.43902397 -4.82082081 50.50000000
1.41018200 -5.46839809 50.50000000
1.46786702 -4.17324400 50.50000000
1.49670899 -3.52566695 50.50000000
1.02512598 -4.89515305 50.50000000
0.95466602 -5.59519720 50.50000000
1.09558594 -4.19510794 50.50000000
1.16604602 -3.49506402 50.50000000
0.51727200 -3.38905191 50.50000000
0.50512302 -4.14953995 50.50000000
0.49297500 -4.91002893 50.50000000
0.48082599 -5.67051792 50.50000000
0.00000000 -4.95090008 50.50000000
0.00000000 -5.69525003 50.50000000
0.00000000 -4.20655012 50.50000000
0.00000000 -3.46219993 50.50000000
2.91666102 -4.99723005 50.50000000
2.68604207 -4.96520376 50.50000000
2.71968699 -5.34413481 50.50000000
2.35562611 -5.67839718 50.50000000
2.29473805 -5.30208588 50.50000000
1.94548595 -6.01983786 50.50000000
1.87267399 -5.61701584 50.50000000
1.45595396 -5.84258413 50.50000000
1.48754501 -6.25852680 50.50000000
0.95311999 -6.39876080 50.50000000
0.92186898 -5.95497084 50.50000000
0.44811800 -6.46671581 50.50000000
0.39635101 -6.00068283 50.50000000
0.00000000 -6.01178885 50.50000000
0.00000000 -6.48504686 50.50000000
2.99937606 -3.79428005 50.50000000
-3.02915597 -3.96753502 50.50000000
-3.06106305 -4.11556292 50.50000000
-3.01142001 -4.34270191 50.50000000
-2.89420104 -4.56114006 50.50000000
-2.80458498 -3.99209809 50.50000000
-2.82684708 -3.71384311 50.50000000
-2.91072392 -3.89559293 50.50000000
-2.57130504 -3.77538610 50.50000000
-2.51210594 -4.21804285 50.50000000
-2.70619798 -4.34240198 50.50000000
-2.51358294 -4.69188690 50.50000000
-2.23442292 -4.56310606 50.50000000
-2.22912693 -5.03757381 50.50000000
-2.23972011 -4.08863783 50.50000000
-2.24501705 -3.61417103 50.50000000
-1.84237099 -4.70964098 50.50000000
-1.83956206 -5.28624296 50.50000000
-1.84518003 -4.13303804 50.50000000
-1.84798896 -3.55643392 50.50000000
-1.43902397 -4.82082081 50.50000000
-1.41018200 -5.46839809 50.50000000
-1.46786702 -4.17324400 50.50000000
-1.49670899 -3.52566695 50.50000000
-1.02512598 -4.89515305 50.50000000
-0.95466602 -5.59519720 50.50000000
-1.09558594 -4.19510794 50.50000000
-1.16604602 -3.49506402 50.50000000
-0.51727200 -3.38905191 50.50000000
-0.50512302 -4.14953995 50.50000000
-0.49297500 -4.91002893 50.50000000
-0.48082599 -5.67051792 50.50000000
-2.91666102 -4.99723005 50.50000000
-2.68604207 -4.96520376 50.50000000
-2.71968699 -5.34413481 50.50000000
-2.35562611 -5.67839718 50.50000000
-2.29473805 -5.30208588 50.50000000
-1.94548595 -6.01983786 50.50000000
-1.87267399 -5.61701584 50.50000000
-1.45595396 -5.84258413 50.50000000
-1.48754501 -6.25852680 50.50000000
-0.95311999 -6.39876080 50.50000000
-0.92186898 -5.95497084 50.50000000
-0.44811800 -6.46671581 50.50000000
-0.39635101 -6.00068283 50.50000000
-2.99937606 -3.79428005 50.50000000
2.92039299 -4.10927677 50.50047684
-2.92039299 -4.10927677 50.50047684
8.01378059 2.97235799 42.27057648
7.39108801 3.52150202 42.43093109
6.93555498 3.89572191 42.58260345
6.72165918 4.08415890 42.25705719
6.34625578 4.35117912 41.79740524
5.65865183 4.80492496 41.98037720
5.17152596 5.11390495 42.15526581
4.85816288 5.24974108 41.75112152
4.33561277 5.44783306 41.14799500
3.54899001 5.83951378 41.33346558
2.89507198 6.16242981 41.57146454
3.12859392 6.20583916 42.58633423
2.55749297 6.48639011 42.75318146
2.31198597 6.45064116 41.84212494
2.02381110 6.73399878 42.91471100
1.83024502 6.68669319 42.10873413
1.50759006 6.93239498 42.94604874
1.71290195 6.95495796 43.83716965
1.15129101 7.15074921 43.90486526
1.41836500 7.06789684 44.77612305
1.94848394 6.88299322 44.49274445
2.44604993 6.65169382 44.48991394
2.24024892 6.73508120 43.72522736
2.76843810 6.48532295 43.59667206
2.95702696 6.40963507 44.25659180
3.30301404 6.21613884 43.49155045
3.72998500 5.90580511 42.47864532
3.82058406 5.94886208 43.45230103
4.28403187 5.63647890 42.56350708
4.73030710 5.41365910 42.77852631
5.15608501 5.16116190 42.86812592
4.68497086 5.45859385 43.57700348
4.27738523 5.70561981 43.48423767
4.26265001 5.68463516 44.13810349
3.92287302 5.88842392 44.11567688
4.61906290 5.40780115 44.30772400
5.10662603 5.17622519 43.61883545
5.63507223 4.84202814 42.84608459
6.07779598 4.52271223 42.93760300
5.51426077 4.88217306 43.64526749
5.07234478 5.10740805 44.21986389
5.36755085 4.86597490 44.26845169
5.86661196 4.58501291 43.75210190
6.42837620 4.23630714 43.12641144
6.78988409 3.91204596 43.20425797
6.21989918 4.25662804 43.84956360
5.62905312 4.55406809 44.47844696
6.05196714 4.17358589 44.45298004
6.33276892 3.78881001 44.59849548
6.73687696 3.37693405 44.53018188
6.96452808 2.95458388 44.67697906
7.33820295 2.52370095 44.59015656
7.57973814 2.68743992 44.03591156
7.88859987 2.26441598 44.03416443
7.57796383 2.08868003 44.64546585
7.93646002 1.68152201 44.50273895
8.07639122 1.32968497 44.55715179
8.41219902 1.42030096 44.04680252
8.55369663 0.98641801 44.14659119
8.03874397 0.83240700 44.85105896
8.41202164 0.24723899 44.68521118
8.73402405 0.48391399 44.18986130
8.94136238 -0.06246800 44.17723083
9.31896973 0.11766400 43.60562897
9.10323906 0.62516302 43.61843109
9.64349556 0.25408199 43.06401062
9.90368271 -0.29768100 43.00319290
10.11215401 -0.88993502 42.98493958
9.52419281 -0.44622999 43.58932495
9.09898186 -0.63662499 44.18592834
9.68149376 -1.03127205 43.59503937
10.24063683 -1.48156297 43.01712799
10.27850914 -2.03779793 43.09447861
9.77387047 -1.60935903 43.62575531
9.22722054 -1.21589398 44.18589020
8.64251900 -0.89711601 44.76347351
8.50562096 -0.27604499 44.75962830
8.80024910 -1.42329895 44.68772507
9.28019047 -1.77954400 44.21272278
9.80699158 -2.17049098 43.66340637
10.24138260 -2.49067903 43.19006348
10.42983055 -2.98058796 42.96521759
9.86633301 -2.75066304 43.60971832
9.26909065 -2.38788295 44.24726868
8.71199417 -1.92740500 44.81340790
8.53789711 -2.64483595 44.95930481
8.24303627 -2.02869391 45.27601624
8.73341560 -3.57359695 44.67091751
9.32492256 -3.09054899 44.15314102
9.47049904 -3.81083608 43.91729736
9.99667835 -3.39355111 43.41815186
10.63015366 -3.61561298 42.66715622
10.81947708 -4.33656788 42.29558563
10.13741589 -4.10142994 43.14761353
9.56906414 -4.49529123 43.67694855
10.23216915 -4.92638493 42.82202911
11.03684330 -5.09990692 41.78644943
10.55919647 -5.70101595 42.14300919
10.09389973 -6.23243904 42.44325638
10.21625900 -6.88744593 41.87193298
9.57867432 -6.63923502 42.78131866
9.52298546 -6.08002520 43.15884399
9.84988213 -5.60736084 43.01464844
9.54975510 -5.08824396 43.52928925
8.97672844 -4.82316685 44.17643738
8.99721336 -4.21328878 44.31362534
8.42840004 -5.19988918 44.55300903
8.32152271 -5.92267895 44.35099411
9.09054089 -5.57720995 43.80219650
8.97978210 -6.31593513 43.57003403
9.00395203 -6.98039913 43.14844894
9.62450695 -7.28162384 42.26336670
9.02569389 -7.60369682 42.64460754
8.44962883 -7.31684399 43.44128799
8.50826645 -7.83449602 42.95476532
7.89210892 -7.69043303 43.61931229
8.23958206 -8.30167580 42.70246124
7.59980679 -8.25620461 43.31727600
7.78156805 -8.92086029 42.33175659
6.95418787 -8.52017403 43.55658340
6.95828819 -9.23353291 42.65837860
6.47298813 -8.94333267 43.46874237
6.34864187 -9.37040710 42.96803665
5.91704607 -9.04177475 43.71834183
5.74548721 -9.70888710 42.79124451
5.24195814 -9.14413357 43.99691010
4.93902922 -9.66364765 43.38156891
4.96741915 -10.35707474 42.02856445
4.23936987 -9.84028625 43.46523285
3.93688202 -10.44231415 42.46774673
4.19027615 -11.17045593 40.61399460
2.93772292 -10.75613689 42.25096130
3.10336089 -11.54212379 40.27123260
1.98406398 -11.46946812 40.83694077
0.91552001 -11.69196987 40.42925262
0.93888098 -10.92490768 42.31181335
1.92383301 -10.79549026 42.52810669
1.53661394 -10.47106457 43.32978439
2.21425605 -10.26515198 43.59125900
1.55299604 -10.00749874 44.22396469
2.08248091 -9.73448563 44.59423828
0.89052898 -9.80102253 44.62373352
0.23049800 -9.65500832 44.84209442
0.30118299 -10.25006676 43.73178864
1.04534805 -10.30053520 43.70030212
-0.07681500 -10.79340553 42.53733063
-0.12081700 -11.47425079 40.88451004
-1.00303495 -10.85775185 42.10820389
-1.15857804 -11.53040695 40.44508362
-2.06325102 -11.13264275 40.91884613
-1.82962406 -10.49075890 42.53652954
-1.25167000 -10.07596874 43.64437103
-0.49328199 -10.37424374 43.33793259
-0.42999700 -9.83603859 44.38190460
-1.08653796 -9.39036846 44.95616913
-1.85621905 -9.51008606 44.40615082
-2.04950690 -10.01111031 43.39498901
-2.75565410 -10.30091858 42.30464172
-2.53609705 -9.63192844 43.79602814
-2.41134310 -9.12464523 44.73368835
-3.01221609 -9.15781403 44.26437759
-3.11224508 -9.65397072 43.33572388
-3.68628097 -9.25978565 43.51637650
-3.46046901 -8.75273514 44.53031158
-4.01496410 -8.65364647 44.17790222
-4.30221987 -9.02896786 43.29223633
-4.32186890 -9.65578747 42.09483337
-4.87846184 -9.00522041 42.61624908
-4.58021784 -8.54691219 43.74430466
-4.31673193 -8.15249062 44.56376648
-4.84715986 -7.99265099 44.18893433
-5.09699297 -8.44103241 43.26153946
-5.63552809 -8.70346546 42.02904892
-5.51435709 -7.93872881 43.40966034
-5.15340614 -7.48491621 44.44771576
-5.70200014 -7.25743484 44.03213501
-5.87975788 -6.69539118 44.41299438
-6.30622482 -6.99558115 43.47171783
-6.05387783 -7.58597422 43.11875916
-6.64081001 -7.63008404 42.00933838
-6.07668304 -8.08837318 42.34234619
-6.49356222 -8.54225254 40.79863739
-7.11673498 -8.04223633 40.37772369
-7.45694399 -7.26314306 40.83094025
-6.91113186 -6.82540083 42.62850952
-6.60712624 -6.58709478 43.50234985
-6.87541389 -6.14564991 43.50530243
-6.31867695 -6.37210321 44.14775085
-6.45487881 -5.79825878 44.47727203
-6.93436193 -5.42595196 44.10972595
-7.04896593 -4.80911684 44.45248413
-7.50921583 -5.05721092 43.50117493
-7.33428288 -5.69915199 43.18240738
-7.78433800 -5.55104017 42.42950439
-7.53399086 -6.29103899 42.04241943
-8.28187370 -5.83120680 40.84243393
-8.21215630 -4.83660984 42.23937225
-8.76236725 -5.12411594 40.44605255
-8.95224857 -4.24515104 40.91795349
-9.37924480 -3.44918203 40.49726105
-8.79734230 -3.23992109 42.33892441
-8.45156670 -4.04120302 42.51536942
-8.15754890 -3.61619902 43.52632904
-8.07025146 -4.22940683 43.22554016
-7.78749609 -4.54566383 43.49501038
-7.68925714 -4.07767582 44.03806686
-7.65184689 -3.53499699 44.44436646
-7.41419220 -4.50352812 44.16088867
-7.99698305 -3.03653789 44.20360184
-7.92492294 -2.46200395 44.60664749
-8.44845772 -2.55060601 43.65895462
-8.36377716 -3.11650705 43.49256897
-8.98461342 -2.32397008 42.61831665
-9.50861168 -2.51519394 40.95737839
-9.31568718 -1.48038304 42.31962204
-9.87044334 -1.66312695 40.50613403
-9.90510178 -0.72733998 40.95862579
-9.41908264 -0.62213802 42.54505157
-8.98012543 -0.80944502 43.51757812
-8.92470932 -1.33710098 43.42608643
-8.56495571 -1.23826396 44.12714767
-8.50308037 -0.62439197 44.42016602
-8.20683289 -1.83745503 44.44044495
-8.75901604 -1.80005598 43.49274445
-8.79161072 -0.12435400 44.07637024
-9.19749260 -0.21406400 43.26969147
-9.10377121 0.35757601 43.56108856
-8.66540909 0.49142000 44.34592438
-8.90497017 1.01794195 43.92993164
-9.34823418 0.83210701 43.02921295
-9.24421978 1.56640601 43.18384552
-8.68879890 1.69542396 44.18877792
-8.86071396 2.24704409 43.79714203
-9.30840683 2.21132803 42.90818024
-9.04258728 2.79883599 43.24352646
-8.66077805 2.67504311 44.02547455
-8.56877136 3.13231707 43.96578979
-8.88824272 3.28963804 43.33066559
-8.63125896 3.76882005 43.46446991
-7.96917582 3.69745803 44.49982452
-8.11092567 4.38596678 43.92385101
-8.56345177 4.32700300 43.15203094
-8.23095036 4.82049513 43.26947021
-7.86296988 4.79088306 44.01747131
-7.75259304 5.08287477 43.87087250
-7.92285204 5.36245108 43.09873199
-8.45146275 5.09928608 42.09865189
-8.78137398 4.52664995 42.22380829
-8.99929047 4.75383186 40.80605316
-9.34776783 4.00292492 41.04711151
-8.93355846 4.02339315 42.52425003
-9.20672512 3.38987803 42.37017441
-9.78399467 3.17882895 40.65087128
-9.62417793 2.54474306 41.81693649
-9.63974380 1.84322500 42.14291763
-9.78620052 1.06481802 41.80387115
-10.09888077 1.78286898 40.62941742
-10.08823586 2.51661205 40.24291992
-8.57415390 5.35588503 40.72548676
-8.05090046 5.63249779 42.01281357
-8.08451939 5.87497187 40.70142365
-7.59454393 6.10171509 41.97460938
-7.54713678 5.84748316 43.01048279
-7.36816120 5.53587818 43.88709641
-7.08337688 6.01839685 43.67762756
-6.75116014 6.33144999 43.65833664
-7.14135599 6.26697206 42.95636749
-6.67368793 6.62051392 42.97564697
-7.09175587 6.50551701 41.97518158
-7.54290009 6.32157803 40.71296692
-6.96257687 6.70114803 40.74673462
-6.35922480 7.01863384 40.78849792
-5.75077200 7.27623892 40.82640076
-5.98632097 7.14990711 42.02023315
-5.42173576 7.39329481 42.03015518
-5.15380621 7.47429514 40.85500336
-4.87331486 7.57949877 42.02544785
-4.58092022 7.61396980 40.87666321
-4.35567713 7.70696306 42.01691437
-4.03582382 7.69924879 40.90475464
-3.86060691 7.78002405 42.07111359
-3.51175404 7.73817778 40.93742371
-3.36107802 7.81742001 42.11667633
-3.73657990 7.78770113 43.15630341
-4.18006086 7.74606895 42.82828522
-4.31535482 7.63488483 43.59424591
-4.61183977 7.64022398 42.91886139
-4.79895306 7.49272203 43.60984802
-5.10937214 7.46509409 42.97113037
-5.26556301 7.24063015 43.77580643
-5.63274097 7.23256588 42.99338531
-5.78748989 6.99511814 43.69361115
-6.16062403 6.94668579 42.99291229
-6.25549603 6.63339520 43.80007935
-3.87007499 7.61248112 44.19541168
-3.31923699 7.79637480 43.79912567
-3.34241796 7.64172077 44.57240677
-2.92822289 7.76805115 44.21305084
-2.77123499 7.84582710 43.26673126
-3.21314001 7.85248804 42.97037125
-2.86601090 7.82188606 42.15011978
-3.00206804 7.73823404 40.95975494
-2.50313091 7.70233679 40.96801758
-2.00702310 7.63284302 40.96174240
-1.50135696 7.53236008 40.93627548
-1.87289000 7.72259903 42.20059204
-2.37315798 7.78833199 42.17628479
-2.24761605 7.81886816 43.07958984
-2.42696309 7.78436422 43.99278641
-2.05298090 7.70582199 44.48493195
-1.78859699 7.75400782 43.42361832
-1.34693396 7.62556791 42.20701599
-0.97200501 7.40157890 40.88379669
-0.40493599 7.23694086 40.79666519
0.21909900 7.02837610 40.66033936
-0.17410301 7.34096479 42.16043091
-0.78368902 7.50117493 42.19148254
-1.18546104 7.66167402 43.19905090
-1.37020600 7.66220188 44.35544586
-0.63371098 7.56601000 43.50835419
-0.75324303 7.58142090 44.69015884
-0.16817500 7.50788403 44.31314850
0.22040001 7.42866182 44.84492874
0.50296301 7.32947588 43.80440521
0.01234100 7.41394186 43.24853516
0.54219002 7.13467693 42.18203735
1.00594199 7.09988499 42.95249176
1.33590806 6.79778290 41.67594910
0.90254700 6.75677586 40.37080383
0.77183199 7.27925682 44.84194565
-6.54965782 6.85280991 41.99833679
-10.26995277 0.99318898 40.20892334
-10.13256931 0.26510099 40.58769608
-9.58086586 0.13660701 42.32135010
-8.02127361 -6.65647507 40.38595963
-6.03195286 -9.22821617 40.40755844
-5.28395224 -9.60696697 40.87697601
-4.67487097 -10.23218346 40.46441269
-3.81286097 -10.48686218 40.92335892
-3.03847408 -10.99953270 40.51716232
-3.54568005 -9.88318443 42.49959564
2.66143703 -9.80352688 44.29964447
3.08964109 -9.44642830 44.70379639
3.34400105 -9.98551846 43.66490936
2.79122090 -10.21396446 43.50968170
3.74279499 -9.32065010 44.56071091
4.50465202 -9.19093132 44.34999847
4.85151386 -8.66731262 44.84046936
5.50797796 -8.53024673 44.59015656
6.20412397 -8.47596359 44.18618774
6.54165602 -7.93985081 44.45271301
7.15370083 -7.78559685 44.12425995
7.40808916 -7.21500397 44.38191223
7.92437410 -7.07349920 44.06952667
8.36522865 -6.67922688 43.93109131
5.56522512 -11.08271503 39.92478561
6.15261793 -10.41311646 41.11451721
6.65936089 -9.82205582 41.93718719
7.54433012 -9.68858910 41.36760330
8.45912647 -9.47374153 40.78759766
8.72178268 -8.80839729 41.56513977
8.94301033 -8.19593430 42.12936401
9.61631393 -7.92838383 41.66081238
10.26897621 -7.55684090 41.22529221
9.38949013 0.68797100 43.14728546
8.93852234 1.05183303 43.55420685
8.78115463 1.45042205 43.43035126
9.36937237 0.95790303 42.92230988
9.27141953 1.34782600 42.62203979
8.77518654 1.96132898 42.75548935
8.38579559 2.38500595 42.89257050
8.16412830 2.35487604 43.42662048
7.87135315 2.73872995 43.38606262
7.27772522 3.09095192 43.99011993
6.95170689 3.49124694 43.93319321
6.58798409 3.88717699 43.89819336
7.21497917 3.50923491 43.18597412
7.59236288 3.10114598 43.25094604
8.25919819 2.62620997 42.63570786
8.50844955 1.90083599 43.38925171
8.18262100 1.83353698 44.02158737
3.44295597 6.13802385 44.29257202
