-2.45223904 1.51767898 4.83469582
-3.01206589 2.33613205 5.88782883
-1.25718796 1.73491597 5.07562494
-3.62641001 3.03904104 8.17870998
-1.75287497 2.54523206 6.83703804
0.08048800 1.82156503 6.40142488
-4.16431904 3.51621890 11.25988197
-2.36137605 3.12548804 9.58439636
-4.57587004 3.82004690 14.77650642
-2.94808197 3.49279809 12.98569107
-1.20755696 3.02247190 11.74360561
-0.51156902 2.53544688 8.66673660
1.28190005 1.78144705 8.64731407
0.55982399 2.40945697 11.22306919
2.24839592 1.66016400 11.46765614
-4.85161304 4.09213877 18.36993027
-3.44232011 3.74902511 16.68526077
-4.97745800 4.44796896 21.79140472
-3.80855608 4.05596018 20.28747559
-2.46314812 3.63718295 19.05393028
-4.92563677 4.92247295 24.84515953
-3.99700999 4.50651121 23.58552170
-4.78294277 5.30722618 27.34118462
-4.07430601 5.01927900 26.49388123
-3.11766911 4.54471397 25.69738388
-2.85899806 4.03649902 22.52111816
-1.56875503 3.53346992 21.58348465
-1.99030495 3.97324109 24.90847206
-0.73259699 3.37792993 24.12519836
1.42224896 2.22885895 14.17317390
2.97126102 1.49154103 14.47119045
0.57702202 2.62250805 17.39031029
2.11279392 2.03698802 17.11329651
3.52526999 1.39643896 17.32028198
-0.17280599 2.99336910 20.77188110
1.28801203 2.45457292 20.15990829
0.61826098 2.78327799 23.37507820
2.00248909 2.20078802 22.74606895
2.70971489 1.88651204 19.85564041
3.97029400 1.26546204 19.96776199
3.31100297 1.56409895 22.42168427
4.31184292 0.97723901 22.17523766
-0.98648399 3.17691398 18.06816292
-0.23630001 2.84065104 14.48013783
-1.88557899 3.34332299 15.35240936
-5.06402588 5.82603979 29.21173859
-4.17119122 5.55202913 29.19504929
-5.35967398 6.39958000 31.60771561
-4.34906101 6.15127993 31.70536613
-3.40198302 5.69776201 31.52835846
-5.64263487 6.92115784 34.17341614
-4.56585407 6.75893593 34.29972839
-5.90969181 6.92797184 36.53699493
-4.85417986 6.95474100 36.66670990
-3.82514095 6.73646593 36.69486618
-3.56357598 6.35979700 34.24258423
-2.58570790 5.75887394 33.99105072
-2.80399299 6.30586481 36.58850861
-1.75183702 5.69718409 36.32134247
-5.19937706 7.08090019 38.15506744
-5.67811584 7.04096317 38.31732941
-6.21436024 6.89614105 38.02944183
-6.25328016 6.84566212 39.26745987
-5.77638721 7.01473904 39.31703949
-5.29326200 7.11714697 39.36682892
-4.80642080 7.15580797 39.41575623
-1.00058305 5.58218002 37.80331039
-1.54784703 5.96706390 38.21717453
-2.11954308 6.23677397 38.09923553
-2.27326608 6.53501701 39.47453690
-1.72324598 6.27213812 39.41272354
-1.14676094 5.96478605 39.30545425
-0.54287499 5.61213923 39.13269806
-3.16772199 6.72015190 38.22544098
-2.62961793 6.53253508 38.40940857
-4.18502808 7.01181221 38.23224640
-4.66809416 7.09870481 38.42093658
-3.65720391 6.91840315 38.46349335
-4.31429720 7.13435507 39.45930481
-3.81781793 7.05830622 39.49154663
-3.31472611 6.93041992 39.50758362
-2.80168891 6.75540018 39.50447464
1.11541998 4.77710676 39.42645264
0.99346399 5.17663908 40.75501251
1.52005100 4.80758190 40.39943695
2.22910094 3.94796801 38.62576675
2.68303800 3.17654490 36.64318848
1.34121704 4.15265179 37.46630478
3.01226211 2.27698398 33.77620697
1.67091405 3.18199897 34.61163330
0.47896600 4.09800291 35.09927368
0.25511500 4.75199699 37.31585693
-0.63522899 4.94444418 35.86071014
-0.37236801 5.23174095 37.82478714
0.07370500 5.21972179 38.88226318
0.66126800 4.83049488 38.62899017
1.65469301 4.42709398 39.22359467
3.36797500 1.64014006 30.62485504
2.01400399 2.48854589 31.50731277
3.69402599 1.25308895 27.44180489
2.35459709 2.02772093 28.33215332
1.05012405 2.80262494 29.14783478
4.02240276 1.09136903 24.48298073
2.78009796 1.80560303 25.22466660
1.43862402 2.45566297 25.98319244
0.10464600 3.10129690 26.75270081
-1.57107496 5.01431417 33.56408310
-1.37467003 4.32176304 30.56389236
-2.43083811 5.06091404 31.12227631
-1.14712799 3.76256704 27.49267006
-2.28264308 4.45406389 28.17474174
-3.28536010 5.09773684 28.76804352
-0.21126901 3.56129909 29.89658356
-0.47370300 4.19623423 32.98678589
0.72481298 3.34823895 32.29268646
-1.12238002 0.67794001 4.76373482
0.42641699 0.85315698 5.27035522
0.45168900 -0.38262600 5.65430212
1.79619205 0.93425202 6.98008299
2.91234207 0.91687500 9.49803734
3.31399107 -0.01644800 8.51292229
2.02659106 -0.15680100 6.56885481
1.98521698 -1.44335604 7.55944395
3.43784809 -1.13404095 8.72979164
3.33679891 -2.37938595 10.06863022
3.73243904 0.79862797 12.45594120
4.32147789 0.73125398 15.34135056
4.96052980 -0.02945100 13.92199707
4.75203323 0.66387701 18.12919617
5.06708002 0.55598402 20.81172180
5.82990408 -0.24490300 19.51533890
5.44150400 -0.09057100 16.69952202
5.93815422 -0.91820300 15.76308823
6.40851593 -1.10388601 18.55239868
6.77196121 -1.97463298 17.93480873
4.58728886 -2.02041101 11.31862354
4.41331100 -3.22607899 12.78407097
5.49004698 -1.88011706 13.24133968
5.43489218 -2.92025709 13.96576118
5.28876495 -4.00282812 15.28182411
6.17908716 -1.85227501 15.44216728
6.20989799 -2.80929494 15.65093994
6.88166714 -2.89294600 17.79241753
6.81722212 -3.79369211 18.04538727
6.15141582 -3.78157806 16.41857147
5.99787998 -4.77954817 17.59613037
6.65276909 -4.68569899 18.66669273
6.45630121 -5.50405312 19.52566910
5.35933924 -0.89399600 13.18560886
4.56257820 -0.94099098 10.73372078
4.28936100 0.02022700 11.10959530
5.10598278 0.29372200 23.53356743
4.95425701 0.39620900 26.47640610
6.06395006 -0.53413600 25.41598511
4.71429920 0.76021802 29.66955948
4.40427303 1.36388803 32.86036682
5.76135683 0.41279000 31.90517235
5.98851109 -0.21861200 28.64015961
7.04142284 -1.16917098 27.64608955
6.96914721 -0.55545503 30.95989990
8.01242065 -1.62467504 30.09099197
3.98491502 2.20811892 35.64613342
3.62612891 2.94654393 37.81566620
2.92274690 3.51182389 38.45943451
4.77866697 2.25259709 37.72939301
2.07923198 4.41341591 40.07172394
2.70635200 3.97582793 39.74935913
5.63623714 1.94493604 38.68990707
4.98878813 2.52167010 39.31637192
4.42609406 2.94004893 39.58352280
4.20041323 3.38382292 40.77912903
4.73909378 2.95695496 40.43532181
5.32568312 2.47617793 40.04041290
5.89676094 1.99519897 39.66535950
4.00682402 3.02220798 38.94893646
3.37414789 3.49133801 39.34857178
7.87906981 -0.76564598 33.26919174
8.76009464 -1.87090397 32.59144592
7.51534700 0.19112200 36.12421799
8.54192543 -0.86777198 35.44167328
9.29403496 -1.99183595 34.96394730
6.64375687 1.20741200 38.58152771
7.80247211 0.09897500 37.73509979
7.21869993 0.85874200 39.45309448
6.66704798 1.45046604 39.98027802
7.93201780 0.09239700 39.43403244
8.90430260 -0.91142702 37.35713196
9.42724323 -2.00425696 37.03284454
8.70357895 -1.01049495 38.87843323
9.28894997 -1.98575199 38.75025940
6.18985224 1.88819396 40.21264267
6.12249708 1.18171704 36.71007538
6.72715807 0.25285000 34.09299088
5.39988518 1.22864497 34.99696732
9.55330753 -3.06671596 36.93877411
9.56169891 -4.14431381 34.68769455
9.63045502 -3.10547996 34.70827866
9.33965874 -5.11133099 32.07307816
9.47701836 -4.11373377 31.96484184
8.90222740 -5.79837704 29.22752380
9.15960503 -4.96431398 28.96394730
9.10147095 -3.91580510 29.02430725
9.48461819 -3.11284399 32.15528488
8.75098419 -2.81935096 29.41081619
8.37309933 -6.21990919 26.25512695
8.58097553 -5.29712486 25.93177795
7.68213606 -6.12485981 23.49435425
7.93694878 -5.21964788 23.06132126
8.03345394 -4.29397297 22.91550827
7.01123190 -5.80157804 21.14638138
7.28328800 -4.92617416 20.56795883
7.43331480 -4.02701187 20.24319839
7.43162298 -3.11338997 20.24907112
7.85829115 -2.23219204 26.80012894
7.59431410 -2.36861300 23.58491135
6.94399595 -1.43894100 24.41047668
7.21859884 -2.19162607 20.60846901
6.72905111 -1.30530202 21.37049675
6.01797199 -0.43981099 22.35359192
7.94046021 -3.34046698 23.08300400
8.40332031 -3.30219603 26.17014313
8.60760403 -4.32530403 25.89708328
-2.87666893 0.61881602 5.33329916
-1.38672495 -0.58613098 5.83836317
-3.40573907 -0.67771101 7.00216198
0.21196599 -1.77195597 7.35255384
1.74597394 -2.82300806 9.62841225
-0.16686501 -3.23096395 10.04397964
-1.80197597 -2.02795100 8.07519531
-3.87859702 -2.16363096 9.72338390
-2.23028803 -3.50474596 11.20780659
-4.24845982 -3.62117410 13.08487415
3.05837011 -3.74005198 12.34133339
4.18880606 -4.51594400 14.87874413
2.71613193 -5.14594221 15.08967400
5.16416121 -5.22595882 17.28102684
5.87531900 -5.96816778 19.54316902
4.91892719 -6.59924603 19.89953041
3.96283293 -5.92801809 17.56581688
2.34720111 -6.63176012 18.25611496
3.54505301 -7.37481213 20.63673401
1.77301705 -8.08640671 21.59025002
-2.64326096 -4.91725492 14.81589317
-4.59352112 -4.95693302 16.62543678
-1.06608796 -6.16023111 16.97765732
-3.09883404 -6.29735613 18.33570862
-4.99736404 -6.19415712 19.96149445
0.41232601 -7.17002392 19.20642853
-1.64815998 -7.47103024 20.31942940
-0.25864199 -8.55510521 22.60355186
-2.34756804 -8.66441441 23.57997131
-3.65428305 -7.44927788 21.53403664
-5.40384388 -7.18498516 22.89316559
-4.26821518 -8.38563347 24.47843742
-5.67837095 -7.92918015 25.24087524
0.90508401 -5.69731998 15.78275299
-0.61126500 -4.68552303 13.44166374
1.34886396 -4.26719713 12.57644558
6.54378510 -6.58722401 21.73539734
7.25413990 -6.99220705 24.11515808
6.47524691 -7.69399977 24.96355057
7.89482021 -6.96695709 26.90110779
8.51196480 -6.66743898 29.71311951
7.87572908 -7.46677017 30.42226219
7.22285080 -7.76842499 27.64953613
6.22363710 -8.50997925 28.54354477
6.97037220 -8.23637009 31.32028198
5.57118607 -8.65647697 32.14757538
8.97452736 -6.01127005 32.45716095
9.26892471 -5.11132193 34.96814728
8.54516602 -5.90116215 35.33938217
9.13961220 -4.05171919 36.95261002
8.97368622 -3.06614208 38.81833267
8.77024746 -3.97686791 38.68351746
8.63872242 -4.93979216 37.58779144
8.16655636 -5.80275822 37.52656174
8.30462456 -4.87287617 39.31752777
8.52598763 -4.42312002 39.14376450
8.22992325 -5.33754921 38.65223694
7.92408800 -5.74176502 38.96059036
6.18246698 -8.06230164 35.05381775
5.01112509 -8.64526939 35.06411743
5.77611923 -7.96888113 37.61133957
6.35564184 -7.67459822 37.23634338
5.34779406 -8.32368469 36.68064880
4.61760378 -8.58531380 37.15331650
6.93392515 -7.36765480 36.41188049
7.16161203 -6.96047401 37.72458649
6.67270899 -7.28300524 38.18666840
7.41170216 -6.54701805 38.45279694
7.56203985 -6.10728312 39.37926865
7.15654278 -6.42797995 39.84675598
6.10932398 -7.56878901 38.76387405
5.48923588 -7.81684923 39.36549377
7.74105597 -6.64795399 36.33299255
7.78411579 -6.18326092 38.15774536
7.36325598 -7.45113707 33.78582764
8.40812302 -6.85936117 33.10446548
-0.20906501 -9.45484257 37.01489258
-1.24461496 -9.59250546 35.20984650
0.54957002 -9.73706436 34.79127502
1.53649199 -9.44721222 36.61091614
2.36345291 -9.57936192 34.17841339
0.67329800 -9.45852089 37.13180923
3.29136610 -9.16529274 35.98254776
4.08921385 -9.16884041 33.33203888
4.16769505 -8.90762997 35.87078094
2.42524600 -9.30878735 36.64393616
3.76264191 -8.81830978 37.67960358
2.88041210 -9.02551842 38.02164078
2.01711893 -9.17063332 38.27560043
1.16098404 -9.24757195 38.47304916
-2.56409001 -9.91230583 32.41461182
-0.64193898 -10.25143719 31.96549225
-3.80150390 -9.54094315 29.68710136
-1.89899099 -10.02617264 29.23524857
0.15935899 -10.11575985 28.55203247
-4.96287107 -8.89048100 27.19330978
-3.15714312 -9.49828339 26.70467758
-1.08522403 -9.70425797 25.97902679
1.03890896 -9.46452332 25.07790375
4.90213108 -9.23159599 29.50687218
3.97511101 -9.20176125 26.72758102
5.41006279 -8.45597553 25.79778671
2.99088812 -8.86390686 24.07209396
4.58574915 -8.06763840 23.09743118
5.75735092 -7.31562519 22.32565498
2.18357897 -9.80995369 27.68664169
3.25743699 -9.84877396 30.46057892
1.35815895 -10.22321796 31.30361748
-4.03284121 1.72563398 5.89459085
-4.79150677 0.64837700 6.99011421
-5.85614109 1.77971601 8.12136745
-5.40776396 -0.72784901 9.14242744
-5.81632423 -2.21898603 12.10929680
-7.19610786 -0.81007898 11.98763466
-6.63602686 0.57747000 9.63988113
-7.55404902 1.67451799 11.05744171
-8.25081635 0.43403101 12.76741886
-9.01486206 1.50181794 14.24899578
-6.09255219 -3.64193702 15.51630783
-6.36341095 -4.92011499 18.87942314
-7.74275589 -3.62066507 18.21631050
-6.63210392 -5.96711779 21.88005257
-6.74813700 -6.93294287 24.66394234
-7.92546797 -5.73327494 24.10475922
-7.88467693 -4.70873213 21.20032501
-9.14482689 -3.42660308 20.79767227
-9.09890747 -4.48200321 23.68843269
-10.26652241 -3.19054794 23.44221687
-9.61376953 0.30238199 15.96815872
-10.24023819 1.37482405 17.34560585
-10.00422478 -0.90889198 18.15512848
-10.76732826 0.28029999 18.95550156
-11.25448990 1.35930002 20.19635582
-10.24807167 -2.09964800 20.73087120
-11.14133930 -0.83468699 21.03706741
-11.24215031 -1.86041605 23.40186691
-11.98343182 -0.57948798 23.66275024
-11.79423714 0.38110900 21.71516037
-12.08818245 1.41513205 22.82684326
-12.53448105 0.65869099 24.26188278
-12.71149635 1.61069798 24.84746552
-8.97081566 -2.19594407 17.85189056
-8.71591282 -0.89685100 15.10912991
-7.51227999 -2.24229908 14.95175076
-6.45056915 -7.93017578 27.24701309
-5.44560194 -8.72207928 29.86507416
-6.83436680 -7.67054701 29.78219032
-4.28039122 -9.25132847 32.64190674
-2.92128897 -9.15263367 35.45823669
-4.41664696 -8.46178055 35.55496216
-5.75053215 -8.34643745 32.66825104
-7.00158215 -7.28199100 32.55918121
-5.71339798 -7.57636213 35.54000854
-6.83224106 -6.54429007 35.47157288
-1.87730896 -9.17551327 37.26615906
-1.03458405 -9.32263184 37.43758392
0.31576100 -9.25501633 38.62002182
-0.51351899 -9.19194031 38.73117828
-1.31614399 -9.05926704 38.82115936
-2.08991694 -8.86021996 38.89233398
-6.90264702 -5.91981792 37.32182312
-6.36636114 -6.45349503 37.60623932
-5.90442324 -6.97399807 37.36419678
-5.32875013 -7.09797382 38.89313507
-5.84215498 -6.62308598 38.87575531
-6.31758118 -6.11185789 38.86957550
-6.76309586 -5.56623602 38.86510468
-4.74661589 -7.88923788 37.40389252
-5.30083418 -7.43475294 37.65032578
-3.40337491 -8.63782692 37.38835144
-2.63009000 -8.91076374 37.61530304
-4.05955982 -8.26614094 37.67192078
-2.82712007 -8.60351467 38.93127441
-3.52179503 -8.29449272 38.94096375
-4.16939306 -7.93708181 38.93531418
-4.77214813 -7.53596210 38.91799927
-9.15115833 -2.05762911 37.31042480
-9.99560261 -1.34690797 35.35789871
-9.41371346 -2.77912211 35.34438324
-8.52664948 -3.45189810 37.29907990
-8.67225075 -4.13533115 35.35627747
-8.78180408 -2.76509404 37.58177948
-7.77355099 -4.74305820 37.29697037
-7.81010103 -5.39326286 35.40073013
-7.29099894 -5.34081697 37.57474136
-8.09572411 -4.10953188 37.56917572
-7.17799711 -4.99053717 38.86510849
-7.56175280 -4.38379478 38.87745285
-7.91592979 -3.74643707 38.89534760
-8.24223995 -3.07789493 38.91146469
-11.30457687 -0.62201101 32.25873184
-10.75045300 -2.09845591 32.20092773
-12.20285988 0.26489699 29.30860138
-11.78631973 -1.14538395 29.17812157
-11.07053947 -2.56221008 29.13842392
-12.82106781 1.06650698 26.63890076
-12.51423740 -0.19343600 26.39656830
-11.92873287 -1.52967501 26.21954727
-11.04524994 -2.91486192 26.19869041
-8.09162903 -6.11549377 32.40591431
-9.12823868 -5.25195980 29.34238625
-8.03629684 -6.49649811 29.56157684
-9.95088959 -4.25777292 26.32638741
-8.84358025 -5.53484201 26.58689499
-7.68274117 -6.76974106 26.93941689
-10.14788437 -3.93980598 29.19584274
-9.07647038 -4.86245108 32.27943802
-9.97768593 -3.52120805 32.20896912
-4.84319592 2.62595510 7.62298679
-6.60706615 2.67045403 10.16878605
-8.16366196 2.55198693 13.18694782
-7.06792784 3.31123090 12.91705227
-5.43601513 3.28311992 10.25960922
-5.82377291 3.71452093 13.48381615
-9.47492218 2.39046693 16.32527924
-10.56277275 2.30525494 19.25178146
-9.62418842 3.14024997 18.84459686
-11.43982887 2.30126810 21.96329689
-12.18237400 2.28506899 24.54551315
-11.42221355 3.13382506 24.35580063
-10.58249187 3.13244605 21.61924171
-9.50158787 3.84596896 21.65447617
-10.39501667 3.92173100 24.43680191
-9.11495781 4.61616707 24.64439201
-6.02428579 4.02744389 16.99159813
-7.26606894 4.18541479 19.46542168
-6.07110786 4.38156700 20.44500732
-8.30737400 4.37842417 22.04575348
-7.08236790 4.69239187 22.71482086
-7.88077688 5.07002592 25.14355469
-6.68172789 5.30930424 25.78409386
-5.92564011 4.83280516 23.64167213
-5.60793209 5.38321114 26.51600838
-8.49105644 3.78215003 18.91870499
-7.26884604 3.76465106 16.12622452
-8.46126175 3.21789408 15.90117455
-12.69673824 2.19228792 26.74730682
-12.23687458 1.61797798 29.47291183
-11.86327553 2.86174107 29.63489151
-11.54837036 0.86194801 32.37422180
-10.35949326 0.11470200 35.38788605
-10.44456577 1.54462898 35.45739746
-11.44393539 2.29439306 32.52184296
-10.98698997 3.61628199 32.70259094
-10.21797562 2.90536404 35.59308624
-9.70143127 4.15669107 35.75691605
-9.60945415 -0.59634799 37.31201172
-9.32563019 -1.32997596 37.59069824
-8.53784275 -2.38061404 38.92289734
-8.79971504 -1.66114700 38.92601395
-9.01996231 -0.92710501 38.92118073
-9.19673729 -0.17474900 38.90365601
-8.88386345 4.75157499 37.62818909
-9.12691116 4.18404198 37.84545135
-9.45454788 3.55157900 37.52983475
-9.10104847 3.20700097 39.02158356
-8.87544155 3.87577391 39.08885574
-8.62770271 4.49294710 39.07102966
-8.33128166 5.04177904 39.06639862
-9.80598640 2.22839308 37.35913086
-9.59353638 2.89747000 37.70297623
-9.85494804 0.85108900 37.28372192
-9.68778229 0.14169200 37.56256485
-9.79525185 1.55021000 37.56583786
-9.34959412 0.54564297 38.78992462
-9.40269661 1.22561705 38.77972794
-9.38437653 1.89475405 38.80585098
-9.29446793 2.54526305 38.86426926
-6.97869778 6.63153219 36.34522247
-7.20665789 6.44163609 37.88065338
-8.01499939 6.05994987 36.13024902
-6.67925787 6.71867800 38.18378448
-8.11972046 5.72255087 37.73592377
-8.94754601 5.22612095 35.92858505
-8.46846962 5.27916288 37.92118835
-7.63181877 6.12790918 38.04061127
-7.98477888 5.52686882 39.08396912
-7.59653997 5.95041895 39.11774445
-7.17167377 6.31190777 39.16444397
-6.72158098 6.61108780 39.21534729
-6.80120182 6.81038618 33.91376495
-6.48259115 6.41762495 31.30241013
-7.69532013 6.16973495 30.89932251
-6.10146904 5.92757082 28.82698441
-7.27858782 5.79377508 28.31883621
-8.52953053 5.42370796 27.80576515
-10.20014477 4.77352381 32.94333649
-10.11182785 4.91691923 30.11680984
-11.11827183 3.97086811 29.83675385
-9.77503395 4.83411980 27.37223434
-10.91991615 4.06310987 27.06930351
-11.85693836 3.15058589 26.91899681
-8.93481922 5.66096497 30.48351669
-9.16834354 5.71694899 33.24656677
-8.00156403 6.40557909 33.58520126
5.62658596 2.41320300 40.71798706
5.87508202 2.32055902 41.26888275
7.45111084 0.73698598 40.80758286
6.99766493 1.26562703 41.23085403
7.11189413 1.12795198 41.71934509
6.85024118 1.37156701 40.62637711
8.06268120 -0.42372799 41.48466873
7.79458189 0.06105500 41.76254654
7.77538204 -0.09365600 42.19954681
8.14566803 -0.27542701 40.27066803
7.78005791 0.29747701 40.64160919
7.80114889 0.19166100 41.22128296
7.30914021 0.87717402 40.31709290
8.33534241 -1.28578901 41.28093338
8.19920254 -0.81027001 41.44425964
8.07834721 -0.90180898 41.98996353
8.45089912 -1.00670302 40.44020844
8.07388306 -0.27847001 41.03071976
8.35957432 -2.07559299 41.46720123
8.35425377 -1.68169200 41.43727112
8.17125702 -1.71733403 42.04772949
8.62928963 -2.05238008 40.43390656
8.25760269 -2.47365999 41.71382904
8.47075844 -2.47510695 41.01984406
8.62118053 -2.88951993 40.28824997
8.45191765 -3.40345907 40.58267975
8.69102669 -3.45046997 39.65794754
8.28194618 -4.38629389 40.16776276
7.99850416 -5.28686380 39.74923706
8.01896191 -4.82820702 40.46553802
8.51502228 -3.92212009 39.87114716
8.36313057 -2.91101694 41.19537735
8.13191795 -2.09395099 42.16376495
8.15271187 -1.31923997 41.98592758
7.95259380 -0.48956001 42.06224823
7.46385193 0.67920601 41.47218323
6.35087109 1.87189698 40.96755981
5.06347084 -8.21345901 38.36569977
6.93742418 -6.85915899 39.09047699
3.81568098 3.45074105 40.15207672
0.53421801 5.21343994 39.92340851
-7.15363121 0.08701300 43.96781158
-6.90955305 -0.83098000 44.14372253
-6.50870991 -0.11092000 44.95352936
-6.11421204 -1.08315897 45.32875061
-5.83717394 -0.11166800 45.95025635
-6.59725904 -1.67789304 44.35409164
-6.08366394 -2.00317311 45.05757904
-5.28215981 -0.89075899 46.61562347
-6.42362499 -2.51504111 44.20899963
-5.73001099 -2.77665710 45.23213577
-5.50031519 -1.94317698 45.99817657
-6.09155512 -3.47146702 44.09559631
-5.29879379 -3.68921804 45.35820007
-4.92605209 -3.00787711 46.48430634
-4.80442715 -1.87978601 47.09795380
-4.71240997 -0.17129000 47.49693680
-4.63969278 -1.06917298 47.50369263
-5.52827501 -4.38405704 44.26260376
-4.70495605 -4.59174395 45.63386536
-4.76461697 -3.86753201 46.25892639
-4.09987116 -4.16062021 47.45666504
-4.22664118 -2.71057105 47.81118774
-4.19692183 -1.64550495 48.03544617
-4.99596500 -5.23037195 44.23521423
-4.53436089 -5.92481184 44.04378510
-4.23152018 -5.58449697 45.20777512
-3.77791810 -6.45738411 44.47006607
-3.37371898 -6.07469702 46.22526550
-3.97100592 -5.17968893 46.46019363
-3.41947508 -5.45596313 47.65939331
-3.46402693 -5.00156403 48.84968948
-2.71813703 -6.30907822 47.69516754
-2.86790395 -5.98201418 49.16788483
-3.22121501 -5.46694517 49.90216827
-3.14615989 -7.07568979 44.18697739
-2.87962699 -6.82014799 45.35064697
-2.59057808 -6.66467524 46.56361389
-2.40064907 -7.40342903 44.49657440
-1.96932304 -7.18890619 45.99102783
-1.99791801 -6.89236784 47.44420624
-2.04364395 -6.75259113 49.01260376
-1.36843503 -7.24804401 47.04800415
-1.28644395 -7.15200901 48.24922943
-1.03850698 -7.53019810 46.07479095
-1.49554205 -7.69923019 44.78331375
-0.73693001 -7.81932211 45.14193726
-0.54414701 -7.43791389 47.38191986
-0.46172401 -7.37903023 49.05924988
-1.29786301 -7.17055416 49.47033691
-0.11227300 -7.72886801 45.95355225
-0.18174601 -8.03195286 44.63542938
0.18854500 -7.43210077 48.07990265
-3.71484900 -3.36856008 48.80517578
-3.57671404 -2.18723798 48.87800598
-4.15532684 -0.75569600 48.16340256
-3.65832400 -4.22647285 48.97739410
-3.73198295 -1.26430595 48.64957428
-3.56208801 -0.50463700 48.84077454
-3.50082302 -4.70218515 49.87297440
-3.49647808 -3.88933992 49.85313416
-3.20608497 -3.02635598 49.78542328
-3.13523102 -1.22660697 49.25671387
-2.78880811 -2.06202102 49.71692657
-2.24543190 -1.05839396 49.90794373
-1.96135998 -2.13854098 50.22651672
-1.29988301 -1.35472095 50.29779053
-1.01803899 -2.22866702 50.43651581
-0.55348301 -1.56673706 50.42630005
-0.06561400 -2.10662699 50.46982956
-0.57072997 -0.79259300 50.45448303
-6.75804996 0.60600001 44.65025330
-6.20498323 0.66655803 45.47057343
-5.54925680 0.71646303 46.40297699
-5.29104280 0.02762400 46.74697113
-7.24655485 1.01600397 43.85642242
-6.61259794 1.36136305 44.81949234
-5.88823223 1.52263105 45.84802628
-6.33329391 2.16528702 45.07284546
-7.16884804 2.16453600 43.80135345
-6.36534595 3.13348889 44.68025970
-5.01706982 0.58915699 47.13536835
-5.57120085 2.60781002 46.03846741
-4.98578501 1.58747005 47.09422302
-6.67278194 4.20523882 43.65145111
-5.93705893 3.97223210 44.88677216
-5.63346815 3.50633407 45.59672546
-5.74171591 4.69419718 44.60177612
-4.49245310 0.77322698 47.81116867
-4.69512510 2.77242494 47.27079773
-4.31422710 2.17702293 47.96506500
-5.02086020 3.50765395 46.49140930
-4.32879877 3.67811108 47.46385193
-4.61975908 4.16540003 46.68778992
-5.22074318 4.25027800 45.72138977
-5.06855917 4.94722795 45.30274582
-4.03896523 0.12039600 48.34477234
-3.86787796 0.99526697 48.58835220
-4.27596903 1.50322795 48.08129883
-3.89626789 3.03189206 48.42898560
-4.46030378 4.85641098 46.25716019
-3.39456105 0.37836000 49.06273651
-3.67699003 1.96539402 48.85110474
-3.66812205 4.06378698 48.39984131
-2.87663198 -0.28216499 49.48336792
-2.70123005 0.71689802 49.75948334
-3.28362203 1.21765006 49.28228760
-3.24025512 3.74119091 49.51880646
-3.30724001 2.78674793 49.42070007
-3.10555696 4.58202887 49.31096649
-4.02825880 4.47138786 47.37150574
-3.38051200 4.83492422 48.21374893
-2.75072503 2.02378297 50.09261322
-2.95243812 3.15725803 50.16461563
-2.81838489 5.21233177 49.12014389
-2.19320202 -0.00119800 50.01429749
-1.68514895 0.95985502 50.57252502
-0.65224099 0.18114300 50.63272095
-0.65161002 0.94344401 50.96456528
-5.30028820 5.40597916 44.43428802
-4.68195200 5.95975494 44.36358643
-5.48919582 5.99162006 43.39248657
-4.58013391 5.43985987 45.32938385
-3.67545390 5.16072416 47.07566833
-3.98064494 5.45004702 46.11247253
-3.95131707 5.90164185 45.30811310
-3.94580889 6.40450621 44.18890381
-4.79426003 6.47687387 43.30517578
-2.96448493 5.46572924 47.91322327
-3.20995593 5.80225086 46.45166016
-3.02613497 6.60286617 44.17828751
-3.28391409 6.22627783 45.21269989
-2.31731105 5.98146820 47.58526611
-2.27487707 6.30883408 45.78434372
-2.36924410 5.73808479 48.93933487
-2.24804401 6.56686497 44.42509079
-1.65604401 6.20453405 48.91754150
-1.42142296 6.29496622 47.41115570
-0.71999902 6.49478388 48.78714752
-0.45056701 6.34133101 47.28579712
-1.10984194 6.35915804 46.01728058
-1.57783401 6.47397518 44.79175568
-0.19985700 6.25125504 45.90131378
-0.74032497 6.36563110 44.79895782
0.27082700 -7.54230690 47.08214569
0.63158000 -7.99600506 44.91410065
0.80880600 -7.66986799 46.26457214
1.00895798 -7.39957523 47.63076782
1.37229502 -8.11308002 44.26796722
1.43874705 -7.80484915 45.36961365
1.60426700 -7.48446417 46.49005127
1.39460099 -7.17812920 49.69464874
1.57038200 -7.11273479 48.69192505
2.03805089 -6.83966923 49.58268356
2.14795709 -7.89928913 44.47637939
2.04963803 -7.59199095 45.62818909
2.35962892 -7.24642992 46.39163971
1.94306600 -7.13244200 47.51296616
2.36279988 -6.72692204 48.48973083
2.76511598 -6.26548719 49.58475494
2.67871499 -7.46476221 45.27096558
2.84726810 -7.70743084 44.34833527
2.73642397 -6.77737379 47.27405548
3.12244296 -6.96538115 46.02590179
3.51667309 -7.30331278 44.57246399
3.85189104 -5.56146097 47.70940399
3.10996294 -6.20231199 48.21613693
3.49771500 -6.34240580 46.88883209
3.91472411 -6.59454679 45.59728622
4.34463882 -6.84857321 44.44834900
4.74810791 -6.14013910 45.09725952
4.21928596 -5.90447283 46.37764359
4.82522917 -5.45016098 45.95910263
0.18935500 -1.35186505 50.46416855
0.33877501 -0.32085401 50.57420349
0.92362702 -2.16301203 50.45673370
1.06388998 -1.16320598 50.39353943
1.22447598 -0.33092400 50.42461014
1.84459805 -1.95543301 50.27627563
1.85834002 -0.86112702 50.15206146
1.84250998 0.11703800 50.25374603
2.67595792 -2.52154112 50.11302185
2.60463190 -1.45111406 49.80348206
2.55894399 -0.39137599 49.73818970
3.30940104 -3.02378988 49.86241150
3.38479590 -2.05425000 49.32897186
3.28782606 -0.93314397 49.18029785
3.42525506 -5.50792885 49.26359558
3.68569303 -3.77234912 49.66282654
3.83614206 -2.85700798 49.04352951
4.01712608 -2.16935301 48.63873672
3.93205690 -1.43557799 48.60597992
3.26322699 0.25366101 49.11334229
3.87682104 -4.94524193 48.60227966
4.05154514 -4.25374603 48.67093658
4.36097288 -4.70021296 47.62974548
4.47287512 -3.94800591 47.87873840
3.67294788 -4.68742514 49.67678452
4.21085882 -3.45758700 48.50483704
4.37939215 -2.66859388 48.20640564
3.95304298 -0.53944999 48.43861771
4.90206194 -4.07582521 47.01627350
4.88829088 -4.79991007 46.54090500
4.80338907 -3.24219608 47.49122620
4.52053308 -1.84085798 47.94965363
4.38797808 -1.09614599 48.02832794
5.59291077 -5.96545315 44.03411865
5.01468182 -6.59978199 43.94356537
5.26796484 -5.54826498 45.10471725
5.78628302 -5.17025518 44.67326736
6.29075813 -5.38233709 43.64276505
5.34035301 -4.97342014 45.60982513
5.42146921 -3.46823001 46.40951538
5.33266592 -2.62301207 46.77455902
4.84342003 -2.45037007 47.52603149
5.13415813 -1.88517296 47.12358093
4.88902283 -1.20188498 47.41355133
4.60224915 -0.48650900 47.66190338
6.36037588 -4.55334806 44.27320862
5.80284405 -4.55489016 45.19230652
6.06010199 -3.77294993 45.24273682
5.41272306 -4.27831602 46.02610779
5.77425480 -1.89124298 46.20355606
5.38119507 -1.32430100 46.76732635
5.24695492 -0.60970700 46.85119629
6.58682203 -2.98265910 44.75794220
6.79972219 -3.74706602 44.08978271
6.47923899 -2.11831307 45.14894867
5.95459414 -2.80853605 45.77758789
6.24824190 -1.44632697 45.54342651
5.80370617 -1.06125295 46.15394211
5.77020788 -0.36291701 46.07978439
6.32591581 -0.77602702 45.36757660
6.79124498 -1.41613603 44.74901962
6.80024815 -0.80803001 44.67692184
0.10215500 0.63938302 50.89972687
1.01368201 0.56867701 50.73586273
1.91130805 1.19627500 50.55967712
2.47708201 0.51086301 49.88957214
2.39046693 1.88277900 50.47864914
2.79438996 1.36459303 49.75548935
2.78705907 2.37524199 50.12029266
3.17512894 2.00610399 49.32594299
3.03482199 3.72565389 49.54698181
3.15696311 2.76656389 49.38751221
3.44300199 3.05342007 48.55715942
3.21515989 3.83509588 48.46692276
3.63252091 3.26830602 47.75768280
3.53404689 1.30120206 48.76037979
3.58367395 2.19504404 48.56984711
4.00801802 2.47588205 47.55773163
4.03318501 3.08510303 46.79479980
4.20130682 0.43010700 47.96818542
4.15305614 1.51607299 47.77000809
4.62077522 2.81980491 45.67529297
3.87618589 3.67533112 45.89912415
0.15872000 6.46107578 48.52889252
0.58286703 6.10259390 46.98366547
0.97087699 6.24649477 48.55893326
0.58343101 6.00108814 45.29642868
-0.07629100 6.21480083 44.90069962
1.64269304 5.99489880 49.02214813
1.76221800 5.55260706 47.20651627
1.24171901 5.75618410 46.00481415
1.84731805 5.41750622 45.66078186
2.25422597 5.12445879 44.51637650
1.41844797 5.60795021 44.78280258
2.54341412 4.94193220 45.69445801
2.93971300 4.44022179 48.17055511
3.43650699 3.82985592 47.35083008
2.89318895 4.59067202 46.93704987
2.35513091 5.25660181 48.68581390
2.78218603 4.63690281 49.36447144
3.16917610 4.51487494 44.27839661
3.31177592 4.32966995 45.45243835
4.74456215 3.11747289 44.60430908
4.05419588 3.82153797 44.35491180
4.57782698 1.77917600 46.92503357
5.13063002 1.63705802 46.02458954
4.58656883 2.34612703 46.43640900
5.33929300 2.39794898 44.66632843
4.87892199 0.05766500 47.18030548
4.96898603 0.85216898 46.75969696
5.70539999 0.94900697 45.55612183
5.78783321 1.61745298 44.82599258
5.10149002 2.18220210 45.54338074
5.32463217 0.05676000 46.58035660
5.70190716 0.29474100 45.94508362
6.14400578 -0.14127900 45.47375488
6.22813606 0.34026399 45.11750031
6.35082388 0.86044902 44.56253052
6.63028002 -0.26111200 44.77218628
-2.59007597 -2.73308992 50.20727158
-1.44277596 -0.34408200 50.31714249
-6.19673920 5.27945614 43.38848114
0.66610497 -7.37021399 49.17331696
4.43643999 -5.28945780 46.86543274
2.89886594 3.21085405 50.16704178
0.00000000 1.48386300 51.17419815
0.00000000 1.20429206 51.24910736
0.50818998 1.53220904 51.16124344
0.56465602 1.25801003 51.23471451
0.99685103 1.67539203 51.12287521
1.10761201 1.41710305 51.19208527
1.44720304 1.90790796 51.06057358
1.60800397 1.67545402 51.12285995
1.84194005 2.22082210 50.97673035
2.04660010 2.02313590 51.02969742
2.16589189 2.60210800 50.87456512
2.40654707 2.44678712 50.91618347
2.40661097 3.03711605 50.75800323
2.67401195 2.93012905 50.78667068
2.55484509 3.50912595 50.63153076
2.83871603 3.45458388 50.64614487
2.60489702 4.00000000 50.50000000
2.89433002 4.00000000 50.50000000
2.83871603 4.54541588 50.35385513
2.55484509 4.49087381 50.36846924
2.67401195 5.06987190 50.21332932
2.40661097 4.96288395 50.24199677
2.40654802 5.55321217 50.08381653
2.16589308 5.39789104 50.12543488
2.04660106 5.97686386 49.97030258
1.84194100 5.77917814 50.02326965
1.60800397 6.32454586 49.87714005
1.44720304 6.09209204 49.93942642
1.10761201 6.58289814 49.80791473
0.99685103 6.32460785 49.87712479
0.56465602 6.74199009 49.76528549
0.50818998 6.46779108 49.83875656
0.00000000 6.79570818 49.75089264
0.00000000 6.51613712 49.82580185
-0.50818998 1.53220904 51.16124344
-0.56465602 1.25801003 51.23471451
-0.99685103 1.67539203 51.12287521
-1.10761201 1.41710305 51.19208527
-1.44720304 1.90790796 51.06057358
-1.60800397 1.67545402 51.12285995
-1.84194005 2.22082210 50.97673035
-2.04660010 2.02313590 51.02969742
-2.16589189 2.60210800 50.87456512
-2.40654707 2.44678712 50.91618347
-2.40661097 3.03711605 50.75800323
-2.67401195 2.93012905 50.78667068
-2.55484509 3.50912595 50.63153076
-2.83871603 3.45458388 50.64614487
-2.60489702 4.00000000 50.50000000
-2.89433002 4.00000000 50.50000000
-2.83871603 4.54541588 50.35385513
-2.55484509 4.49087381 50.36846924
-2.67401195 5.06987190 50.21332932
-2.40661097 4.96288395 50.24199677
-2.40654802 5.55321217 50.08381653
-2.16589308 5.39789104 50.12543488
-2.04660106 5.97686386 49.97030258
-1.84194100 5.77917814 50.02326965
-1.60800397 6.32454586 49.87714005
-1.44720304 6.09209204 49.93942642
-1.10761201 6.58289814 49.80791473
-0.99685103 6.32460785 49.87712479
-0.56465602 6.74199009 49.76528549
-0.50818998 6.46779108 49.83875656
0.57886600 4.96846199 50.24050140
0.00000000 5.11828279 50.20035553
0.00000000 4.69892693 50.31272125
0.51165003 4.49421597 50.36757660
1.00262499 4.55914211 50.35017776
0.72358298 4.00000000 50.50000000
1.15773201 4.00000000 50.50000000
1.00262499 3.44085789 50.64982224
0.51165003 3.50578403 50.63242340
0.57886600 3.03153801 50.75949860
0.00000000 3.30107307 50.68727875
0.00000000 2.88171697 50.79964447
0.00000000 2.32257509 50.94946289
0.66456699 2.45026207 50.91525269
1.22795999 2.81388092 50.81781769
1.60440695 3.35807705 50.67200089
1.73659801 4.00000000 50.50000000
1.60440695 4.64192295 50.32799911
1.22795999 5.18611908 50.18218231
0.66456699 5.54973888 50.08474731
0.00000000 5.67742491 50.05053711
0.00000000 6.09678078 49.93816757
0.83070898 5.93717289 49.98093414
1.53495097 5.48264790 50.10272598
2.00550890 4.80240393 50.28499603
2.17074800 4.00000000 50.50000000
2.00550890 3.19759607 50.71500397
1.53495002 2.51735210 50.89727402
0.83070898 2.06282711 51.01906586
0.00000000 1.90321898 51.06183243
-0.57886600 4.96846199 50.24050140
-0.51165003 4.49421597 50.36757660
-1.00262499 4.55914211 50.35017776
-0.72358298 4.00000000 50.50000000
-1.15773201 4.00000000 50.50000000
-1.00262499 3.44085789 50.64982224
-0.51165003 3.50578403 50.63242340
-0.57886600 3.03153801 50.75949860
-0.66456699 2.45026207 50.91525269
-1.22795999 2.81388092 50.81781769
-1.60440695 3.35807705 50.67200089
-1.73659801 4.00000000 50.50000000
-1.60440695 4.64192295 50.32799911
-1.22795999 5.18611908 50.18218231
-0.66456699 5.54973888 50.08474731
-0.83070898 5.93717289 49.98093414
-1.53495097 5.48264790 50.10272598
-2.00550890 4.80240393 50.28499603
-2.17074800 4.00000000 50.50000000
-2.00550890 3.19759607 50.71500397
-1.53495002 2.51735210 50.89727402
-0.83070898 2.06282711 51.01906586
0.00000000 3.72042894 50.57490921
0.28943300 4.00000000 50.50000000
0.00000000 4.00000000 50.50000000
-0.28943300 4.00000000 50.50000000
0.00000000 4.27957106 50.42509079
0.00000000 -6.95830488 50.50000000
-0.00000200 -7.61095619 50.50000000
0.49988401 -6.93274784 50.50000000
0.95789599 -7.45392513 50.50000000
0.98437202 -6.84255123 50.50000000
1.73755503 -7.10293293 50.50000000
1.51913702 -6.67446899 50.50000000
2.01829696 -6.42265987 50.50000000
2.39211702 -6.63687611 50.50000000
2.45092392 -6.05639601 50.50000000
2.80525088 -6.23410797 50.50000000
2.79179001 -5.71896887 50.50000000
3.21320510 -5.69464302 50.50000000
3.01775193 -5.36455917 50.50000000
3.47028899 -5.18120193 50.50000000
3.18573689 -5.02515793 50.50000000
3.57184911 -4.80017805 50.50000000
3.27013302 -4.65823698 50.50000000
3.61493611 -4.34319115 50.50000000
3.26870894 -4.37479305 50.50000000
3.26124907 -4.12673998 50.50000000
3.48112607 -3.92839599 50.50000000
3.22025704 -3.95435810 50.50000000
3.28822708 -3.62482500 50.50000000
3.12448096 -3.76941299 50.50000000
2.99232411 -3.58684111 50.50000000
2.97207093 -3.31531596 50.50000000
2.82253194 -3.44931102 50.50000000
2.58417892 -3.30219293 50.50000000
2.55100298 -3.03992009 50.50000000
2.25031400 -3.13970304 50.50000000
2.05455589 -2.81540704 50.50000000
1.85079801 -2.97983098 50.50000000
1.72398996 -2.71719003 50.50000000
1.52555096 -2.87808990 50.50000000
1.39342403 -2.61897206 50.50000000
1.23650599 -2.79502010 50.50000000
1.06289303 -2.56286907 50.50000000
0.77706599 -2.72589588 50.50000000
0.73236197 -2.50676489 50.50000000
0.31762701 -2.71296597 50.50000000
0.36618000 -2.48588705 50.50000000
-0.00000200 -2.46500897 50.50000000
0.00000000 -2.71784902 50.50000000
-0.49988401 -6.93274784 50.50000000
-0.95789599 -7.45392513 50.50000000
-0.98437202 -6.84255123 50.50000000
-1.73755503 -7.10293293 50.50000000
-1.51913702 -6.67446899 50.50000000
-2.01829696 -6.42265987 50.50000000
-2.39211702 -6.63687611 50.50000000
-2.45092392 -6.05639601 50.50000000
-2.80525088 -6.23410797 50.50000000
-2.79179001 -5.71896887 50.50000000
-3.21320510 -5.69464302 50.50000000
-3.01775193 -5.36455917 50.50000000
-3.47028899 -5.18120193 50.50000000
-3.18573689 -5.02515793 50.50000000
-3.57184911 -4.80017805 50.50000000
-3.27013302 -4.65823698 50.50000000
-3.61493611 -4.34319115 50.50000000
-3.26870894 -4.37479305 50.50000000
-3.26124907 -4.12673998 50.50000000
-3.48112607 -3.92839599 50.50000000
-3.22025704 -3.95435810 50.50000000
-3.28822708 -3.62482500 50.50000000
-3.12448096 -3.76941299 50.50000000
-2.99232411 -3.58684111 50.50000000
-2.97207093 -3.31531596 50.50000000
-2.82253194 -3.44931102 50.50000000
-2.58417892 -3.30219293 50.50000000
-2.55100298 -3.03992009 50.50000000
-2.25031400 -3.13970304 50.50000000
-2.05455589 -2.81540704 50.50000000
-1.85079801 -2.97983098 50.50000000
-1.72398996 -2.71719003 50.50000000
-1.52555096 -2.87808990 50.50000000
-1.39342403 -2.61897206 50.50000000
-1.23650599 -2.79502010 50.50000000
-1.06289303 -2.56286907 50.50000000
-0.77706599 -2.72589588 50.50000000
-0.73236197 -2.50676489 50.50000000
-0.31762701 -2.71296597 50.50000000
-0.36618000 -2.48588705 50.50000000
3.02915597 -3.96753502 50.50000000
3.06106305 -4.11556292 50.50000000
3.01142001 -4.34270191 50.50000000
2.89420104 -4.56114006 50.50000000
2.80458498 -3.99209809 50.50000000
2.91072392 -3.89559293 50.50000000
2.82684708 -3.71384311 50.50000000
2.57130504 -3.77538610 50.50000000
2.51210594 -4.21804285 50.50000000
2.70619798 -4.34240198 50.50000000
2.51358294 -4.69188690 50.50000000
2.23442292 -4.56310606 50.50000000
2.22912693 -5.03757381 50.50000000
2.23972011 -4.08863783 50.50000000
2.24501705 -3.61417103 50.50000000
1.84237099 -4.70964098 50.50000000
1.83956206 -5.28624296 50.50000000
1.84518003 -4.13303804 50.50000000
1.84798896 -3.55643392 50.50000000
1.43902397 -4.82082081 50.50000000
1.41018200 -5.46839809 50.50000000
1.46786702 -4.17324400 50.50000000
1.49670899 -3.52566695 50.50000000
1.02512598 -4.89515305 50.50000000
0.95466602 -5.59519720 50.50000000
1.09558594 -4.19510794 50.50000000
1.16604602 -3.49506402 50.50000000
0.51727200 -3.38905191 50.50000000
0.50512302 -4.14953995 50.50000000
0.49297500 -4.91002893 50.50000000
0.48082599 -5.67051792 50.50000000
0.00000000 -4.95090008 50.50000000
0.00000000 -5.69525003 50.50000000
0.00000000 -4.20655012 50.50000000
0.00000000 -3.46219993 50.50000000
2.91666102 -4.99723005 50.50000000
2.68604207 -4.96520376 50.50000000
2.71968699 -5.34413481 50.50000000
2.35562611 -5.67839718 50.50000000
2.29473805 -5.30208588 50.50000000
1.94548595 -6.01983786 50.50000000
1.87267399 -5.61701584 50.50000000
1.45595396 -5.84258413 50.50000000
1.48754501 -6.25852680 50.50000000
0.95311999 -6.39876080 50.50000000
0.92186898 -5.95497084 50.50000000
0.44811800 -6.46671581 50.50000000
0.39635101 -6.00068283 50.50000000
0.00000000 -6.01178885 50.50000000
0.00000000 -6.48504686 50.50000000
2.99937606 -3.79428005 50.50000000
-3.02915597 -3.96753502 50.50000000
-3.06106305 -4.11556292 50.50000000
-3.01142001 -4.34270191 50.50000000
-2.89420104 -4.56114006 50.50000000
-2.80458498 -3.99209809 50.50000000
-2.82684708 -3.71384311 50.50000000
-2.91072392 -3.89559293 50.50000000
-2.57130504 -3.77538610 50.50000000
-2.51210594 -4.21804285 50.50000000
-2.70619798 -4.34240198 50.50000000
-2.51358294 -4.69188690 50.50000000
-2.23442292 -4.56310606 50.50000000
-2.22912693 -5.03757381 50.50000000
-2.23972011 -4.08863783 50.50000000
-2.24501705 -3.61417103 50.50000000
-1.84237099 -4.70964098 50.50000000
-1.83956206 -5.28624296 50.50000000
-1.84518003 -4.13303804 50.50000000
-1.84798896 -3.55643392 50.50000000
-1.43902397 -4.82082081 50.50000000
-1.41018200 -5.46839809 50.50000000
-1.46786702 -4.17324400 50.50000000
-1.49670899 -3.52566695 50.50000000
-1.02512598 -4.89515305 50.50000000
-0.95466602 -5.59519720 50.50000000
-1.09558594 -4.19510794 50.50000000
-1.16604602 -3.49506402 50.50000000
-0.51727200 -3.38905191 50.50000000
-0.50512302 -4.14953995 50.50000000
-0.49297500 -4.91002893 50.50000000
-0.48082599 -5.67051792 50.50000000
-2.91666102 -4.99723005 50.50000000
-2.68604207 -4.96520376 50.50000000
-2.71968699 -5.34413481 50.50000000
-2.35562611 -5.67839718 50.50000000
-2.29473805 -5.30208588 50.50000000
-1.94548595 -6.01983786 50.50000000
-1.87267399 -5.61701584 50.50000000
-1.45595396 -5.84258413 50.50000000
-1.48754501 -6.25852680 50.50000000
-0.95311999 -6.39876080 50.50000000
-0.92186898 -5.95497084 50.50000000
-0.44811800 -6.46671581 50.50000000
-0.39635101 -6.00068283 50.50000000
-2.99937606 -3.79428005 50.50000000
2.92039299 -4.10927677 50.50047684
-2.92039299 -4.10927677 50.50047684
6.45846415 1.82501698 41.74304199
5.98833704 2.28624892 41.88211823
5.63702679 2.61079597 42.01213074
5.40335083 2.75443101 41.70769882
5.01146793 2.96162796 41.29444504
4.44837379 3.38308406 41.45580292
4.04526377 3.68129992 41.61074066
3.71009803 3.80287695 41.28108215
3.16462708 3.99616098 40.81458282
2.47483897 4.43888617 41.01718903
1.89955795 4.81838083 41.25089264
2.22736907 4.83573580 42.08614731
1.71134198 5.15596914 42.25800323
1.38525701 5.15623713 41.49822998
1.22569299 5.43966484 42.41635513
0.95953602 5.42682695 41.73013306
0.73976099 5.67390203 42.45409393
1.03027403 5.67031813 43.24785995
0.50232297 5.90303278 43.31516647
0.85383898 5.83600092 44.14306641
1.32701898 5.60203695 43.85514832
1.79955995 5.35214281 43.83717346
1.51861501 5.41742706 43.12942505
2.00379300 5.13660192 42.98969269
2.25745296 5.07439899 43.58972168
2.49503589 4.83911085 42.86683273
2.77310610 4.49909306 41.95983887
2.97527790 4.55104399 42.80246735
3.29453897 4.21062279 41.99993896
3.73053503 3.98982191 42.16445923
4.12617397 3.75087810 42.23720551
3.79086494 4.06326485 42.88333893
3.40445304 4.29961491 42.80744553
3.46993995 4.31940794 43.41915512
3.15084910 4.52072716 43.40900421
3.81817293 4.07530212 43.58547211
4.17917299 3.80114198 42.92405701
4.54751778 3.45559597 42.22330093
4.94966602 3.17443609 42.31760788
4.54931021 3.53447700 42.95791245
4.22343397 3.78502893 43.50080872
4.49631119 3.57143807 43.55775452
4.87697077 3.27836800 43.07440948
5.28353691 2.93429708 42.50439453
5.60441399 2.65951705 42.59336853
5.20118904 2.99797606 43.18576431
4.75560999 3.31765795 43.78110504
5.12984180 2.97775412 43.77383423
5.39253616 2.65811300 43.93683624
5.73417616 2.29398990 43.89090347
5.93979883 1.95030797 44.05554581
6.23559618 1.58138001 43.99419403
6.37176514 1.67584205 43.45834351
6.60962915 1.33128798 43.48055267
6.42511511 1.23067904 44.06676483
6.68461990 0.89117903 43.94978333
6.78449583 0.61999398 44.01394653
6.98666191 0.66585201 43.53946686
7.08098316 0.34155899 43.65076065
6.76426697 0.25457400 44.29582977
7.00201893 -0.19690301 44.14910889
7.18917990 -0.02938200 43.70242310
7.30619621 -0.42949599 43.69346619
7.51155186 -0.29906899 43.17533112
7.39615011 0.06408700 43.17945862
7.67912483 -0.20183100 42.66320038
7.80516911 -0.58393103 42.60772324
7.89764690 -0.99034202 42.58395767
7.61289787 -0.69734502 43.15866470
7.38613987 -0.84493899 43.69445038
7.68317080 -1.10811901 43.15282440
7.94727898 -1.39694500 42.59779739
7.95334005 -1.78454900 42.64010620
7.71755505 -1.51584005 43.15756989
7.44569111 -1.26275396 43.67752075
7.12892199 -1.04996800 44.20209122
7.05586386 -0.58682001 44.21229553
7.20969820 -1.43702102 44.11355209
7.46175194 -1.67270803 43.67032623
7.72125721 -1.91684306 43.15102386
7.92636395 -2.10826707 42.68762589
8.00531101 -2.44065595 42.40406418
7.73733902 -2.33174706 43.03446960
7.43959379 -2.12256598 43.64731979
7.14894009 -1.82079303 44.19232941
7.02876377 -2.38044906 44.26497650
6.87622118 -1.92910802 44.60738373
7.11991787 -3.07130408 43.88985443
7.45240116 -2.63947892 43.47633362
7.51504421 -3.15823603 43.15378571
7.78818989 -2.78593397 42.75933838
8.08665276 -2.87479711 42.00767899
8.15660095 -3.36969495 41.51707458
7.84113884 -3.28335595 42.38578033
7.54972601 -3.64918208 42.82253647
7.85970020 -3.86447692 41.94208527
8.22613335 -3.88626909 40.89608765
7.97519779 -4.36482716 41.17933655
7.72314596 -4.79985285 41.41422272
7.72298908 -5.22671604 40.80026245
7.43921709 -5.15921783 41.70162201
7.45491982 -4.78657103 42.12010956
7.64448786 -4.40410280 42.03645325
7.51995516 -4.08251905 42.59629059
7.22610378 -3.97619510 43.25019073
7.25533485 -3.52170300 43.46517944
6.90067196 -4.33530521 43.57032776
6.80141115 -4.87446022 43.29729843
7.25493002 -4.50434303 42.79638290
7.15190220 -5.04031277 42.49343109
7.11110687 -5.48540497 42.02837372
7.39748383 -5.57919693 41.15097046
7.05526590 -5.88816881 41.50067902
6.77450895 -5.80518579 42.29114151
6.74555302 -6.12562513 41.79256439
6.40148401 -6.14454699 42.45570374
6.51839876 -6.46242905 41.53881836
6.14285612 -6.54825115 42.15116882
6.13630676 -6.91453886 41.18409729
5.68931580 -6.82401609 42.40137482
5.57455683 -7.23736382 41.51937103
5.30948305 -7.16078615 42.32363129
5.15038204 -7.42131376 41.83962631
4.90317011 -7.31489611 42.59421539
4.66060305 -7.70300579 41.70276642
4.38949203 -7.48881197 42.90396881
4.08206606 -7.81205511 42.31337738
3.98274899 -8.14815044 41.02455902
3.52421689 -8.00656319 42.42969894
3.20937800 -8.32891655 41.49116898
3.28729296 -8.62464046 39.77970123
2.40891790 -8.57587814 41.34724426
2.44808197 -8.88993835 39.55195618
1.61444700 -8.93101025 40.13547897
0.78488398 -9.05235386 39.84965515
0.83068103 -8.75171661 41.51615524
1.61828303 -8.67099762 41.65281677
1.33057296 -8.56594753 42.41953278
1.88609898 -8.44155884 42.63817215
1.36321700 -8.37377644 43.28549957
1.81476402 -8.22056103 43.63380432
0.81810403 -8.29991913 43.72114563
0.26339799 -8.23419189 43.96870422
0.32596299 -8.48528481 42.87055588
0.93667102 -8.51086044 42.80192566
0.02336200 -8.69388390 41.76678467
-0.01244400 -8.95907307 40.30744171
-0.71626198 -8.67775059 41.41696167
-0.82115299 -8.94176483 39.97687912
-1.54426503 -8.71218777 40.41673279
-1.39171100 -8.46703911 41.81786346
-0.95039803 -8.33880424 42.83335114
-0.31942400 -8.51193047 42.52204132
-0.28535900 -8.28892899 43.52722168
-0.85582501 -8.04841900 44.11524582
-1.48464203 -8.03562164 43.56699371
-1.60024405 -8.24307823 42.60153580
-2.14419198 -8.28633690 41.62398529
-2.02615404 -8.01847839 42.97342682
-1.97467995 -7.78873014 43.88029861
-2.45819211 -7.72628307 43.40767670
-2.48606205 -7.95255709 42.53501129
-2.98460698 -7.67355824 42.69159698
-2.86413789 -7.44790506 43.65075684
-3.31727004 -7.30262184 43.29247284
-3.49764490 -7.45110703 42.47042847
-3.44360995 -7.75450993 41.43126678
-3.95280290 -7.32358408 41.86835480
-3.77490997 -7.14006615 42.87361145
-3.61743808 -6.95827723 43.65892792
-4.05285215 -6.76131678 43.29151917
-4.19143200 -6.97444820 42.42957306
-4.58103991 -6.99849510 41.35896683
-4.57834721 -6.59061098 42.55889511
-4.35442591 -6.38232183 43.53410339
-4.80748892 -6.12616920 43.12279129
-5.00956821 -5.71128893 43.48302841
-5.30361795 -5.82652092 42.60121155
-5.03883314 -6.25965500 42.28611755
-5.48967123 -6.14572191 41.33333588
-4.99633694 -6.55384302 41.61464691
-5.27593517 -6.71388197 40.33599854
-5.82438898 -6.27895498 39.99259567
-6.17451000 -5.72340918 40.36508942
-5.78800488 -5.57664299 41.86039352
-5.58043909 -5.49249411 42.62040710
-5.83067608 -5.12581301 42.63497925
-5.38190508 -5.40000582 43.22556305
-5.54127312 -4.95553684 43.54864502
-5.94115400 -4.59212685 43.19802475
-6.07695389 -4.10278177 43.52524567
-6.41188717 -4.21454287 42.63792038
-6.22352791 -4.71539879 42.34714508
-6.58485603 -4.51592016 41.69665527
-6.32557917 -5.07812023 41.36723709
-6.96484280 -4.60002899 40.38392258
-6.97680998 -3.91683197 41.54642105
-7.41309214 -4.01262903 40.06894684
-7.62355614 -3.34572005 40.46170807
-8.02967358 -2.68555808 40.12374115
-7.53643703 -2.60963798 41.64409637
-7.21393299 -3.28303003 41.78254700
-7.00394106 -3.00097394 42.66723251
-6.90068817 -3.49283600 42.39183044
-6.66277695 -3.78288102 42.62999725
-6.61603689 -3.43488002 43.13002014
-6.61641216 -3.00224805 43.51622009
-6.37857103 -3.80974507 43.24272919
-6.90608501 -2.55262494 43.28679657
-6.87369013 -2.08091998 43.66643524
-7.27899599 -2.10136390 42.78860474
-7.18891287 -2.57386398 42.63716125
-7.72274923 -1.86058700 41.87446594
-8.17728519 -1.95171595 40.49828339
-8.03077793 -1.14693904 41.61018372
-8.53269768 -1.24549305 40.12363815
-8.59302139 -0.49407500 40.47695923
-8.14108467 -0.43953601 41.77543640
-7.76121998 -0.61734700 42.62310028
-7.69872713 -1.05990100 42.55441284
-7.41369009 -1.00029600 43.19010544
-7.38483381 -0.48495999 43.44678497
-7.11428785 -1.52927101 43.50109482
-7.55213308 -1.45541406 42.62759399
-7.63045311 -0.05138100 43.10722351
-7.96023893 -0.11275400 42.38395691
-7.90433502 0.36230901 42.62813950
-7.55251408 0.46633199 43.34340286
-7.76942682 0.91557503 42.95021820
-8.13534164 0.76554197 42.15476227
-8.08545303 1.38196695 42.27959442
-7.62505102 1.49160802 43.18273163
-7.79706621 1.96006000 42.81408691
-8.18306732 1.92852294 42.02986908
-7.99674892 2.43249893 42.31522369
-7.65584612 2.32796192 43.01433563
-7.61474085 2.72587204 42.95348358
-7.90351582 2.85791612 42.38005066
-7.73329592 3.28291702 42.49502182
-7.16191912 3.23599291 43.45368958
-7.34900284 3.83597207 42.88787842
-7.74709797 3.78004003 42.20771027
-7.53118086 4.22911406 42.29758835
-7.18350887 4.19995499 42.95731354
-7.13947916 4.46778584 42.81577682
-7.37151384 4.73362207 42.13365173
-7.84154987 4.50566387 41.32507324
-8.01367378 3.97262692 41.43945694
-8.34120655 4.20656776 40.32448578
-8.49872112 3.51475906 40.52082825
-8.05475426 3.51292992 41.69295120
-8.22486687 2.95359802 41.57791901
-8.78611088 2.78482199 40.20561981
-8.52070045 2.22262192 41.12565231
-8.46226501 1.62107503 41.39172363
-8.55181122 0.97186601 41.12576294
-8.91815376 1.58477104 40.17697525
-8.99443722 2.21209908 39.87607193
-8.10977745 4.77680588 40.24914169
-7.61739779 5.01241684 41.23660278
-7.82442093 5.28129816 40.21567535
-7.34480286 5.46697283 41.18656158
-7.15335512 5.19207621 42.03708649
-6.88843489 4.88793182 42.81610870
-6.74162102 5.33810186 42.60235596
-6.52413321 5.63430500 42.57220840
-6.90426683 5.59376001 41.97084045
-6.58991289 5.93520784 41.97602081
-7.02580690 5.86473608 41.17226791
-7.49169302 5.72569323 40.21150970
-7.11719084 6.11155701 40.22886658
-6.70904112 6.44026184 40.25778961
-6.27777719 6.71066713 40.28942871
-6.26950407 6.50970888 41.19747925
-5.85841799 6.75466299 41.20942688
-5.83333015 6.91965294 40.32004547
-5.44139719 6.94032383 41.21685791
-5.38262796 7.06440496 40.35212708
-5.02662277 7.06176805 41.22947693
-4.92504501 7.14390707 40.39716339
-4.59410810 7.11353779 41.30465698
-4.45630503 7.16333199 40.45300293
-4.13732195 7.11871910 41.37982559
-4.28745413 7.00213623 42.21201706
-4.73780680 7.01578617 41.89227295
-4.70022583 6.84255123 42.54877472
-5.07839489 6.91669798 41.94398499
-5.09445810 6.72056818 42.53321838
-5.46078920 6.75066519 41.97257996
-5.42478609 6.48021317 42.67414856
-5.85073519 6.52711201 41.98414612
-5.83471203 6.25801516 42.59117126
-6.23183107 6.25110483 41.98410034
-6.15090513 5.91499281 42.69572449
-4.19894505 6.75711203 43.14523315
-3.79144311 6.92075300 42.81758881
-3.66533899 6.73216915 43.55445480
-3.35964990 6.84044123 43.25090790
-3.38491297 6.97644520 42.40351868
-3.85262990 7.04823112 42.09490967
-3.66800690 7.08132219 41.45106506
-3.97666597 7.13016891 40.50576782
-3.48724508 7.04745483 40.55093765
-2.98536396 6.91790819 40.58671570
-2.46521902 6.74475002 40.60755157
-2.68259811 6.87148905 41.59434891
-3.18456292 6.99664307 41.52116394
-2.91693091 6.91958380 42.29786682
-2.93151999 6.83234692 43.10830307
-2.49614310 6.70706892 43.62770844
-2.41202688 6.78362703 42.66531372
-2.14983010 6.70614100 41.65327454
-1.92007601 6.53055716 40.60550690
-1.34334803 6.27496290 40.57373810
-0.72459900 5.97266579 40.50065613
-0.97365600 6.26998091 41.71571732
-1.58245504 6.50807714 41.69292450
-1.85387099 6.64396620 42.52855682
-1.86820304 6.61657000 43.58653641
-1.26887298 6.47460413 42.86460495
-1.23268700 6.48268700 43.96854401
-0.71809602 6.35433197 43.64707184
-0.28156400 6.25422192 44.17982864
-0.12997700 6.12789822 43.21018600
-0.66899300 6.26664495 42.67625046
-0.26522100 5.98159218 41.77986526
0.26106900 5.87803602 42.45780563
0.44955501 5.58584499 41.37367249
-0.07964800 5.61420679 40.29690933
0.24460199 6.08131599 44.20140839
-6.66308594 6.21118689 41.18242645
-9.02608585 0.92930299 39.84578705
-8.84927559 0.32506299 40.15858459
-8.31462955 0.19450501 41.57176971
-6.68519688 -5.20650005 40.00555801
-4.83823204 -7.19474602 40.01996613
-4.20808983 -7.54644203 40.40938187
-3.66658902 -7.96925879 40.07028961
-2.96512103 -8.22572613 40.44965363
-2.31765604 -8.55710411 40.10012817
-2.80722499 -7.99257612 41.78552246
2.28423810 -8.20055485 43.31377411
2.66394806 -7.98015881 43.70616913
2.81201792 -8.19931221 42.66359711
2.35270190 -8.37061405 42.53163147
3.20284700 -7.81999016 43.54098129
3.81834102 -7.63439322 43.29611969
4.15558290 -7.28732777 43.78028870
4.67368984 -7.09273100 43.49247742
5.18837118 -6.93595505 43.05240631
5.49005222 -6.54420185 43.31916809
5.92039299 -6.33611679 42.97280884
6.14906406 -5.92321587 43.24318695
6.48971510 -5.73903513 42.92649841
6.78080416 -5.39534712 42.81529999
4.26311493 -8.42412663 39.05698395
4.79755592 -8.00701427 40.10142899
5.26252508 -7.61470079 40.84241486
5.84340906 -7.39930820 40.26911545
6.41446877 -7.13761616 39.69230652
6.69498205 -6.69392490 40.42778778
6.92547607 -6.27773285 40.97905731
7.30882406 -6.00149679 40.53385162
7.66954088 -5.66654110 40.12845612
7.54603004 0.10451800 42.73204803
7.29685402 0.37503999 43.10012817
7.18518686 0.67275399 42.95344543
7.51740599 0.30010000 42.48892975
7.42428589 0.58340901 42.15474319
7.11164904 1.04490495 42.26068115
6.85222006 1.37757099 42.37725067
6.75263882 1.37495399 42.89659500
6.52284384 1.68309903 42.83464813
6.12180710 2.00903797 43.38973999
5.84137011 2.34483695 43.31069565
5.52674294 2.68175197 43.25361633
5.95625210 2.31668305 42.59626007
6.27681684 1.97723806 42.68126678
6.71356678 1.56143498 42.11125946
6.99482822 1.01791501 42.88476181
6.82420206 0.98722702 43.49272537
2.72007799 4.79541683 43.60367203
