-0.46427500 0.31543401 -1.28249896
-1.01327598 1.91202295 -0.58422798
1.17133904 1.06895697 -0.56852198
-1.66672206 3.55874896 1.71633101
0.61766100 2.86218905 0.92639399
2.74335599 1.78690600 1.42095399
-2.27103901 4.93936300 5.14611578
-0.16685100 4.37095213 3.78936601
-2.74141788 5.98217487 9.12608528
-0.95202899 5.51894522 7.52833223
0.98681700 4.80436802 6.63772106
1.96537197 3.51672602 3.46261191
3.89248800 2.30062509 4.38780212
2.91048503 3.84095597 6.74241495
4.70601988 2.61400509 7.82312822
-3.04577589 6.70682716 13.09451866
-1.59252501 6.35231304 11.53472805
-3.21958303 7.21505690 16.77873039
-2.01089692 6.92360497 15.30883598
-0.64492202 6.49562502 14.21183491
-3.30045605 7.65863800 20.15717888
-2.27491689 7.40031099 18.81544495
-3.36665010 8.08768463 22.94668579
-2.48434401 7.91323614 22.12879944
-1.46610296 7.65073299 21.33583069
-1.11529803 7.07121277 17.81662560
0.20707700 6.63802719 17.07966805
-0.34772801 7.40332079 20.63302612
1.04499102 6.89340115 20.15855408
3.67814994 3.96452808 10.27181053
5.44296312 2.86870694 11.27481747
2.63981700 5.10331488 13.29511166
4.44935322 4.14852381 13.68128109
6.20943880 3.14981508 14.60618973
1.73963404 6.04952621 16.65630531
3.43438792 5.32185698 16.64715385
2.69200706 6.24678993 19.86216736
4.49513102 5.44452381 19.80164909
5.25826502 4.42751503 16.92421722
7.02807713 3.40255690 17.77736664
6.30833101 4.47241879 19.99566650
7.83729792 3.52940893 20.36604691
0.91025299 5.91916800 13.46816063
1.85979998 5.00192499 9.89426708
0.08074100 5.78543186 10.38259411
-3.99893498 8.68448353 25.21981049
-2.96845198 8.71489716 25.26774216
-4.74183989 9.23102570 28.07672501
-3.60809493 9.38032913 28.25938416
-2.47125292 9.29974937 28.12599754
-5.49428701 9.65024757 31.16323090
-4.30010223 9.91795254 31.36038971
-6.15052319 9.65077496 34.74022675
-4.95062113 10.09967232 34.90042877
-3.71856189 10.27574730 34.95214081
-3.10378408 9.94250870 31.36181641
-1.82037997 9.73449326 31.15735626
-2.40656400 10.20227623 34.86734009
-0.94447500 9.88604736 34.62189102
-5.56325579 10.08372021 37.26654816
-6.14173412 9.83547974 37.56631470
-6.71558523 9.46486855 37.13289642
-6.90208817 9.27359772 39.18832016
-6.36736012 9.66341209 39.23437500
-5.81569290 9.97770691 39.27595901
-5.24649811 10.21834755 39.31173325
-0.06148400 9.87261200 36.87720108
-0.89753902 10.15529823 37.43295288
-1.67302799 10.30238628 37.19882584
-2.02576089 10.44597816 39.28627014
-1.26959705 10.30804539 39.20458984
-0.45220101 10.10579777 39.06326675
0.43999800 9.83731937 38.82608795
-3.07952094 10.48003674 37.32640076
-2.39723897 10.45292759 37.63603973
-4.35991001 10.41259670 37.33969116
-4.97052383 10.30825996 37.66680527
-3.73409295 10.50595665 37.69766617
-4.65594721 10.38962364 39.33918381
-4.04264688 10.49662304 39.35260773
-3.40355897 10.54048729 39.35071564
-2.73354506 10.52351856 39.33115387
2.89512801 8.91764545 39.23044968
2.45445395 9.11629105 40.98951721
3.28134704 8.74204445 40.56999207
4.64461422 7.95105410 38.36706161
5.63029099 7.20210123 35.94003677
3.55889392 8.39765739 36.64119720
6.57530117 6.38780785 32.47913361
4.57672024 7.57405710 32.90432739
2.56088209 8.49549484 33.36236572
1.91007102 9.11704254 36.29868317
0.74148703 9.31332397 34.16873550
0.86815399 9.58532143 36.96720123
1.40020001 9.49878883 38.47811127
2.34577799 9.10613441 38.13046265
3.72290206 8.50251770 39.02428818
7.19714785 5.52662802 29.14305115
5.24812412 6.69721603 29.47960663
7.59033680 4.74956322 25.86968040
5.71958399 5.94822216 26.10080147
3.73522711 6.93414021 26.42902756
7.77237415 4.12221003 22.84379959
5.93902302 5.25438976 22.96266747
4.04458904 6.24236202 23.05373001
2.23304105 7.03127098 23.30045319
-0.36264801 9.29837513 30.79358292
0.19213299 8.50961304 27.26460266
-1.22943997 8.99592781 27.74324417
0.59756798 7.70921421 23.68039131
-0.76185298 8.18969059 24.19634056
-1.92073298 8.47328472 24.80566406
1.86479795 7.81473398 26.81241226
1.32985306 8.63980865 30.34651947
3.23821807 7.75624084 29.89186287
1.16365802 -0.92637199 -0.67654198
3.20534706 -0.21965399 0.43030101
3.04637599 -2.45414996 0.90754902
4.70211792 0.47204101 2.83058500
5.69399977 1.01199198 5.98200607
6.40376282 -0.87812197 4.99642706
5.06625319 -1.66262901 2.42665410
4.77560616 -3.91977811 3.37738705
6.62415600 -3.00570512 5.09965992
6.19709921 -5.10211992 6.48879099
6.45079184 1.41460299 9.42120075
7.22290707 1.79326200 12.80163956
8.12091541 0.27642000 11.44801235
8.04220200 2.14386296 16.09606361
8.75269985 2.47345495 19.34912109
9.77447033 1.06928897 18.12355995
9.01286983 0.67896801 14.73361588
9.73129463 -0.91683501 13.81322670
10.61547947 -0.50395602 17.10128784
11.11681366 -2.12710190 16.58101273
7.90992117 -4.12853622 8.21003056
7.40807009 -6.02817106 9.89935780
9.11370659 -3.24662399 10.64497089
8.97505283 -5.05440998 11.60534191
8.48179245 -6.76905680 13.43004608
10.18473434 -2.61699891 13.44473839
10.21217728 -4.27305508 13.90856647
11.25871468 -3.71951604 16.71369743
11.10182953 -5.31562614 17.52133560
9.92405128 -5.84818697 15.08837318
9.46536732 -7.44533300 16.96726990
10.69812775 -6.76330805 18.67161179
10.17912006 -7.97484207 19.93443298
8.76350021 -1.38987303 10.65549469
7.83080912 -2.11111999 7.66419506
7.28887177 -0.22280000 8.14589500
9.18441582 2.85480905 22.44904327
9.28252792 3.46953797 25.56421280
10.67437172 2.07158589 25.04529190
8.98967838 4.24843597 28.83235359
8.45615482 5.10476685 32.12141418
10.17625046 3.72449493 31.79280090
10.66429996 2.85535789 28.46040535
11.91912746 1.35631394 28.02895546
11.63444710 2.22946692 31.46018219
12.92858410 0.63467002 31.19696808
7.52411699 5.92291594 35.19071198
6.69373608 6.62322092 37.71725464
5.63179111 7.35792208 38.33847046
8.16486740 5.50997114 37.93175507
4.12760687 8.27766132 40.23775864
5.04248190 7.72241402 39.95394897
8.98758888 4.70399284 39.24879456
8.07138062 5.50888300 39.81246948
7.31073809 6.13006401 40.04271317
6.66750002 6.46149206 41.43692017
7.43128777 5.87864017 41.07016754
8.25280190 5.19861984 40.68385315
9.03327179 4.49183607 40.35829163
6.95073414 6.45999098 39.21306610
6.02559996 7.09618282 39.58635712
12.37800217 1.52532899 34.36252594
13.42448616 -0.22598700 34.19472885
11.52193069 2.43305397 37.11724091
12.70668697 0.75589198 36.94166565
13.59088707 -1.05423796 36.89944458
10.13007736 3.45247507 39.39330292
11.53308392 1.76010203 38.93683624
10.55327129 2.60652089 40.40678787
9.79741573 3.47760701 40.78940201
11.31524467 1.30542397 40.58081055
12.67985153 0.04099800 39.06208801
13.29076195 -1.73550701 39.09193420
12.24133587 -0.45909801 40.39208221
12.77807045 -2.15653110 40.66449738
9.18914986 4.14695692 40.95802307
9.92219925 3.97543311 37.21921158
11.01738071 3.11716104 34.61428070
9.42827511 4.60659218 34.93151855
13.41348839 -3.46905994 39.18794250
13.81578445 -4.73922396 37.14557648
13.97737312 -2.95953989 36.96622086
13.89878082 -5.89028978 34.66111374
14.21692753 -4.12374306 34.33312988
13.54481697 -6.74431705 31.77268219
14.14967155 -5.19805288 31.39056396
14.21284580 -3.23344398 31.14032745
14.30516434 -2.17611504 34.23477936
13.77759075 -1.24456704 31.06367493
12.94567680 -7.35763884 28.62510681
13.46591759 -5.82881880 28.03920746
11.99363804 -7.59653807 25.31348801
12.62598991 -6.18750095 24.60179520
12.90851974 -4.61163092 24.02769852
11.03108025 -7.77749109 22.27389145
11.71127510 -6.44568682 21.38123703
12.09566498 -4.96871614 20.55726624
12.14901733 -3.32608199 20.05804825
12.84077263 -0.31932899 27.68745422
12.42295837 -1.08320403 23.99436569
11.71020699 0.57004899 24.45643806
11.83087254 -1.65757596 20.22154808
11.20903873 -0.02351400 20.81776619
10.28976154 1.50614202 21.67819977
12.83522224 -2.84062004 23.79223824
13.43035984 -2.15850401 27.54863358
13.59252644 -4.08103800 27.67020416
-1.34192395 -1.31915700 -0.58555597
0.40393001 -3.02101898 0.61860001
-2.50477505 -3.38080597 1.52152896
2.19942093 -4.63549519 2.79042101
3.80854297 -5.96540403 5.68666887
0.93897700 -6.59597921 5.86389303
-0.74651700 -5.11809206 3.29818106
-3.65692306 -5.47658396 4.73495197
-1.98523796 -7.00446987 6.89690208
-4.67204618 -7.34522390 8.51691055
5.25516891 -7.01409578 9.05923367
6.60000086 -7.81682301 12.61470890
4.13196802 -8.71770954 12.43184853
7.86700392 -8.42074966 16.20826340
8.98948002 -8.86461163 19.62669182
7.16774797 -9.90604210 19.45857239
5.69988012 -9.42992401 16.00186920
3.06458402 -10.20425224 16.09597969
4.83057594 -10.87933731 19.55401421
2.14856601 -11.60557175 19.84950066
-3.08043098 -8.57507801 10.84550858
-5.50721598 -8.85596943 12.34592533
-1.42229795 -9.67322254 13.57030964
-3.93331194 -9.91047478 14.62038994
-6.07455111 -10.00953579 16.00984192
0.30304101 -10.65480328 16.54688454
-2.31607389 -10.90246391 17.23445892
-0.59300297 -11.97110367 20.28893280
-3.10996008 -11.96720123 20.85701370
-4.67876911 -11.00855064 18.15490150
-6.52706814 -10.88021278 19.32985306
-5.18953085 -11.70997143 21.51962090
-6.59786081 -11.38806152 22.18649292
1.31639004 -9.31123447 12.76749611
-0.36476901 -8.25302315 9.66532898
2.52271199 -7.78125811 8.98464870
10.02654743 -8.99133968 22.79985428
11.05903912 -8.89744568 25.91361427
9.64030647 -10.05446243 26.32139969
11.93618202 -8.60507393 29.15960121
12.72064781 -8.14006233 32.29944611
11.50043106 -9.31632423 32.79933929
10.66507721 -9.79045773 29.64380646
9.00251961 -10.85499954 30.03989601
9.93741703 -10.34810066 33.28456879
7.88132095 -11.03982925 33.60310364
13.16343880 -7.35164499 35.09355927
13.26955223 -6.29045010 37.46501160
12.16979790 -7.44802999 37.65772247
12.92738819 -4.93032408 39.12229919
12.50137424 -3.68718100 40.58414459
12.20234108 -4.99352503 40.51648712
12.08708000 -6.26616907 39.63282013
11.32738113 -7.44684601 39.56200409
11.29989243 -6.21804905 41.06260681
11.72371101 -5.63016081 40.89355469
11.26629353 -6.84352303 40.53269196
10.68813705 -7.35879183 40.80833054
8.56381035 -10.27605820 36.85095215
6.88435984 -10.98844719 36.57876205
7.66118002 -10.08969402 39.38659668
8.54783154 -9.78938675 39.08472443
7.18825579 -10.53968430 38.38046265
6.11899185 -10.77697754 38.76108551
9.53730965 -9.43852901 38.36926270
9.68232727 -8.92358208 39.66711426
8.85729313 -9.28537846 40.05885315
9.94181442 -8.38690853 40.35596085
10.01219940 -7.79301405 41.18682861
9.28481770 -8.14019966 41.61950684
7.94647312 -9.56379509 40.56171417
7.00543690 -9.76242256 41.09620667
10.78558445 -8.51233673 38.43236923
10.59515381 -7.94724703 40.10103226
10.45053482 -9.46015167 35.91051865
12.08027363 -8.59330940 35.59250641
-0.02487200 -11.69712543 37.57322693
-1.24853599 -12.05570793 35.17414856
0.98038000 -12.24314308 35.04106140
2.17114711 -11.74259186 37.45081329
3.34311891 -12.10272312 34.79352188
1.06400394 -11.68822861 37.88776398
4.46379900 -11.50245953 37.15834808
5.71276379 -11.66650963 34.37456131
5.63697577 -11.23456383 37.26302338
3.29927492 -11.59053421 37.70503235
4.93627977 -10.95329857 39.16758728
3.78498697 -11.11678219 39.37657547
2.68929911 -11.22608566 39.49584198
1.61893702 -11.26939201 39.56254578
-2.77540302 -12.64394379 31.54497528
-0.48424700 -13.00544453 31.37331390
-4.22869778 -12.54646587 28.13441849
-2.06858301 -13.06750011 27.91333771
0.46501800 -13.18758583 27.55632591
-5.62538481 -12.08043861 24.85061264
-3.71741199 -12.66213036 24.52861023
-1.34305298 -12.91569424 24.07010841
1.36914301 -12.77088356 23.62373924
6.98880911 -11.81101418 30.39745331
5.71917820 -12.19577217 26.84803009
7.89729023 -11.19109631 26.58682442
4.12576723 -12.26709938 23.27091789
6.61441708 -11.31628990 23.03935051
8.60519409 -10.18630409 22.93933105
3.16161895 -12.89449978 27.17364120
4.63497877 -12.55662727 30.74635315
2.06393504 -12.97398567 31.08461380
-2.63720703 0.45050201 -0.73987299
-4.07240200 -1.50870299 0.71427399
-5.13347292 0.44324201 1.12208796
-5.34003496 -3.69449997 3.35883188
-6.29419899 -5.82771301 6.82038498
-7.82846785 -4.00513220 5.90272999
-6.70247221 -1.73879194 2.94392705
-7.35406303 0.28174499 3.93539095
-8.86369419 -2.00450802 5.98933697
-9.14921093 0.05797300 7.35724306
-6.99538708 -7.63887691 10.61633873
-7.50434685 -8.98576927 14.34946346
-9.03322601 -7.73179722 13.11875343
-7.85319185 -9.99523640 17.87868881
-7.78043890 -10.69318771 21.23956680
-9.10630417 -9.70447254 20.34655380
-9.18857193 -8.86094761 16.74270630
-10.67269421 -7.45744514 15.96809769
-10.46432209 -8.42266655 19.67869377
-11.78347206 -6.84626484 19.24352264
-10.61342907 -2.16121292 9.44139767
-10.61379814 -0.03562900 10.95820045
-11.58675957 -4.12291622 12.29078197
-11.91966057 -2.01968503 13.00509834
-11.70259476 0.11548400 14.52441406
-11.99610615 -5.68434906 15.60565567
-12.68663979 -3.67004395 15.80632401
-12.87449932 -5.00041723 19.07619476
-13.36985207 -2.95505905 19.30958939
-12.75803757 -1.55187094 16.57608414
-12.35731602 0.45319399 17.95859909
-13.28911781 -0.87835503 19.91489029
-12.81202602 0.81215501 20.68701172
-10.53723526 -6.08612394 12.35121346
-9.92253780 -4.21758223 8.95258045
-8.56383801 -6.08991909 9.41979790
-7.14641905 -11.21096897 24.69485092
-5.99082518 -11.68919659 28.09953308
-7.46232986 -10.60160828 27.78607750
-4.70123577 -11.92601776 31.53745270
-3.23037100 -11.54931068 35.19573593
-4.92752600 -10.76605034 35.09651947
-6.29953623 -10.93142223 31.33705902
-7.68489695 -9.74886036 30.99830627
-6.37922287 -9.75827980 34.89619446
-7.65314579 -8.56545639 34.63943481
-2.04286194 -11.34973431 37.60774612
-1.04092503 -11.49035835 37.95225525
0.57566702 -11.24534607 39.59106064
-0.43398899 -11.14930153 39.59832382
-1.39562404 -10.98011589 39.60126495
-2.30667996 -10.74014759 39.59915161
-7.79058695 -7.57498789 37.05737305
-7.16968298 -8.16692448 37.51898956
-6.63670921 -8.81501961 37.24844360
-5.98689604 -8.71517277 39.34313965
-6.57219410 -8.16449356 39.27688217
-7.12125778 -7.56545782 39.21928406
-7.64313221 -6.92060089 39.15916443
-5.32905579 -9.87047386 37.42926788
-5.95356321 -9.30875206 37.69952011
-3.81334496 -10.72657967 37.55953979
-2.92825890 -11.00089169 37.94606018
-4.55809402 -10.26140022 37.85451889
-3.15964794 -10.44015789 39.57653046
-3.95120096 -10.08552647 39.53208923
-4.68158484 -9.67663765 39.47861481
-5.35903788 -9.21804810 39.41509247
-10.35990047 -2.87207508 36.62292099
-11.15046692 -2.18087506 33.83712769
-10.59223366 -3.99181795 33.95125198
-9.68508339 -4.58635998 36.73010254
-9.78850365 -5.67688990 34.13253021
-9.97433853 -3.71040010 37.06735229
-8.81468487 -6.16151381 36.87656021
-8.79254913 -7.20393896 34.37181473
-8.25208092 -6.84432220 37.34086609
-9.19837570 -5.35360909 37.18668365
-8.13368511 -6.23581791 39.10132980
-8.58917522 -5.50813723 39.05635834
-9.00718689 -4.74244022 39.01840973
-9.38544846 -3.93876600 38.98221207
-12.22952843 -1.53320706 29.62715149
-11.82600689 -3.48129702 29.70711899
-12.86477375 -0.74424303 26.12227249
-12.72169304 -2.75649500 26.07714081
-12.18800354 -4.71157122 26.14735031
-13.15385723 0.10186500 22.97825050
-13.35305691 -1.90026498 22.72461319
-13.17372513 -3.95627904 22.54581451
-12.38853741 -5.89863205 22.61582565
-8.94970512 -8.42564201 30.60143280
-10.07631207 -8.01533890 26.82691574
-8.80173874 -9.37648964 27.31517029
-11.10025978 -7.57800388 22.98226166
-9.79089832 -9.00289726 23.48483849
-8.45285988 -10.18283653 24.11978149
-11.25968075 -6.47441483 26.40755081
-10.11159420 -6.95574093 30.21297455
-11.10355759 -5.31005383 29.89888191
-3.37408805 2.25466704 0.71330798
-5.60503578 2.32008100 3.08312893
-7.47486877 2.20108199 6.22894001
-5.77555418 3.97042799 6.18029022
-3.85725188 3.88368702 3.53784299
-4.15399504 5.22163105 7.23169708
-9.00699139 2.03417492 9.79087830
-10.29467869 1.99069500 13.33918953
-8.74975395 3.78883410 12.86570930
-11.18303013 2.06406498 16.85318565
-11.92260361 2.18109488 20.10657120
-10.83489132 3.71336102 19.68893814
-9.88569069 3.73640299 16.29473305
-8.44481754 5.18145323 16.27753830
-9.55115032 5.11249924 19.61281586
-8.13291168 6.24452209 19.85003090
-4.34503984 6.24799681 11.26037216
-5.78989506 6.36054802 13.82682514
-4.38989019 6.92137194 15.11875534
-7.05830812 6.31861305 16.71284866
-5.63814211 7.02368021 17.55606461
-6.72875500 7.05390978 20.40113831
-5.41335678 7.59299088 21.18292236
-4.37360907 7.42862415 18.70483398
-4.27306890 7.92719603 22.07481766
-7.25790691 5.31982422 13.03091621
-5.82592106 5.35925388 9.94780731
-7.38803101 3.90959001 9.42796135
-12.62417793 1.91393995 22.99415588
-12.65852356 1.20231795 26.15962982
-12.07536507 3.00642800 26.14839554
-12.30433846 0.42949501 29.60624123
-11.42969513 -0.30887499 33.76852798
-11.40565014 1.54401600 33.74325562
-12.03699017 2.32149792 29.60695076
-11.40689659 4.08721781 29.65860748
-11.06144905 3.33186293 33.78956604
-10.41729164 5.02037096 33.89225006
-10.79496956 -1.05750799 36.55146027
-10.53428555 -1.94533801 36.98660278
-9.71770000 -3.10156989 38.95039368
-9.99800014 -2.23493409 38.92329407
-10.21874905 -1.34404099 38.90355682
-10.37893105 -0.42055801 38.88026047
-9.71415043 5.91087723 36.66749573
-10.03090477 5.13048887 37.03500748
-10.39266682 4.27584314 36.59373474
-10.12417221 3.87096310 38.91969299
-9.85741520 4.74614191 38.98199463
-9.56271744 5.57233000 38.94419861
-9.21809578 6.33378506 38.93963242
-10.83553123 2.54158092 36.46823883
-10.59319115 3.42396307 36.92507172
-10.96892738 0.76976800 36.45854568
-10.84720993 -0.11079800 36.90142059
-10.87699699 1.68010795 36.84391403
-10.50417519 0.47239500 38.72691727
-10.52619171 1.32830298 38.70231628
-10.47489357 2.17979908 38.70727921
-10.35258293 3.01335406 38.74498749
-7.33441401 8.90434361 34.51264191
-7.81855202 8.54409599 36.96330643
-8.48026657 7.85921478 34.26456070
-7.26321697 9.06190586 37.42135620
-8.83796883 7.34541702 36.79109192
-9.53272915 6.54808998 34.04570007
-9.26317692 6.67202997 37.10880280
-8.31998444 7.99494791 37.25453186
-8.82322693 7.03945780 38.96876526
-8.38856316 7.69006395 39.01677322
-7.91775703 8.28224754 39.07541275
-7.42116022 8.81194115 39.13364029
-6.73487377 9.10606956 30.83406830
-5.95072412 8.84122372 27.66749763
-7.26064682 8.20637512 27.17558479
-5.10403395 8.38296700 24.70162582
-6.38540411 7.91703892 24.03866005
-7.79134083 7.24623823 23.43288803
-10.44991970 5.69020414 29.81765175
-9.91385365 6.06908417 26.38362122
-11.12240696 4.63922310 26.19366074
-9.09325218 6.23578978 23.04267120
-10.44626713 5.01248217 22.84593582
-11.63382053 3.54393291 22.87015152
-8.60208702 7.27744722 26.72192001
-9.28073883 7.09773922 30.09378052
-8.01587296 8.25529575 30.45241165
8.37615395 4.87312508 41.43748474
8.45741463 4.55729294 42.00844574
10.39435768 2.12828493 41.65049744
9.72196770 2.90490294 41.99321747
9.66759491 2.62418890 42.41564560
9.77786636 3.19141889 41.43664551
10.99380493 0.20028700 42.17837524
10.52997875 0.96563601 42.40084839
10.38812828 0.71169502 42.72150421
11.38185310 0.54123199 41.32361603
10.84064102 1.43911195 41.54608154
10.69118214 1.20724499 42.00349808
10.39916992 2.43827391 41.21607208
11.44635677 -1.15538204 42.05926514
11.21365166 -0.41441801 42.14701843
10.91501141 -0.55340201 42.54325867
11.70892334 -0.67385501 41.52156448
11.11437988 0.45525500 41.86899567
11.42153168 -2.36487293 42.24468994
11.44609356 -1.76909602 42.17765808
11.04745007 -1.81068003 42.62337494
11.92609501 -2.30107498 41.59539795
11.15958595 -2.93434405 42.50990295
11.60883331 -2.95509100 42.01243210
11.86839104 -3.52912402 41.59337616
11.47741795 -4.24466515 41.89516449
11.98706818 -4.30492687 41.22518921
11.14970016 -5.55289221 41.71730042
10.68848801 -6.73287582 41.46022415
10.62267971 -6.09021187 42.02588654
11.62541866 -4.95498800 41.43035889
11.32883835 -3.56034207 42.23896027
10.93107224 -2.36577392 42.77610779
11.03606129 -1.20157599 42.55203629
10.69933987 0.09201900 42.59408569
10.18111992 1.95997000 42.19941711
9.10055733 3.92226601 41.72038651
6.57547808 -10.27773476 40.07362366
9.09216881 -8.72399521 40.92882538
6.38053799 6.78394890 40.65150452
1.93339205 9.33812904 39.88908005
-8.16093254 0.07897200 45.35126114
-7.87852001 -0.97591102 45.46440887
-7.37212086 -0.12493100 46.24956894
-6.89618111 -1.20023894 46.53450775
-6.54907084 -0.10803400 47.08034897
-7.49650002 -1.90918505 45.64748383
-6.85786200 -2.21878099 46.29047775
-5.87926388 -0.94725603 47.58446503
-7.27701807 -2.83376193 45.49862671
-6.41773319 -3.04152107 46.42425156
-6.14031982 -2.09996700 47.08007431
-6.85797024 -3.88191295 45.38619232
-5.88766718 -4.00939894 46.52323914
-5.43252611 -3.20442700 47.45478058
-5.29523182 -1.98316205 47.94706345
-5.19736719 -0.16502801 48.26660156
-5.10707188 -1.11659706 48.26337814
-6.17215395 -4.85703611 45.54856873
-5.18020296 -4.95362186 46.74520111
-5.23453903 -4.12786102 47.27133942
-4.42102098 -4.35266781 48.20028687
-4.58428478 -2.82227397 48.48413086
-4.57235289 -1.70625806 48.66054916
-5.55151892 -5.77985907 45.53366852
-5.03667402 -6.56373882 45.35999298
-4.65827322 -6.06337976 46.38353729
-4.18499708 -7.10981703 45.72108459
-3.66695499 -6.49072504 47.20585632
-4.31663895 -5.50677109 47.41471100
-3.64658403 -5.68936205 48.34675980
-3.61630702 -5.11697912 49.25925446
-2.88652802 -6.58410120 48.36142731
-2.96224308 -6.09653187 49.49350739
-3.27240992 -5.51056623 50.05123901
-3.50195408 -7.84455204 45.45252991
-3.16348696 -7.41017103 46.46717072
-2.79912496 -7.09192801 47.46648407
-2.66581011 -8.18752956 45.69618225
-2.14426708 -7.74600601 46.97592163
-2.12637711 -7.23630905 48.15203476
-2.11143804 -6.90846300 49.36627960
-1.46443796 -7.67299700 47.82942963
-1.34649801 -7.41717005 48.77166748
-1.12544501 -8.12179565 47.03287506
-1.65024900 -8.49815178 45.92424774
-0.80144101 -8.58873463 46.24190521
-0.57459199 -7.84101486 48.08642578
-0.47362500 -7.55561590 49.39308929
-1.32559896 -7.28766298 49.71244049
-0.10865900 -8.37124825 46.93410873
-0.17744800 -8.91837025 45.80022049
0.20261200 -7.74175882 48.63785553
-3.92541790 -3.45066905 49.23163605
-3.82048607 -2.23760700 49.29225159
-4.53871918 -0.77727300 48.76179123
-3.82227707 -4.31634092 49.35857391
-4.03604507 -1.29702103 49.12459946
-3.85381889 -0.51249099 49.27481079
-3.56393099 -4.74139500 50.03059387
-3.57343292 -3.92261505 50.01671982
-3.30823588 -3.05387211 49.96846008
-3.35308909 -1.24747002 49.58556747
-2.92167997 -2.08262205 49.92533112
-2.36960506 -1.06680298 50.08778381
-2.01582599 -2.14495301 50.30782318
-1.35494900 -1.35840404 50.38245392
-1.03395295 -2.23007989 50.46247101
-0.57787198 -1.56784797 50.47563553
-0.07223100 -2.10664701 50.49067307
-0.60403198 -0.79277802 50.52334976
-7.66331291 0.70016903 46.01573181
-6.98653984 0.76904702 46.71498108
-6.19091177 0.81235301 47.45227432
-5.88656282 0.04967200 47.70543289
-8.24468136 1.18807304 45.27733612
-7.46733379 1.58934999 46.17034149
-6.58794308 1.74304700 47.02618790
-7.11202908 2.52865005 46.39201355
-8.11563683 2.58530593 45.22767258
-7.13284302 3.71113396 46.06473541
-5.55384779 0.65966201 48.00563049
-6.18819809 2.98389196 47.18404007
-5.50435400 1.75912094 47.98112488
-7.48610020 5.11538792 45.15036011
-6.61031818 4.70703793 46.28749847
-6.25012589 4.07289505 46.86238098
-6.38202810 5.64042091 46.06945038
-4.93092394 0.84275699 48.51065826
-5.13738203 3.06209493 48.12207794
-4.69472408 2.34667301 48.63424683
-5.51794004 3.97934699 47.55341339
-4.69020510 4.05886078 48.26838684
-5.03867102 4.72431803 47.70638275
-5.75629377 4.95256710 46.98056030
-5.58653879 5.87799406 46.67047501
-4.40607691 0.13879500 48.90473175
-4.19575691 1.05190599 49.09507751
-4.66404009 1.61290205 48.71769333
-4.17783499 3.23243189 48.97664642
-4.86216688 5.63068390 47.38819885
-3.66013503 0.39685401 49.45231247
-3.94697690 2.06268096 49.29930115
-3.89465809 4.35771179 48.94052124
-3.07705903 -0.28389999 49.77046204
-2.86718702 0.73132002 49.99811554
-3.51243091 1.25917697 49.62745285
-3.36120200 3.85299492 49.77037430
-3.47689891 2.87988496 49.72347260
-3.20806789 4.75742388 49.58409882
-4.33703279 4.98561287 48.19495392
-3.56826091 5.25212383 48.78314972
-2.85799408 2.05469799 50.26111603
-3.01895690 3.19545102 50.28325653
-2.89984298 5.46256781 49.41276550
-2.31907010 -0.00064100 50.19178009
-1.74371302 0.96451199 50.65890503
-0.68453199 0.18267900 50.69726944
-0.66807002 0.94470799 50.99526978
-5.87931824 6.60303211 45.95015717
-5.17944002 7.42826414 45.87083817
-6.13486719 7.55333900 44.99356461
-5.02667093 6.53847790 46.68301773
-3.94034004 5.87757301 47.95929337
-4.31647205 6.43532705 47.25989532
-4.30796194 7.22803783 46.61749268
-4.33659887 8.23192596 45.64119720
-5.35453701 8.36836433 44.87157059
-3.11120701 6.06193590 48.52936554
-3.42521000 6.88166809 47.44388580
-3.23841691 8.75959396 45.48343277
-3.53518796 7.81287384 46.45558929
-2.39707303 6.80515814 48.22658539
-2.34538388 7.90609503 46.79203796
-2.42245889 6.07415104 49.24280930
-2.28500700 8.82987976 45.59078217
-1.66744804 6.57323122 49.18055344
-1.40028000 7.29804611 48.02733994
-0.68615401 6.93178701 49.04548645
-0.31374899 7.47452497 47.88063812
-0.98545903 8.04425716 46.87985229
-1.47603297 8.69712925 45.83825684
0.08413200 8.07474136 46.72545242
-0.45529100 8.70818138 45.75961304
0.29772300 -7.99994421 47.85610962
0.73252702 -8.84332657 46.07331085
0.89410001 -8.26605415 47.21025848
1.07652605 -7.77524614 48.29644775
1.58907902 -9.09494400 45.54868317
1.61635101 -8.56365585 46.49967957
1.75117505 -8.03559971 47.41695786
1.41855001 -7.27441978 49.88507080
1.63230598 -7.33454514 49.12056732
2.07712007 -6.94604015 49.80243683
2.45304394 -8.83709717 45.77105713
2.27697492 -8.29407120 46.74005127
2.57236099 -7.80302811 47.36028290
2.07004809 -7.51425123 48.22261047
2.46364999 -6.96461296 48.97502899
2.81850290 -6.36447811 49.80788422
2.99043798 -8.23108673 46.46519852
3.24483895 -8.66924953 45.69238281
2.92437410 -7.17875004 48.05327606
3.42198706 -7.57230902 47.08617020
3.97409892 -8.20829964 45.89857483
4.08017015 -5.83325386 48.40432739
3.26036811 -6.45491505 48.77697754
3.76149201 -6.77323389 47.77301788
4.31737709 -7.24698782 46.76941299
4.90588093 -7.74452400 45.83517456
5.28862095 -6.82711077 46.39837646
4.57813501 -6.36630487 47.39989471
5.28040600 -5.91171885 47.09381104
0.18136200 -1.34988403 50.51258087
0.33626601 -0.31524700 50.63525391
0.92737103 -2.16098189 50.47980499
1.08221400 -1.15391695 50.46237183
1.25449896 -0.31432700 50.51185989
1.87648106 -1.94535196 50.34674835
1.91652799 -0.83515000 50.27667999
1.90409398 0.15356000 50.38108063
2.72598290 -2.51344299 50.20986176
2.70129204 -1.41869795 49.98650360
2.67510104 -0.32830399 49.95322418
3.38578200 -3.02667904 50.01396179
3.53574300 -2.02971792 49.60735703
3.46951008 -0.85540903 49.50070572
3.51859689 -5.62294006 49.56904602
3.77584600 -3.80261898 49.86299896
4.01204395 -2.87111712 49.38566208
4.25687885 -2.15028596 49.07015991
4.18677187 -1.36533797 49.04427338
3.46443009 0.40182799 49.45709229
4.04349995 -5.09292603 49.07180023
4.23443794 -4.35848188 49.11689758
4.64178610 -4.91035986 48.34194946
4.76126480 -4.07996178 48.51360703
3.74701500 -4.74300289 49.87812805
4.44033623 -3.52293992 48.97909927
4.67051792 -2.68915510 48.73919678
4.24167013 -0.38624799 48.91362000
5.31081009 -4.27647781 47.86154556
5.31034422 -5.11733484 47.52791595
5.18810701 -3.33388805 48.19644928
4.87048292 -1.78999102 48.52894211
4.73366117 -0.97311801 48.58773804
6.40246391 -6.82203197 45.52564240
5.72721481 -7.57403612 45.42876053
5.87541819 -6.14581108 46.42498016
6.56211996 -5.77994919 46.05406189
7.34966707 -6.21106482 45.16003036
5.91315413 -5.41669416 46.81656647
6.00644922 -3.64343905 47.34893417
5.89358997 -2.66639400 47.60189056
5.25189114 -2.46154404 48.20396805
5.64208221 -1.82657695 47.86687469
5.34480190 -1.05726504 48.09487152
5.01689100 -0.26260301 48.29111099
7.39676094 -5.12978888 45.63424683
6.54144192 -4.99466991 46.44632721
6.92767906 -4.09374189 46.39026642
5.99017286 -4.58590794 47.10115814
6.52424097 -1.82042503 47.08200836
5.98001480 -1.16632903 47.56177139
5.82831717 -0.32605401 47.62223816
7.77016211 -3.20817995 45.82387924
8.10971832 -4.21043396 45.31443787
7.60443687 -2.11366701 46.09932709
6.77818680 -2.92051101 46.76032257
7.23834991 -1.26240003 46.44874573
6.57828379 -0.81147200 47.01608276
6.55738497 0.06123900 46.93800354
7.38308907 -0.39139500 46.24841309
8.14269829 -1.21475101 45.61417389
8.17555809 -0.38582101 45.50597763
0.09621900 0.64247900 50.93497086
1.03150105 0.58166099 50.79235077
1.95591497 1.23220503 50.64617157
2.58528900 0.58881801 50.08787537
2.43919611 1.93249702 50.56843948
2.92002201 1.48778498 49.97941589
2.86394691 2.47353601 50.26133347
3.34340096 2.21918201 49.62554932
3.14644194 3.94213200 49.75723648
3.30645490 2.99899411 49.66110611
3.68847895 3.48997402 48.99504089
3.45705700 4.35094118 48.90429306
3.98488998 3.94732904 48.35454941
3.78038502 1.56835103 49.17459488
3.84353495 2.56626701 49.01661301
4.41046715 3.12064505 48.19753647
4.55854702 4.04069090 47.56029892
4.56914997 0.74042398 48.53353882
4.54152679 1.99013603 48.37165070
5.40671682 4.07818317 46.57591629
4.58641911 5.03963995 46.77635193
0.25367299 7.03081608 48.83190155
0.85793900 7.40380192 47.61114883
1.10546803 6.80834198 48.85749054
1.07072997 8.14116096 46.15509033
0.33817601 8.55890465 45.81808472
1.75007904 6.36229420 49.23215103
2.11302495 6.70088387 47.81263351
1.71490800 7.51077604 46.80192184
2.44525194 7.27672386 46.52594757
3.12979007 7.45984888 45.50059509
2.12303495 7.94636011 45.69785309
3.20556402 6.67448997 46.58061981
3.21040201 5.09527302 48.64605331
3.84747005 4.70795298 48.00766754
3.35495710 5.72540903 47.63778687
2.53455591 5.76360989 49.00839233
2.89317203 4.90437412 49.57421112
4.21055222 6.75823784 45.32258987
4.08247900 6.01853991 46.39087677
5.83437300 4.78696012 45.57606506
5.16466904 5.79643917 45.38317108
5.10742188 2.48484993 47.67155838
5.87243700 2.54740000 46.87059784
5.20086098 3.28286505 47.25443649
6.44765806 3.85455704 45.59275055
5.38453579 0.42263201 47.89305115
5.56272697 1.43543398 47.52097321
6.61851501 1.80916595 46.41379166
6.90037489 2.82395697 45.70115280
5.94393921 3.34039998 46.44062805
5.96261501 0.50719303 47.38426208
6.51486588 0.90583903 46.79977036
7.12997484 0.42490399 46.35079956
7.32921219 1.10968494 45.97283173
7.63035202 1.90128398 45.38683319
7.92601204 0.35429299 45.59937286
-2.63871598 -2.74220300 50.28513718
-1.51545000 -0.34567899 50.42601776
-6.93138885 6.53572702 44.96102905
0.68774402 -7.53521013 49.48336029
4.77293301 -5.62474585 47.77843475
2.95408511 3.29997301 50.27107239
0.00000000 1.48386300 51.17419815
0.00000000 1.20429206 51.24910736
0.50818998 1.53220904 51.16124344
0.56465602 1.25801003 51.23471451
0.99685103 1.67539203 51.12287521
1.10761201 1.41710305 51.19208527
1.44720304 1.90790796 51.06057358
1.60800397 1.67545402 51.12285995
1.84194005 2.22082210 50.97673035
2.04660010 2.02313590 51.02969742
2.16589189 2.60210800 50.87456512
2.40654707 2.44678712 50.91618347
2.40661097 3.03711605 50.75800323
2.67401195 2.93012905 50.78667068
2.55484509 3.50912595 50.63153076
2.83871603 3.45458388 50.64614487
2.60489702 4.00000000 50.50000000
2.89433002 4.00000000 50.50000000
2.83871603 4.54541588 50.35385513
2.55484509 4.49087381 50.36846924
2.67401195 5.06987190 50.21332932
2.40661097 4.96288395 50.24199677
2.40654802 5.55321217 50.08381653
2.16589308 5.39789104 50.12543488
2.04660106 5.97686386 49.97030258
1.84194100 5.77917814 50.02326965
1.60800397 6.32454586 49.87714005
1.44720304 6.09209204 49.93942642
1.10761201 6.58289814 49.80791473
0.99685103 6.32460785 49.87712479
0.56465602 6.74199009 49.76528549
0.50818998 6.46779108 49.83875656
0.00000000 6.79570818 49.75089264
0.00000000 6.51613712 49.82580185
-0.50818998 1.53220904 51.16124344
-0.56465602 1.25801003 51.23471451
-0.99685103 1.67539203 51.12287521
-1.10761201 1.41710305 51.19208527
-1.44720304 1.90790796 51.06057358
-1.60800397 1.67545402 51.12285995
-1.84194005 2.22082210 50.97673035
-2.04660010 2.02313590 51.02969742
-2.16589189 2.60210800 50.87456512
-2.40654707 2.44678712 50.91618347
-2.40661097 3.03711605 50.75800323
-2.67401195 2.93012905 50.78667068
-2.55484509 3.50912595 50.63153076
-2.83871603 3.45458388 50.64614487
-2.60489702 4.00000000 50.50000000
-2.89433002 4.00000000 50.50000000
-2.83871603 4.54541588 50.35385513
-2.55484509 4.49087381 50.36846924
-2.67401195 5.06987190 50.21332932
-2.40661097 4.96288395 50.24199677
-2.40654802 5.55321217 50.08381653
-2.16589308 5.39789104 50.12543488
-2.04660106 5.97686386 49.97030258
-1.84194100 5.77917814 50.02326965
-1.60800397 6.32454586 49.87714005
-1.44720304 6.09209204 49.93942642
-1.10761201 6.58289814 49.80791473
-0.99685103 6.32460785 49.87712479
-0.56465602 6.74199009 49.76528549
-0.50818998 6.46779108 49.83875656
0.57886600 4.96846199 50.24050140
0.00000000 5.11828279 50.20035553
0.00000000 4.69892693 50.31272125
0.51165003 4.49421597 50.36757660
1.00262499 4.55914211 50.35017776
0.72358298 4.00000000 50.50000000
1.15773201 4.00000000 50.50000000
1.00262499 3.44085789 50.64982224
0.51165003 3.50578403 50.63242340
0.57886600 3.03153801 50.75949860
0.00000000 3.30107307 50.68727875
0.00000000 2.88171697 50.79964447
0.00000000 2.32257509 50.94946289
0.66456699 2.45026207 50.91525269
1.22795999 2.81388092 50.81781769
1.60440695 3.35807705 50.67200089
1.73659801 4.00000000 50.50000000
1.60440695 4.64192295 50.32799911
1.22795999 5.18611908 50.18218231
0.66456699 5.54973888 50.08474731
0.00000000 5.67742491 50.05053711
0.00000000 6.09678078 49.93816757
0.83070898 5.93717289 49.98093414
1.53495097 5.48264790 50.10272598
2.00550890 4.80240393 50.28499603
2.17074800 4.00000000 50.50000000
2.00550890 3.19759607 50.71500397
1.53495002 2.51735210 50.89727402
0.83070898 2.06282711 51.01906586
0.00000000 1.90321898 51.06183243
-0.57886600 4.96846199 50.24050140
-0.51165003 4.49421597 50.36757660
-1.00262499 4.55914211 50.35017776
-0.72358298 4.00000000 50.50000000
-1.15773201 4.00000000 50.50000000
-1.00262499 3.44085789 50.64982224
-0.51165003 3.50578403 50.63242340
-0.57886600 3.03153801 50.75949860
-0.66456699 2.45026207 50.91525269
-1.22795999 2.81388092 50.81781769
-1.60440695 3.35807705 50.67200089
-1.73659801 4.00000000 50.50000000
-1.60440695 4.64192295 50.32799911
-1.22795999 5.18611908 50.18218231
-0.66456699 5.54973888 50.08474731
-0.83070898 5.93717289 49.98093414
-1.53495097 5.48264790 50.10272598
-2.00550890 4.80240393 50.28499603
-2.17074800 4.00000000 50.50000000
-2.00550890 3.19759607 50.71500397
-1.53495002 2.51735210 50.89727402
-0.83070898 2.06282711 51.01906586
0.00000000 3.72042894 50.57490921
0.28943300 4.00000000 50.50000000
0.00000000 4.00000000 50.50000000
-0.28943300 4.00000000 50.50000000
0.00000000 4.27957106 50.42509079
0.00000000 -6.95830488 50.50000000
-0.00000200 -7.61095619 50.50000000
0.49988401 -6.93274784 50.50000000
0.95789599 -7.45392513 50.50000000
0.98437202 -6.84255123 50.50000000
1.73755503 -7.10293293 50.50000000
1.51913702 -6.67446899 50.50000000
2.01829696 -6.42265987 50.50000000
2.39211702 -6.63687611 50.50000000
2.45092392 -6.05639601 50.50000000
2.80525088 -6.23410797 50.50000000
2.79179001 -5.71896887 50.50000000
3.21320510 -5.69464302 50.50000000
3.01775193 -5.36455917 50.50000000
3.47028899 -5.18120193 50.50000000
3.18573689 -5.02515793 50.50000000
3.57184911 -4.80017805 50.50000000
3.27013302 -4.65823698 50.50000000
3.61493611 -4.34319115 50.50000000
3.26870894 -4.37479305 50.50000000
3.26124907 -4.12673998 50.50000000
3.48112607 -3.92839599 50.50000000
3.22025704 -3.95435810 50.50000000
3.28822708 -3.62482500 50.50000000
3.12448096 -3.76941299 50.50000000
2.99232411 -3.58684111 50.50000000
2.97207093 -3.31531596 50.50000000
2.82253194 -3.44931102 50.50000000
2.58417892 -3.30219293 50.50000000
2.55100298 -3.03992009 50.50000000
2.25031400 -3.13970304 50.50000000
2.05455589 -2.81540704 50.50000000
1.85079801 -2.97983098 50.50000000
1.72398996 -2.71719003 50.50000000
1.52555096 -2.87808990 50.50000000
1.39342403 -2.61897206 50.50000000
1.23650599 -2.79502010 50.50000000
1.06289303 -2.56286907 50.50000000
0.77706599 -2.72589588 50.50000000
0.73236197 -2.50676489 50.50000000
0.31762701 -2.71296597 50.50000000
0.36618000 -2.48588705 50.50000000
-0.00000200 -2.46500897 50.50000000
0.00000000 -2.71784902 50.50000000
-0.49988401 -6.93274784 50.50000000
-0.95789599 -7.45392513 50.50000000
-0.98437202 -6.84255123 50.50000000
-1.73755503 -7.10293293 50.50000000
-1.51913702 -6.67446899 50.50000000
-2.01829696 -6.42265987 50.50000000
-2.39211702 -6.63687611 50.50000000
-2.45092392 -6.05639601 50.50000000
-2.80525088 -6.23410797 50.50000000
-2.79179001 -5.71896887 50.50000000
-3.21320510 -5.69464302 50.50000000
-3.01775193 -5.36455917 50.50000000
-3.47028899 -5.18120193 50.50000000
-3.18573689 -5.02515793 50.50000000
-3.57184911 -4.80017805 50.50000000
-3.27013302 -4.65823698 50.50000000
-3.61493611 -4.34319115 50.50000000
-3.26870894 -4.37479305 50.50000000
-3.26124907 -4.12673998 50.50000000
-3.48112607 -3.92839599 50.50000000
-3.22025704 -3.95435810 50.50000000
-3.28822708 -3.62482500 50.50000000
-3.12448096 -3.76941299 50.50000000
-2.99232411 -3.58684111 50.50000000
-2.97207093 -3.31531596 50.50000000
-2.82253194 -3.44931102 50.50000000
-2.58417892 -3.30219293 50.50000000
-2.55100298 -3.03992009 50.50000000
-2.25031400 -3.13970304 50.50000000
-2.05455589 -2.81540704 50.50000000
-1.85079801 -2.97983098 50.50000000
-1.72398996 -2.71719003 50.50000000
-1.52555096 -2.87808990 50.50000000
-1.39342403 -2.61897206 50.50000000
-1.23650599 -2.79502010 50.50000000
-1.06289303 -2.56286907 50.50000000
-0.77706599 -2.72589588 50.50000000
-0.73236197 -2.50676489 50.50000000
-0.31762701 -2.71296597 50.50000000
-0.36618000 -2.48588705 50.50000000
3.02915597 -3.96753502 50.50000000
3.06106305 -4.11556292 50.50000000
3.01142001 -4.34270191 50.50000000
2.89420104 -4.56114006 50.50000000
2.80458498 -3.99209809 50.50000000
2.91072392 -3.89559293 50.50000000
2.82684708 -3.71384311 50.50000000
2.57130504 -3.77538610 50.50000000
2.51210594 -4.21804285 50.50000000
2.70619798 -4.34240198 50.50000000
2.51358294 -4.69188690 50.50000000
2.23442292 -4.56310606 50.50000000
2.22912693 -5.03757381 50.50000000
2.23972011 -4.08863783 50.50000000
2.24501705 -3.61417103 50.50000000
1.84237099 -4.70964098 50.50000000
1.83956206 -5.28624296 50.50000000
1.84518003 -4.13303804 50.50000000
1.84798896 -3.55643392 50.50000000
1.43902397 -4.82082081 50.50000000
1.41018200 -5.46839809 50.50000000
1.46786702 -4.17324400 50.50000000
1.49670899 -3.52566695 50.50000000
1.02512598 -4.89515305 50.50000000
0.95466602 -5.59519720 50.50000000
1.09558594 -4.19510794 50.50000000
1.16604602 -3.49506402 50.50000000
0.51727200 -3.38905191 50.50000000
0.50512302 -4.14953995 50.50000000
0.49297500 -4.91002893 50.50000000
0.48082599 -5.67051792 50.50000000
0.00000000 -4.95090008 50.50000000
0.00000000 -5.69525003 50.50000000
0.00000000 -4.20655012 50.50000000
0.00000000 -3.46219993 50.50000000
2.91666102 -4.99723005 50.50000000
2.68604207 -4.96520376 50.50000000
2.71968699 -5.34413481 50.50000000
2.35562611 -5.67839718 50.50000000
2.29473805 -5.30208588 50.50000000
1.94548595 -6.01983786 50.50000000
1.87267399 -5.61701584 50.50000000
1.45595396 -5.84258413 50.50000000
1.48754501 -6.25852680 50.50000000
0.95311999 -6.39876080 50.50000000
0.92186898 -5.95497084 50.50000000
0.44811800 -6.46671581 50.50000000
0.39635101 -6.00068283 50.50000000
0.00000000 -6.01178885 50.50000000
0.00000000 -6.48504686 50.50000000
2.99937606 -3.79428005 50.50000000
-3.02915597 -3.96753502 50.50000000
-3.06106305 -4.11556292 50.50000000
-3.01142001 -4.34270191 50.50000000
-2.89420104 -4.56114006 50.50000000
-2.80458498 -3.99209809 50.50000000
-2.82684708 -3.71384311 50.50000000
-2.91072392 -3.89559293 50.50000000
-2.57130504 -3.77538610 50.50000000
-2.51210594 -4.21804285 50.50000000
-2.70619798 -4.34240198 50.50000000
-2.51358294 -4.69188690 50.50000000
-2.23442292 -4.56310606 50.50000000
-2.22912693 -5.03757381 50.50000000
-2.23972011 -4.08863783 50.50000000
-2.24501705 -3.61417103 50.50000000
-1.84237099 -4.70964098 50.50000000
-1.83956206 -5.28624296 50.50000000
-1.84518003 -4.13303804 50.50000000
-1.84798896 -3.55643392 50.50000000
-1.43902397 -4.82082081 50.50000000
-1.41018200 -5.46839809 50.50000000
-1.46786702 -4.17324400 50.50000000
-1.49670899 -3.52566695 50.50000000
-1.02512598 -4.89515305 50.50000000
-0.95466602 -5.59519720 50.50000000
-1.09558594 -4.19510794 50.50000000
-1.16604602 -3.49506402 50.50000000
-0.51727200 -3.38905191 50.50000000
-0.50512302 -4.14953995 50.50000000
-0.49297500 -4.91002893 50.50000000
-0.48082599 -5.67051792 50.50000000
-2.91666102 -4.99723005 50.50000000
-2.68604207 -4.96520376 50.50000000
-2.71968699 -5.34413481 50.50000000
-2.35562611 -5.67839718 50.50000000
-2.29473805 -5.30208588 50.50000000
-1.94548595 -6.01983786 50.50000000
-1.87267399 -5.61701584 50.50000000
-1.45595396 -5.84258413 50.50000000
-1.48754501 -6.25852680 50.50000000
-0.95311999 -6.39876080 50.50000000
-0.92186898 -5.95497084 50.50000000
-0.44811800 -6.46671581 50.50000000
-0.39635101 -6.00068283 50.50000000
-2.99937606 -3.79428005 50.50000000
2.92039299 -4.10927677 50.50047684
-2.92039299 -4.10927677 50.50047684
8.90455246 3.67463303 42.48505402
8.33054256 4.34110498 42.63592529
7.88742399 4.79926491 42.78607178
7.74239397 5.11303997 42.48391724
7.44187593 5.58185816 42.05368805
6.72355509 6.20968580 42.23711395
6.18654203 6.62961578 42.41509247
5.88692284 6.94214582 42.00854874
5.34178305 7.40321922 41.38264847
4.40190077 8.00455475 41.52992249
3.59141994 8.48140144 41.72684860
3.77861500 8.17598629 42.81782532
3.08140111 8.56394482 42.94866943
2.84158611 8.86570168 41.96850967
2.41396689 8.87977409 43.08603668
2.20615697 9.12749672 42.22968292
1.75941098 9.13746643 43.10940933
1.97565699 8.79364967 44.05265045
1.28878403 9.01836205 44.12022400
1.57825804 8.54828835 45.02558899
2.20767498 8.41545296 44.75081635
2.77174902 8.09745026 44.77678299
2.61285901 8.52976990 43.95922089
3.24082398 8.20970631 43.86228943
3.36750102 7.84202194 44.57054138
3.86170912 7.84338903 43.78999329
4.49035978 7.72985506 42.74388123
4.44796181 7.45701885 43.77394104
5.11575413 7.28496790 42.84843445
5.58928490 6.88896990 43.06695557
6.03378201 6.49181604 43.14994049
5.37490988 6.70968199 43.90242004
4.94991302 7.09026289 43.81396484
4.80370712 6.86094809 44.49216080
4.44209623 7.15315104 44.46878052
5.14291382 6.44417715 44.65393066
5.80810308 6.30190897 43.93180084
6.52965498 6.03562784 43.11630249
6.95720100 5.56764793 43.18814087
6.21769619 5.89224815 43.94062805
5.62792206 6.06344986 44.55075836
5.91375208 5.73708487 44.58448792
6.54426193 5.47734880 44.02709198
7.26486492 5.14512777 43.35257339
7.58697510 4.71557379 43.41337967
6.86266518 5.04284191 44.10359192
6.12031412 5.31126404 44.77960205
6.53311396 4.85233021 44.73165131
6.75704098 4.38405895 44.86540222
7.14571810 3.92107010 44.77740479
7.31514406 3.43576193 44.91614151
7.67347193 2.96812010 44.81260681
8.04900646 3.18779492 44.22480774
8.31946087 2.71802497 44.21297455
7.87178802 2.48949003 44.86333847
8.22747135 2.05717397 44.70286179
8.34236908 1.67173004 44.75016022
8.77935028 1.79030800 44.19841766
8.88439941 1.31239998 44.28726959
8.24278164 1.11890197 45.05416870
8.61544418 0.50099802 44.86777496
9.03352547 0.76784700 44.32247925
9.21296501 0.18464699 44.30490112
9.69773483 0.38517001 43.68488312
9.51607323 0.93041301 43.70114136
10.11380577 0.53881299 43.13334274
10.32781410 -0.04920300 43.08064270
10.48433685 -0.67482698 43.06653214
9.86360359 -0.21421801 43.66909790
9.33765221 -0.42456701 44.31222916
9.98043919 -0.83234298 43.67284775
10.56418419 -1.29659498 43.09299850
10.55614471 -1.87758803 43.16447449
10.03281212 -1.43943501 43.70147705
9.43514156 -1.03512096 44.30913544
8.78434753 -0.71248603 44.94818878
8.67451859 -0.05748000 44.94673920
8.92763901 -1.26194596 44.86447525
9.45170021 -1.62372696 44.34176636
10.02128983 -2.02134705 43.74910736
10.47295856 -2.34418392 43.27012634
10.61234283 -2.83220196 43.09992981
10.02707863 -2.60848498 43.73027802
9.39038467 -2.24709105 44.40139771
8.79474068 -1.78534400 45.01134872
8.55979824 -2.51359010 45.19252014
8.27149773 -1.89912701 45.51359558
8.70125008 -3.42562699 44.94501877
9.38693905 -2.94790602 44.35073090
9.47201347 -3.64888000 44.16976929
10.09220409 -3.24145794 43.60126495
10.73583603 -3.45092392 42.89568329
10.84022713 -4.13865185 42.63537598
10.15939713 -3.92289495 43.41084290
9.51279545 -4.30287504 43.98685455
10.17840958 -4.70452213 43.17157745
10.98130226 -4.85553598 42.24253082
10.45704842 -5.42947197 42.58138275
9.95341301 -5.93664694 42.87659454
10.04110146 -6.55065393 42.37892532
9.40611458 -6.32903004 43.21895599
9.37171173 -5.80118799 43.56152725
9.73463535 -5.35117197 43.39688492
9.44869518 -4.86477423 43.88142395
8.86186695 -4.62103701 44.52816772
8.92707634 -4.04007101 44.62354660
8.27528954 -4.98900986 44.93611908
8.13919926 -5.67697191 44.76607895
8.94223022 -5.33306694 44.18974304
8.79929543 -6.03381205 43.99111938
8.80450821 -6.66397715 43.59893036
9.42652225 -6.93546486 42.75520706
8.81195927 -7.25506401 43.13009644
8.23427677 -6.99719620 43.90505219
8.28917122 -7.48725605 43.43783188
7.67739916 -7.36716604 44.09058380
8.02090645 -7.93160582 43.20869446
7.39433193 -7.90834713 43.79923248
7.57217407 -8.51298428 42.87055206
6.77332687 -8.17530727 44.02369690
6.78094196 -8.82510376 43.16620255
6.31678915 -8.58296394 43.92689514
6.19975090 -8.96771717 43.45140839
5.78669405 -8.68478870 44.16546631
5.62386703 -9.26757908 43.29923248
5.14384699 -8.78876305 44.43446350
4.85757113 -9.24253654 43.85915375
4.88419580 -9.81265831 42.60838318
4.19297695 -9.39827824 43.94575500
3.91044903 -9.89134312 43.01795959
4.15413284 -10.46456337 41.30432510
2.96983409 -10.14317894 42.80987549
3.14102888 -10.75279331 40.96692276
2.09149408 -10.68900108 41.46573639
1.10204601 -10.84455776 41.05225372
1.08614099 -10.26140022 42.82579041
2.01151800 -10.17481899 43.04990387
1.63025403 -9.92535973 43.79801559
2.26857591 -9.76462078 44.05796051
1.62517500 -9.56132603 44.64525223
2.12542892 -9.33798695 45.00240326
0.97973800 -9.39058685 45.01203156
0.33818901 -9.26465416 45.20972061
0.44208100 -9.73425102 44.15717316
1.15303099 -9.78817654 44.14037323
0.12312500 -10.14037228 43.01520157
0.12714399 -10.65689087 41.45124435
-0.73539102 -10.15961456 42.59047318
-0.82689500 -10.67296219 41.00649643
-1.68628204 -10.33675861 41.43383789
-1.53230906 -9.84627438 42.98557281
-1.03491700 -9.54862309 44.05446625
-0.29932401 -9.80917931 43.76902771
-0.28006300 -9.39187717 44.76605225
-0.93559003 -9.01109314 45.30989075
-1.65147901 -9.07294846 44.78547287
-1.78323305 -9.46333408 43.80981445
-2.39775395 -9.65495872 42.75284195
-2.27143502 -9.13560677 44.19964600
-2.20456600 -8.72863388 45.10581970
-2.75694799 -8.71997070 44.65854263
-2.79562593 -9.11973953 43.75336456
-3.35678911 -8.76261711 43.93190765
-3.20677805 -8.35190773 44.92423248
-3.71958089 -8.23180485 44.58763123
-3.93355799 -8.53330612 43.71343994
-3.87300301 -9.05599785 42.52995300
-4.44332314 -8.48257828 43.03966522
-4.23544693 -8.10616970 44.16322327
-4.04023504 -7.77944708 44.96839905
-4.52985287 -7.60817623 44.60206985
-4.70291090 -7.98666716 43.68140411
-5.14448881 -8.19147396 42.44301605
-5.12782812 -7.52668524 43.82649994
-4.85384607 -7.14198208 44.85843658
-5.36920881 -6.91196489 44.44823837
-5.58560324 -6.39744616 44.82357407
-5.93983984 -6.65447187 43.87757874
-5.64768219 -7.19282818 43.52773285
-6.16807318 -7.21663284 42.39112854
-5.60856581 -7.63831091 42.74547577
-5.92809296 -8.03201866 41.18373108
-6.55359697 -7.58312702 40.72596741
-6.95991898 -6.87996101 41.15554810
-6.50642586 -6.48592901 43.00442505
-6.25658607 -6.27595806 43.90205383
-6.54716396 -5.86649323 43.89228058
-6.01591015 -6.08817816 44.55327606
-6.19491577 -5.55783796 44.87343597
-6.67203999 -5.20178413 44.49664688
-6.83483219 -4.62545013 44.83584213
-7.24212313 -4.84925508 43.86440659
-7.01526499 -5.44695616 43.54775238
-7.44934607 -5.30502892 42.75604248
-7.13837481 -5.99010706 42.37619781
-7.89475918 -5.56877995 41.09699249
-7.92354679 -4.63910198 42.53192520
-8.42778206 -4.91764688 40.64245605
-8.68685532 -4.09507322 41.10324097
-9.15927315 -3.35321498 40.62086487
-8.61143970 -3.14094400 42.58404160
-8.22181320 -3.89323211 42.79661560
-7.98153114 -3.49376607 43.85325623
-7.84641600 -4.06965399 43.55606842
-7.55170679 -4.36821699 43.84889221
-7.50130701 -3.93068099 44.40034485
-7.50966692 -3.42014694 44.80440140
-7.20437479 -4.33319187 44.53733063
-7.87353420 -2.94721293 44.54733276
-7.83898211 -2.40044498 44.95355225
-8.32942200 -2.48577595 43.97022247
-8.21490574 -3.02252007 43.80581665
-8.84443283 -2.27190804 42.86477661
-9.33537388 -2.46485591 41.08801270
-9.19369411 -1.46150506 42.54470825
-9.71985817 -1.65193796 40.58866119
-9.77853775 -0.73117298 41.07916260
-9.31699562 -0.61794198 42.80020142
-8.90304661 -0.80261701 43.83531570
-8.83614159 -1.32325101 43.72705841
-8.50004768 -1.22282302 44.46392441
-8.45801353 -0.61421198 44.78137970
-8.13634109 -1.80090904 44.78028870
-8.66058731 -1.76956797 43.79190445
-8.74139595 -0.11457600 44.44350433
-9.12011528 -0.20864500 43.58987808
-9.04261780 0.37425801 43.91731644
-8.63209724 0.51573497 44.73943329
-8.86648083 1.05901003 44.31889343
-9.27994728 0.86223298 43.35823059
-9.19990253 1.63074005 43.53246307
-8.67627907 1.77001798 44.59201813
-8.85812759 2.35402799 44.18616104
-9.28709221 2.31409597 43.23564148
-9.06609154 2.94852591 43.58955002
-8.68614197 2.81221795 44.42391968
-8.62716484 3.30872607 44.35489273
-8.95216179 3.48400593 43.67757797
-8.74414444 4.01262712 43.81342316
-8.08191109 3.91933990 44.90030289
-8.28767300 4.69470501 44.31396484
-8.74413872 4.64617777 43.47562408
-8.48209476 5.21497822 43.61508942
-8.08563614 5.15000582 44.42668152
-8.02751732 5.50035000 44.28012848
-8.28376579 5.87651300 43.44548416
-8.80339813 5.59449911 42.31307602
-9.01747227 4.89875412 42.44472122
-9.32727528 5.20115900 40.84996033
-9.53064346 4.30233002 41.12966156
-9.08681583 4.31090784 42.77860260
-9.28664494 3.60021400 42.61784744
-9.85434723 3.36073589 40.71086884
-9.62126064 2.66875291 42.02791595
-9.58946991 1.91697204 42.39993286
-9.70220089 1.09628999 42.02508163
-10.04161835 1.83744895 40.72570801
-10.08696175 2.62279510 40.27904510
-9.05116558 5.96557379 40.76041412
-8.53711987 6.27640486 42.23084641
-8.72176933 6.66917896 40.73661041
-8.22443390 6.91156721 42.19969940
-8.02713203 6.49420977 43.36820221
-7.73078108 6.04908085 44.31399918
-7.55988884 6.66119909 44.11347961
-7.31499910 7.07542896 44.10243225
-7.74398708 7.05494595 43.32353973
-7.39426279 7.55189514 43.34923553
-7.86764002 7.49319983 42.20473480
-8.34678459 7.31909990 40.74893188
-7.93168783 7.91547012 40.78063965
-7.48294783 8.45786476 40.81783295
-7.00828123 8.94283009 40.85018921
-7.03654480 8.52061844 42.24755096
-6.58339691 8.96326065 42.25227356
-6.51404810 9.36432934 40.87295914
-6.11659002 9.34643745 42.23919678
-6.00361490 9.71547699 40.88869095
-5.64102697 9.65663147 42.21925354
-5.47257519 9.99000454 40.91226959
-5.13067198 9.87181854 42.26753235
-4.91371679 10.19430256 40.94259262
-4.57740688 10.04187584 42.30578613
-4.78369999 9.57484055 43.50106812
-5.32195711 9.52439308 43.15269470
-5.27416515 9.10716343 44.01281738
-5.71858501 9.25405884 43.26937103
-5.72992897 8.82016945 44.04756927
-6.15059185 8.90076828 43.33686829
-6.09462595 8.37350273 44.23041153
-6.58240795 8.49153328 43.36655807
-6.55215788 8.00433064 44.14658356
-7.00077200 8.03688431 43.36830902
-6.89740419 7.47721291 44.25569153
-4.66909599 8.96900654 44.63081360
-4.18479490 9.44697857 44.19165421
-4.02437115 8.96841621 44.99885559
-3.65360188 9.33326817 44.60733032
-3.67165208 9.82399654 43.58215714
-4.25196505 9.84677696 43.27408600
-3.99491096 10.16224480 42.33156586
-4.32604694 10.33864307 40.96464157
-3.71008801 10.42289257 40.97633362
-3.06293392 10.44588470 40.97866440
-2.37819099 10.40922356 40.96685791
-2.73130202 10.21979046 42.37516785
-3.38032794 10.22171783 42.35281372
-3.07107592 9.96446800 43.35702133
-3.11221600 9.53113937 44.34555435
-2.57294106 9.29146194 44.83628464
-2.43216395 9.81217766 43.71112061
-2.03261399 10.16301346 42.38261032
-1.64709699 10.31485367 40.92984772
-0.85759300 10.16034603 40.85366821
0.01234300 9.93968296 40.71681976
-0.46201700 9.88982582 42.32588959
-1.28088403 10.05695724 42.36519623
-1.69961596 9.85434246 43.45509338
-1.77724695 9.36488342 44.66886902
-0.95860499 9.64278030 43.76451874
-0.99855697 9.17033768 44.98672867
-0.31867900 9.26045227 44.58219910
0.17409800 8.94998741 45.11130905
0.48784101 9.26709270 44.03212738
-0.15369600 9.58637810 43.47235870
0.49822500 9.63446617 42.33095169
1.11640298 9.33748817 43.12543488
1.55829096 9.38979053 41.77975082
0.96420801 9.66395569 40.40919876
0.82169598 8.78110886 45.09338379
-7.46802616 8.02801037 42.22834778
-10.17355347 1.00163698 40.26867676
-10.01939583 0.26014999 40.68311310
-9.48551273 0.14533800 42.57543182
-7.55867004 -6.32892990 40.65920258
-5.43342590 -8.63956070 40.81699371
-4.72720480 -8.98109436 41.30922318
-4.11730719 -9.52465153 40.92329788
-3.32562399 -9.76143265 41.39481354
-2.58044195 -10.20043755 41.02325439
-3.15728593 -9.28104210 42.93412781
2.68488097 -9.38930893 44.73079300
3.08946109 -9.08540344 45.11246490
3.34228492 -9.52803707 44.13656616
2.81887293 -9.72118855 43.98867035
3.71494794 -8.96464634 44.97612000
4.44159698 -8.84129333 44.77250671
4.76887608 -8.37033844 45.23552704
5.39325905 -8.22942924 45.00093079
6.05571604 -8.16022110 44.61984253
6.37315178 -7.64754295 44.88775635
6.95905685 -7.48072910 44.57949066
7.20369387 -6.93146181 44.83409119
7.71002007 -6.77974081 44.52820587
8.16041660 -6.39285421 44.37531662
5.44455481 -10.38961220 40.68343353
6.00371885 -9.84459877 41.76420593
6.49189997 -9.34526062 42.50296021
7.33653498 -9.20138454 41.98751068
8.21869946 -8.98209572 41.47134399
8.48765945 -8.38121986 42.16270447
8.71757126 -7.81315899 42.66260529
9.39306641 -7.54313898 42.22496796
10.05624676 -7.17664003 41.82721710
9.88628197 1.00682294 43.21781921
9.38664055 1.39755094 43.65194321
9.27286339 1.84171498 43.55430222
9.91249180 1.31100500 43.02755737
9.88716316 1.75645101 42.78227234
9.45074463 2.44105792 42.90655899
9.09373474 2.91678190 43.03665924
8.74678612 2.85053611 43.57337570
8.50460625 3.29057503 43.54489136
7.79280996 3.64669490 44.19346237
7.51442909 4.11284685 44.15353394
7.19346094 4.58482885 44.13478851
7.97188616 4.22109604 43.38515854
8.29032326 3.72530198 43.43270493
9.04275417 3.21965599 42.80816269
9.04714012 2.34379196 43.53096008
8.57994747 2.24429798 44.18897629
3.89325190 7.44848680 44.63244247
